4.581971334920288541e+01
4.116045924918167032e+01
4.081035731486937834e+01
4.066288304940223952e+01
4.073602734765978539e+01
4.101359156792661764e+01
4.145840508164383209e+01
4.203825337633919901e+01
4.270535188751778577e+01
4.342410341518935013e+01
4.417751837523767477e+01
4.492140309216905791e+01
4.564771730519041171e+01
4.633960978106095752e+01
4.697849240262009829e+01
4.754719165156815563e+01
4.802163880776649307e+01
4.839220603270848642e+01
4.864544578395361896e+01
4.877211553785219422e+01
4.875930838127666789e+01
4.861273849860034346e+01
4.832883580333133011e+01
4.793761145483762931e+01
4.744599047406916270e+01
4.691038255055694606e+01
4.636159125498732436e+01
4.586677240850604420e+01
4.547122662008874272e+01
4.516906783051113905e+01
4.495766335792644952e+01
4.488009544792716810e+01
4.487350462390810435e+01
4.493821117073954952e+01
4.506131963170139443e+01
4.525553299445743960e+01
4.551251564488920565e+01
4.582412950165626597e+01
4.618196925427333355e+01
4.654294658841806864e+01
4.689327249986628487e+01
4.721386376751085123e+01
4.747193578377559220e+01
4.764088820769514143e+01
4.773281809622388039e+01
4.777574019586250387e+01
4.775246234007396851e+01
4.770724295340003351e+01
4.763431875638917745e+01
4.747410469775614672e+01
4.730165672651475006e+01
4.699617888196111437e+01
4.661996544859776748e+01
4.606912728606451424e+01
4.537596336996824675e+01
4.454459723108500668e+01
4.354999746756849532e+01
4.247072921685854396e+01
4.144825431432285257e+01
4.088950404637627400e+01
4.103056192178507899e+01
4.186338172925211865e+01
4.312326613727887548e+01
4.428394060905580432e+01
4.531323332784519664e+01
4.612586461923518755e+01
4.670010027316583034e+01
4.711713215151412015e+01
4.742069139432993552e+01
4.765367777753216671e+01
4.786463286285672325e+01
4.808909423342441869e+01
4.828353499403010574e+01
4.843259417036330206e+01
4.854555713283916418e+01
4.861981926704325474e+01
4.864846256258598345e+01
4.866423018820637481e+01
4.866636047271803989e+01
4.865068131359030446e+01
4.861580500476215150e+01
4.855423247719295432e+01
4.845583619110818319e+01
4.833057299540497809e+01
4.817946478555113288e+01
4.800851133405920734e+01
4.784553256533791910e+01
4.767290269365090438e+01
4.752485636100975341e+01
4.740075154375584532e+01
4.721313123275745482e+01
4.698561220010874706e+01
4.674827996590120449e+01
4.645370521355669524e+01
4.620146489715266114e+01
4.602753709615733868e+01
4.599904462024338159e+01
4.611755010920154518e+01
4.640104650902719641e+01
4.684867307487434118e+01
4.735779324075967622e+01
4.792494673360068447e+01
4.842548503062447196e+01
4.881822902430525346e+01
4.907787571005137295e+01
4.924345904131031659e+01
4.931336547459535780e+01
4.924267864329774369e+01
4.909026162473898580e+01
4.885864037286631145e+01
4.856489488781149078e+01
4.819545049879538112e+01
4.779485114886501407e+01
4.737403431869957871e+01
4.703373300976225124e+01
4.676896703702649205e+01
4.672551972386567343e+01
4.692171712440735121e+01
4.712815508802579245e+01
4.738253138767489503e+01
4.764057378258425501e+01
4.789638911415583067e+01
4.811406496036429559e+01
4.836211515216611900e+01
4.858896132499197051e+01
4.882414821337137312e+01
4.902797525205280493e+01
4.918840173591982534e+01
4.926981598473207669e+01
4.934143485470005430e+01
4.929564805851127574e+01
4.923545256986606944e+01
4.908644568006903341e+01
4.885616982022875732e+01
4.853789752054360918e+01
4.812674225443588227e+01
4.758147423070899151e+01
4.698070764618695705e+01
4.636997586029507801e+01
4.582505595714561508e+01
4.550984978495421984e+01
4.540143007452857660e+01
4.555969332166947083e+01
4.594871623877207867e+01
4.645316793558291124e+01
4.701114319882697146e+01
4.753410389844601980e+01
4.794037169795424091e+01
4.807760388246990857e+01
4.805751424872870103e+01
4.779551000620604384e+01
4.736393819780399639e+01
4.686628343534664509e+01
4.621953007192950480e+01
4.572479089334518676e+01
4.531277350724904807e+01
4.508835133190429190e+01
4.498666823942198789e+01
4.495091665702774009e+01
4.488081413970703437e+01
4.476447946197914263e+01
4.474424798416717408e+01
4.475958920154141651e+01
4.488791872957479256e+01
4.524749477768744299e+01
4.571819154981159983e+01
4.611090850445944511e+01
4.650590583503124265e+01
4.674283028226463443e+01
4.698158762941842781e+01
4.716778427438310217e+01
4.732957051395007397e+01
4.736754222547475734e+01
4.731127670135808927e+01
4.718714718049923817e+01
4.695349618749663989e+01
4.655330936160331134e+01
4.596862815420386994e+01
4.516733854487431188e+01
4.433436768613006507e+01
4.332962810891441308e+01
4.230863123181387664e+01
4.144588137969597597e+01
4.079255722747816293e+01
4.090332453105063593e+01
4.190029796340650137e+01
4.325330045858250116e+01
4.454874776036648143e+01
4.555662328356851987e+01
4.634748812359386960e+01
4.681333510222273020e+01
4.705300516071840633e+01
4.719724786034152686e+01
4.715807011988198383e+01
4.707492294867351035e+01
4.659950805049942346e+01
4.618084448059367730e+01
4.565532745101756973e+01
4.528187614226411739e+01
4.503387874003774272e+01
4.523859260079090916e+01
4.573237263789608420e+01
4.642902822931017681e+01
4.713163822997981356e+01
4.777487048172850592e+01
4.835158817026692191e+01
4.875949542161406924e+01
4.891946162460104830e+01
4.895984424355600595e+01
4.884380877482293215e+01
4.865604162136672528e+01
4.842830945545618704e+01
4.816876852848841395e+01
4.803119388698239334e+01
4.794316677811329441e+01
4.801468867262465778e+01
4.818956609138823666e+01
4.839523457312089505e+01
4.857659873799515537e+01
4.879286261749280129e+01
4.890006870758688962e+01
4.901532812325373811e+01
4.882043352495330168e+01
4.861824176350522464e+01
4.823831350080509850e+01
4.790225609143548269e+01
4.749439964274490933e+01
4.719521153302408578e+01
4.711762949248448251e+01
4.736834784912286267e+01
4.777750047727506910e+01
4.821814108754938388e+01
4.878727349833408056e+01
4.935559036111690290e+01
4.988678367705654182e+01
5.036512262582090216e+01
5.067800692299977072e+01
5.095418410683376464e+01
5.131298816874214452e+01
5.140208755538351681e+01
5.156360309817237919e+01
5.167222680081454911e+01
5.172796248209414216e+01
5.173675071620614574e+01
5.163025084007802690e+01
5.146971773330221822e+01
5.129509259448689562e+01
5.111263893630328425e+01
5.095960650417665505e+01
5.077309151802860754e+01
5.072134403084209708e+01
5.064033007445608803e+01
5.059242524044950784e+01
5.066353503420334903e+01
5.083966459958485018e+01
5.116536332708839296e+01
5.152708919029637968e+01
5.188009781784843710e+01
5.230709903317936238e+01
5.263060510670499070e+01
5.289853425990582991e+01
5.310082531382053617e+01
5.325599691833795646e+01
5.327188627794021869e+01
5.322090477471024883e+01
5.307861490231731239e+01
5.282728772890664004e+01
5.247381771238279669e+01
5.216388331834811254e+01
5.187195484531653022e+01
5.146892475273410383e+01
5.127332396130625369e+01
5.114387590083737223e+01
5.116516861693700946e+01
5.129454000885157683e+01
5.151318812716578321e+01
5.164795156398202636e+01
5.179661548185698194e+01
5.183734224955652792e+01
5.182611512845734580e+01
5.180729214547579886e+01
5.174300041545450313e+01
5.170326113148253455e+01
5.165824581880250577e+01
5.157499093617368402e+01
5.145358628552016000e+01
5.138447822445861135e+01
5.134866627406186268e+01
5.137128242158982516e+01
5.130090684049220329e+01
5.126166527708527099e+01
5.118038203213971826e+01
5.102786640679512686e+01
5.081217030058071771e+01
5.062296730515524246e+01
5.043255528046466907e+01
5.021333122326406340e+01
5.004893282151755329e+01
4.993489063128286887e+01
4.980448144505753305e+01
4.972196367856887633e+01
4.963875669284459491e+01
4.953519831742706714e+01
4.934309256153663625e+01
4.917647624080220226e+01
4.888904371456433040e+01
4.856900684910009858e+01
4.824667918355714846e+01
4.788603215994658768e+01
4.754156547398801536e+01
4.723561950872009874e+01
4.684086731843989782e+01
4.615709007763678073e+01
4.543071250158735097e+01
4.454057168449943305e+01
4.354182541417486618e+01
4.259252315674181943e+01
4.204338505769217704e+01
4.153962969912410585e+01
4.140164574845651657e+01
4.151261083715547073e+01
4.160747867212413098e+01
4.174063872540911291e+01
4.204685907923896337e+01
4.253995946767183511e+01
4.276335841910560021e+01
4.322534683559879198e+01
4.309777758671718573e+01
4.343652535615456145e+01
4.349222050231270487e+01
4.390644482827031680e+01
4.425747551012082681e+01
4.453447992838786718e+01
4.499576627578409216e+01
4.551353068871300422e+01
4.605715706710955715e+01
4.648736404643206299e+01
4.696269505565867064e+01
4.727577071639732509e+01
4.747568808917192484e+01
4.757589311681840627e+01
4.758150005279729555e+01
4.736501507860869253e+01
4.700735654086072657e+01
4.641538857756012249e+01
4.563417155817349169e+01
4.485438682405226984e+01
4.445910594888498935e+01
4.420327806670023563e+01
4.440706887728403984e+01
4.476155148992474153e+01
4.527467553543392143e+01
4.578411733998165545e+01
4.624312290557365657e+01
4.668026507951345394e+01
4.698678592265346765e+01
4.725092788358695373e+01
4.739233572568286945e+01
4.745082239498039911e+01
4.727926736826685783e+01
4.706668515070661840e+01
4.687321380253674619e+01
4.661889390278054179e+01
4.632784142875165401e+01
4.592618128009665668e+01
4.553093503910231732e+01
4.520274479366622700e+01
4.469517046633602320e+01
4.424929599377685463e+01
4.379719727565046838e+01
4.359613800061688949e+01
4.344827447432503220e+01
4.355190223385445591e+01
4.394337461984164861e+01
4.431883881190074703e+01
4.444080140261065281e+01
4.456490680177496699e+01
4.454725332910471280e+01
4.450436796874757306e+01
4.432327109777573071e+01
4.407489143405841503e+01
4.428673718446999885e+01
4.406499224059521680e+01
4.420581278499633981e+01
4.472408085001195843e+01
4.500654372984585194e+01
4.546498536129373491e+01
4.601940311626999858e+01
4.640301351642511918e+01
4.657873964727913574e+01
4.671385036862837126e+01
4.673888550270621778e+01
4.658563764160461318e+01
4.626229445018682895e+01
4.582611667592673399e+01
4.527413522629633746e+01
4.490422674183500362e+01
4.444963041402787240e+01
4.440104010109224930e+01
4.434103782746760203e+01
4.436504539148292281e+01
4.458263576941946837e+01
4.473082562273430085e+01
4.485522728791923441e+01
4.498075775727848935e+01
4.509156001997002505e+01
4.499752520844559456e+01
4.492250842349743323e+01
4.476155312139215425e+01
4.443373066737783716e+01
4.427901100322698369e+01
4.430653343778338638e+01
4.435889307512449875e+01
4.484823420620598711e+01
4.531584862908920286e+01
4.573768647553222166e+01
4.634658953547778282e+01
4.677381417437803179e+01
4.715065946684976694e+01
4.766899058413621049e+01
4.680068093168423360e+01
4.706888732842186585e+01
4.722252337830389735e+01
4.746227253544140012e+01
4.760084391752418043e+01
4.754412814410954269e+01
4.769050548795574684e+01
4.761129600675055684e+01
4.799162236712344054e+01
4.846181756284184416e+01
4.865122675299634381e+01
4.874416498086000615e+01
4.909209031144130364e+01
4.914753807913680106e+01
4.919979149108969096e+01
4.896605235034606807e+01
4.883921898646413950e+01
4.886830252074402381e+01
4.883733302645289598e+01
4.885625165050291940e+01
4.885953889984581622e+01
4.922650713993505178e+01
4.931880276035052191e+01
4.937853229041007097e+01
4.961539905266306505e+01
4.972323127274248122e+01
4.961259478089154840e+01
4.953269547783791182e+01
4.935796455571268382e+01
4.916545413393485831e+01
4.892640914135935759e+01
4.863576036537183711e+01
4.839780372836371214e+01
4.804856489148647825e+01
4.772983622981904261e+01
4.734124215487810972e+01
4.717305905833457302e+01
4.702209636416904459e+01
4.696017351764290737e+01
4.698418604306808533e+01
4.702301739496154198e+01
4.707551341885835683e+01
4.719816693696076015e+01
4.728567972321432933e+01
4.720143486946267330e+01
4.718189091324600781e+01
4.699951934957275768e+01
4.693764886988591911e+01
4.674837299189843520e+01
4.640201968656027987e+01
4.596313347281497386e+01
4.562103395547281792e+01
4.553167917069379200e+01
4.546437936014891079e+01
4.518546228185478242e+01
4.501351138127169094e+01
4.497954925138132865e+01
4.478143199431075061e+01
4.451832463920265326e+01
4.389686010943069050e+01
4.351398245194410208e+01
4.247548303569655559e+01
4.135720327603524993e+01
3.990246239085722380e+01
3.824192957091897682e+01
3.673641706614530023e+01
3.603131077536136928e+01
3.649282262081412398e+01
3.740738084949864373e+01
3.880130709015957535e+01
4.083103945726649187e+01
4.241080020134950246e+01
4.405607093352194426e+01
4.528082801548718805e+01
4.631465784436160504e+01
4.713519814486264892e+01
4.774267693154143188e+01
4.803189661237447439e+01
4.803327557998873942e+01
4.787902406374066544e+01
4.756049243385192682e+01
4.726155515402357565e+01
4.691779759253728344e+01
4.646017196557764350e+01
4.575734939422109449e+01
4.494399814558011741e+01
4.425153233039136325e+01
4.341911414183407203e+01
4.228927404524766587e+01
4.186541552087867046e+01
4.146990198895348811e+01
4.137150394090876659e+01
4.144933812059259992e+01
4.206914619264377109e+01
4.297860742396083111e+01
4.410754436274318380e+01
4.467654686710071132e+01
4.541850023105168077e+01
4.568499995830175919e+01
4.618704728116027525e+01
4.644279306121775619e+01
4.671319799995347921e+01
4.658790801684902760e+01
4.613559934158884346e+01
4.613186155775068897e+01
4.619570195327401763e+01
4.594227673512146737e+01
4.611182464254265767e+01
4.605336859661363746e+01
4.638975306184094194e+01
4.662503430901297463e+01
4.715471413900050379e+01
4.756191004291407864e+01
4.790656918801096964e+01
4.814638520654661846e+01
4.839239830658012664e+01
4.848980234976751547e+01
4.843312395316942798e+01
4.828447403260517490e+01
4.810102668234445389e+01
4.788058162851277189e+01
4.741436540911530528e+01
4.690505294308279360e+01
4.637627438321597140e+01
4.575033818064943603e+01
4.532841695381829794e+01
4.538685001568245525e+01
4.547281586968802003e+01
4.604994910175822298e+01
4.696750494522959940e+01
4.716263965803634051e+01
4.785854455114107964e+01
4.849430683433354261e+01
4.855899160038113394e+01
4.844551826521167470e+01
4.833210469779175611e+01
4.833478315002469827e+01
4.806288157832391761e+01
4.738975433909037349e+01
4.697135509762642158e+01
4.660669556810032077e+01
4.608664050456516748e+01
4.561690217890684806e+01
4.516259302340270665e+01
4.489580710327550150e+01
4.464484478851308324e+01
4.467701268072021037e+01
4.500608883289898898e+01
4.528005939396302182e+01
4.548893509293212389e+01
4.620908547159950075e+01
4.667016203117377415e+01
4.727792336791709005e+01
4.796824090277088715e+01
4.833123988848173269e+01
4.874576712953842872e+01
4.889877797115680380e+01
4.920787303856193518e+01
4.898361251486807788e+01
4.890274893257584665e+01
4.862698242598754206e+01
4.829704782131063467e+01
4.787777176266739332e+01
4.760492302116352903e+01
4.736146159848418336e+01
4.701499946078909886e+01
4.687108565897723622e+01
4.677336375470027718e+01
4.684877643898047950e+01
4.667812275517792386e+01
4.662727150312682056e+01
4.631549543195585272e+01
4.595386641217137935e+01
4.540921897965827014e+01
4.426897988047630861e+01
4.301271420571450221e+01
4.224380602926053285e+01
4.145600532603204158e+01
4.196148108868314353e+01
4.303109555187539570e+01
4.483620124012142583e+01
4.569292365144497126e+01
4.694230738855981144e+01
4.772801386704667692e+01
4.851149199618038921e+01
4.900859042900862050e+01
4.969038963535170694e+01
4.976303286598827924e+01
4.991286061596177603e+01
4.982430311162352154e+01
4.964453695344815998e+01
4.951348996517155143e+01
4.926418553845222448e+01
4.891540568321808280e+01
4.873511242558946321e+01
4.821779152970204763e+01
4.803259056855083742e+01
4.823692569384706985e+01
4.842896577348746234e+01
4.871179219173842512e+01
4.912357884002125274e+01
4.928859169775578408e+01
4.959836932284744648e+01
4.950179810966756122e+01
4.969848844633989415e+01
4.956639692120705831e+01
4.947453612990354799e+01
4.925994601183155908e+01
4.861035218849821860e+01
4.809691735668352663e+01
4.791769441027906140e+01
4.754684945381835348e+01
4.793921014258451407e+01
4.862908331853687827e+01
4.879976632565448824e+01
4.931928642571638477e+01
5.014151845631229065e+01
5.009040333990556348e+01
5.061298239329462945e+01
5.141315669739654481e+01
5.175947924896740204e+01
5.193513181886621055e+01
5.218903112623497975e+01
5.236794527047953807e+01
5.223810043673059056e+01
5.222996917130529937e+01
5.206467349610605311e+01
5.199036180810192320e+01
5.156491527263004571e+01
5.142779736152637327e+01
5.122937233726887740e+01
5.088716721091182649e+01
5.041823916450184839e+01
5.013256301948439386e+01
5.040183385256015214e+01
5.069036382379267280e+01
5.096161703456064629e+01
5.168032433223748967e+01
5.228929801324508020e+01
5.262848377627214091e+01
5.283974858057057133e+01
5.303267980763563116e+01
5.301338081860029661e+01
5.280005982685597843e+01
5.248802190753504249e+01
5.206837168595615850e+01
5.174711902929494300e+01
5.123975168176221473e+01
5.100789139983174181e+01
5.055340921643283991e+01
5.012024566339856335e+01
4.988276632748119255e+01
5.005140694626781084e+01
5.039908383305536432e+01
5.060773467198343667e+01
5.087158471369360058e+01
5.103158173711860712e+01
5.118613735371533835e+01
5.126091419807238481e+01
5.112071812556787620e+01
5.097277175359660362e+01
5.093075825750857888e+01
5.070128433542771518e+01
5.027013650516876453e+01
4.971324413582324553e+01
4.878878223892031230e+01
4.817915964655121996e+01
4.686827736942429823e+01
4.618105369094708124e+01
4.552763724482224461e+01
4.508621013275060108e+01
4.490580507785757902e+01
4.496116537979845873e+01
4.558430755185444383e+01
4.591749606077912915e+01
4.676358509540672515e+01
4.690294340176911447e+01
4.732568805048977367e+01
4.797478255387696322e+01
4.849922447899869837e+01
4.861237176492984702e+01
4.837314284229336181e+01
4.801520745103744048e+01
4.817414221798315310e+01
4.819409240276183937e+01
4.822823372967343403e+01
4.860941457744358729e+01
4.895873875834212186e+01
4.904584162958211380e+01
4.941863320801191151e+01
4.957028753401728949e+01
4.971459558787947230e+01
4.963555112173171580e+01
4.913385338291669768e+01
4.883502478811827530e+01
4.847080421849683063e+01
4.803157149054904806e+01
4.804576653281931442e+01
4.793370424713490507e+01
4.794829154684710204e+01
4.806617208795523766e+01
4.793611152201108183e+01
4.760752998947732806e+01
4.752188410959288944e+01
4.785776153958692447e+01
4.826123564059562909e+01
4.817241923353321909e+01
4.861702676914541144e+01
4.839882494583979167e+01
4.853345246202693630e+01
4.869952594281971869e+01
4.943263518043838900e+01
4.949362400367435555e+01
4.977741340514150181e+01
4.986893247742442270e+01
4.964932499383687059e+01
4.952338806863011911e+01
4.973529191535241267e+01
4.884745836575768863e+01
4.874805322399716090e+01
4.878991173970003814e+01
4.846938350519459959e+01
4.874412207375854678e+01
4.884118656719593332e+01
4.948247555810019094e+01
4.995763972854619084e+01
5.064815719008814199e+01
5.103439205382933608e+01
5.109961393836377397e+01
5.119031781617635346e+01
5.104062501731704060e+01
5.060098769566935317e+01
5.054268361026699807e+01
5.034273372424362947e+01
5.012611308168010282e+01
4.993458673501039158e+01
5.002946652922412341e+01
5.017152988365056387e+01
5.002129541216309150e+01
4.977542391287202150e+01
4.983845456896319348e+01
4.947892588362060451e+01
4.919008596324130167e+01
4.909954016949463806e+01
4.892827655701567124e+01
4.910019948534147716e+01
4.869702961950309827e+01
4.884617941133792840e+01
4.944905634693675722e+01
4.996557265446759288e+01
5.055870612520918428e+01
5.109244703765946127e+01
5.155607971489713748e+01
5.202356770631499927e+01
5.253771241235775591e+01
5.289525799296926323e+01
5.329033463458085151e+01
5.359361406447777654e+01
5.377593291847568935e+01
5.401115427315099282e+01
5.410768702697915700e+01
5.422518646771999329e+01
5.426398068196035496e+01
5.437061792999895715e+01
5.462296316117692641e+01
5.479043655032364768e+01
5.511010688363391807e+01
5.516687202322351169e+01
5.536362738105012937e+01
5.535736484788903056e+01
5.531727221654244886e+01
5.513262165326856490e+01
5.496050330989356070e+01
5.414928169317296636e+01
5.403486449219183640e+01
5.360836825241894132e+01
6.475420065266523295e+01
6.544389488404988242e+01
6.544966468297114659e+01
6.547766013290603837e+01
6.547179983675853521e+01
6.546481427434663658e+01
6.552187465452111326e+01
6.547911393577891204e+01
6.549120680084583057e+01
6.556641681059380744e+01
6.547603538687206992e+01
6.554015849153755369e+01
6.557914748567601748e+01
6.549980522328615962e+01
6.558307074048195773e+01
6.557123910266216171e+01
6.555616115217117112e+01
6.560430991174978033e+01
6.557380446602520863e+01
6.560733597746933299e+01
6.562114071305828134e+01
6.559411321361928060e+01
6.563315926033334335e+01
6.565313700794621354e+01
6.561839625051712233e+01
6.564583104983672968e+01
6.569061952537305160e+01
6.564920630535895896e+01
6.565955840282883571e+01
6.571515060257699758e+01
6.569038766150434583e+01
6.567816046847718781e+01
6.572848390622783654e+01
6.573171955817305445e+01
6.570334736870064773e+01
6.574848207012632884e+01
6.575460285145804562e+01
6.573621830706086655e+01
6.578020470072888770e+01
6.576150267499127722e+01
6.577554674972036253e+01
6.581424049136253984e+01
6.576965824346338252e+01
6.581313392409464313e+01
6.583174026819806102e+01
6.580753158534581360e+01
6.583822608080647854e+01
6.583450789388088253e+01
6.586488517135580878e+01
6.585793994208523827e+01
6.584119115911275344e+01
6.590639252817385341e+01
6.588649528902689667e+01
6.586607942310637043e+01
6.591724647420413419e+01
6.592882893742923045e+01
6.590773345762502800e+01
6.591588901646875343e+01
6.596144669219738432e+01
6.595026999876625950e+01
6.593556905619435327e+01
6.597693140636906151e+01
6.597836856555494478e+01
6.598377383421031084e+01
6.598563127351289381e+01
6.599289236638379919e+01
6.603967337456086284e+01
6.599996766271897286e+01
6.600723117257511774e+01
6.607709567295634656e+01
6.602596153091072040e+01
6.603702703864212253e+01
6.608792738291586488e+01
6.606218513589416830e+01
6.607374825759336545e+01
6.609574570877909139e+01
6.609753460332301245e+01
6.610345764088188503e+01
6.611633716071325750e+01
6.612776908587085245e+01
6.612545886668623041e+01
6.614728619690423272e+01
6.615577531259714306e+01
6.614917544088572754e+01
6.617033966628166297e+01
6.618606750550236484e+01
6.618229732811811061e+01
6.618335776337372067e+01
6.621912243317848379e+01
6.621626182202220434e+01
6.619834118967847303e+01
6.625182199961687957e+01
6.623552631852808759e+01
6.623467901508738009e+01
6.627733414464336192e+01
6.624446153525093450e+01
6.628721579562092359e+01
6.629529971151372081e+01
6.625931240438023906e+01
6.632752193845607280e+01
6.631910189639312136e+01
6.629130767962281823e+01
6.633959688956841205e+01
6.635472301861155131e+01
6.633319171096835021e+01
6.633589648048538834e+01
6.639602930049017004e+01
6.636790050206126068e+01
6.635107370476715971e+01
6.642418171227286905e+01
6.639103813641874297e+01
6.639559919386576325e+01
6.643163132074282373e+01
6.641278667497763877e+01
6.645529063268823222e+01
6.642958679283174206e+01
6.643936150109159655e+01
6.650326047847070754e+01
6.644252337921243168e+01
6.646657834329302261e+01
6.652854551877886990e+01
6.647757936024353853e+01
6.649081102290988099e+01
6.654504869757006702e+01
6.651722712881620225e+01
6.652385582162239075e+01
6.655322423073192795e+01
6.655224424331306921e+01
6.656773648971473278e+01
6.655708482384379465e+01
6.658836234115301522e+01
6.660516416486377977e+01
6.657053628595323858e+01
6.662302521939160727e+01
6.662132275172200480e+01
6.661346217245008461e+01
6.664255258010280158e+01
6.663093055815085108e+01
6.667296587205387937e+01
6.664150995786428666e+01
6.666346251139920298e+01
6.670862936569639601e+01
6.665641364211241182e+01
6.670094412749996593e+01
6.672348841388871676e+01
6.669683310126417553e+01
6.672230017393948742e+01
6.674104940478395065e+01
6.673560613373243200e+01
6.674536068636170683e+01
6.676657578220235223e+01
6.675756471422261029e+01
6.678724608299923204e+01
6.677831072266363321e+01
6.678620763015608475e+01
6.682855184971444373e+01
6.678459002662481225e+01
6.683086092128988298e+01
6.684018462155341922e+01
6.682400299216932638e+01
6.685836612992460459e+01
6.684839208528069321e+01
6.688305317562289076e+01
6.685789736156199581e+01
6.688326036998044799e+01
6.692110230068767862e+01
6.686477331936163182e+01
6.692964663347125054e+01
6.693059518394072427e+01
6.690856361292028964e+01
6.695168353525839677e+01
6.694537247326931606e+01
6.695571176053478268e+01
6.696147152251518264e+01
6.697627491552201207e+01
6.698536696166061688e+01
6.699038235240331574e+01
6.699738603496503231e+01
6.700983283923903855e+01
6.703035821735869604e+01
6.701062968679674725e+01
6.703969106841324788e+01
6.706480433679830355e+01
6.703498639450597807e+01
6.705800498859989034e+01
6.710548389809355285e+01
6.706097676775046068e+01
6.707488260440671013e+01
6.714496711435238296e+01
6.708133754754503286e+01
6.710722208443466741e+01
6.716169932899640571e+01
6.712104591474945892e+01
6.713195750106464743e+01
6.717161044105699830e+01
6.717476943247659449e+01
6.713899998780398448e+01
6.720439711864437982e+01
6.720453534256931505e+01
6.716415962918864579e+01
6.723418164937444885e+01
6.721543142858214992e+01
6.721859134645170286e+01
6.723656087236227563e+01
6.725151151378470615e+01
6.725314039789340370e+01
6.724884286914668508e+01
6.729619188811872732e+01
6.725716525045324090e+01
6.730257675674576490e+01
6.730237862950039585e+01
6.728524270740913948e+01
6.735197688093397517e+01
6.729466401543422194e+01
6.734435421604963778e+01
6.736260214595054663e+01
6.732311225937709764e+01
6.737957792233578402e+01
6.737321518769634565e+01
6.737174098232046049e+01
6.738727602129083039e+01
6.741208347132003098e+01
6.740039767043884922e+01
6.741264195812979665e+01
6.743615666543468024e+01
6.742804625940679841e+01
6.745069949410508059e+01
6.743950728246454673e+01
6.747716100992900579e+01
6.747076761243771159e+01
6.745718067249217142e+01
6.751981296065241622e+01
6.748792870042021264e+01
6.748789261190273692e+01
6.754340633973821184e+01
6.751918802180513524e+01
6.751516557993136303e+01
6.756706840471687769e+01
6.754893290353567181e+01
6.754845307854931491e+01
6.758353420068534945e+01
6.757609057701581889e+01
6.759452393910537182e+01
6.758593743019629585e+01
6.761618922740440496e+01
6.762152250424600197e+01
6.760443552061809669e+01
6.765446686185713077e+01
6.764220306204205713e+01
6.764448962375941221e+01
6.765998209033627120e+01
6.768488703037490950e+01
6.767848399840131890e+01
6.766504372933876255e+01
6.773494411468249154e+01
6.769582628121014523e+01
6.769358767985409031e+01
6.776206459110022706e+01
6.772048016361733858e+01
6.772105604698506909e+01
6.778635942275249704e+01
6.775211942510658503e+01
6.774819057724366189e+01
6.781762723819446137e+01
6.776203864400999066e+01
6.780468018118698126e+01
6.782220800149836748e+01
6.778741149403056454e+01
6.786100940971272166e+01
6.780240636477439864e+01
6.785120658695281293e+01
6.787565943318645623e+01
6.781816578522176542e+01
6.790102644652002084e+01
6.787457713687858529e+01
6.787351014124087101e+01
6.790781293037422017e+01
6.790790456394778118e+01
6.790988798612724509e+01
6.791849114802145948e+01
6.795413643427637851e+01
6.791709130800059313e+01
6.797025879822412264e+01
6.795672874611386760e+01
6.795354539578769959e+01
6.801077312653768558e+01
6.795249439112858170e+01
6.801378696185973638e+01
6.801994021050808215e+01
7.038988551394710669e+01
7.043434712687624710e+01
7.040990321391522855e+01
7.039681245151132316e+01
7.041386929936496131e+01
7.040558802510932424e+01
7.039901194960607711e+01
7.038883704561860100e+01
7.040411751027619403e+01
7.039732341554812933e+01
7.036410838394229472e+01
7.040637983770945141e+01
7.038987400576519349e+01
7.034857446743497178e+01
7.040584786277169371e+01
7.036933331177786499e+01
7.036109252509946543e+01
7.037771770851382769e+01
7.036566837789291640e+01
7.037079586975811196e+01
7.033617421990774687e+01
7.038410041750572077e+01
7.035468538566270524e+01
7.031914325167025481e+01
7.039109260979464011e+01
7.033404520053790066e+01
7.032200710890334960e+01
7.037013428573820306e+01
7.033248868657997832e+01
7.031445910862262849e+01
7.035784383838671374e+01
7.032337329261045511e+01
7.031032647525957202e+01
7.034793713321968767e+01
7.030117726630838604e+01
7.033177414116808279e+01
7.031189327500399600e+01
7.030141181794772365e+01
7.033671137512264693e+01
7.027758621075733458e+01
7.032090589680844062e+01
7.030422680885834552e+01
7.028509546690530385e+01
7.031154854855293479e+01
7.027877690678182887e+01
7.030414990560093713e+01
7.028049954584943748e+01
7.027918952321141433e+01
7.029865014343003793e+01
7.026726456301173585e+01
7.027284257029452874e+01
7.028749298289235981e+01
7.026692457107893119e+01
7.025214754082637114e+01
7.028968735378306576e+01
7.025370697736352099e+01
7.024588914189619970e+01
7.028007626930948959e+01
7.024009078451271648e+01
7.025111490919178436e+01
7.025258571345807468e+01
7.024635908372758308e+01
7.023858756875610254e+01
7.024214291992171866e+01
7.024403291885724343e+01
7.022282949894923831e+01
7.024624031869940666e+01
7.021737561707418251e+01
7.022974001027695579e+01
7.023607017983476908e+01
7.019213189540532483e+01
7.024388161107785322e+01
7.021624804009154275e+01
7.018151450883625841e+01
7.024295323273723568e+01
7.020441600380783598e+01
7.017214889918926701e+01
7.023597955909795587e+01
7.019490010311565698e+01
7.016978152439745031e+01
7.022125578805309942e+01
7.018491911306935549e+01
7.017889084454066051e+01
7.018859012823216403e+01
7.018816615037890472e+01
7.017857565183223301e+01
7.016046266060286030e+01
7.019633004766548368e+01
7.016022214338633489e+01
7.015891212800177357e+01
7.017800539266532667e+01
7.016280359306350078e+01
7.015285466465748243e+01
7.015223565578224907e+01
7.017746464005571738e+01
7.012449567470335410e+01
7.015500366788658937e+01
7.016439932805978685e+01
7.011502402657143307e+01
7.016152563094448169e+01
7.012727445039345753e+01
7.013924237672409845e+01
7.013438940374274466e+01
7.011500702950183950e+01
7.015301960270384996e+01
7.010053087345612255e+01
7.012937288763636445e+01
7.012776958197618171e+01
7.010284182141874965e+01
7.012453491496879110e+01
7.010107127590501364e+01
7.011905569801433558e+01
7.009654369363833837e+01
7.009986863359550568e+01
7.011005887097523726e+01
7.008884034795441664e+01
7.009746462047819193e+01
7.008910762379409221e+01
7.009579554064232809e+01
7.008152025251220607e+01
7.007413466816447567e+01
7.009998347528510010e+01
7.006367065829338969e+01
7.006506348008534246e+01
7.009744888845500554e+01
7.005349608022871166e+01
7.005442644090085480e+01
7.009199010553709286e+01
7.003993508713358551e+01
7.005901690676890325e+01
7.006545890233253715e+01
7.004119315924850753e+01
7.006323278169719515e+01
7.002590238988608462e+01
7.006348890431016230e+01
7.004570712386238540e+01
7.000608972890816517e+01
7.007314828170278531e+01
7.002757970233713536e+01
7.000677295359568575e+01
7.005723183452445824e+01
7.002183808420065247e+01
7.000273791190258521e+01
7.003921394249007903e+01
7.001876105694711327e+01
7.000017524491437371e+01
7.002711586384272380e+01
7.000185451729016961e+01
7.001203987751510738e+01
7.000190588761070387e+01
6.999404616100642329e+01
7.002019698279750060e+01
6.997433100515691251e+01
6.999877322931328649e+01
7.000466368982171161e+01
6.997257405102655525e+01
6.998610449231223640e+01
6.999010194779202720e+01
6.998617540239600032e+01
6.995295339785420197e+01
6.999941596594858595e+01
6.997155646842921328e+01
6.994556952154640328e+01
6.999481048006596495e+01
6.994507397209680732e+01
6.996629107986228746e+01
6.995513975610255386e+01
6.995147812067115467e+01
6.996689230390401804e+01
6.992477271877123712e+01
6.996723598032224345e+01
6.994092245719910750e+01
6.992730778150354354e+01
6.996072085679440988e+01
6.992489172992161173e+01
6.993502444053515887e+01
6.993554081357703467e+01
6.992559202209758951e+01
6.992504782143377895e+01
6.992682595553014835e+01
6.991258412427286828e+01
6.991835479865224556e+01
6.992771204030219678e+01
6.988785436372594972e+01
6.992347804256199595e+01
6.991721982933763968e+01
6.987643390677266098e+01
6.991686133505493217e+01
6.990928973180784567e+01
6.987656973334003396e+01
6.989841525424756696e+01
6.990802808137176783e+01
6.987182783410553100e+01
6.988323167656191970e+01
6.990156789937863380e+01
6.987213481403037463e+01
6.986587445473220725e+01
6.988805495979157456e+01
6.988322186600179009e+01
6.984214628613707987e+01
6.988107275635802296e+01
6.988040773727105659e+01
6.983545333515067455e+01
6.987028092360893083e+01
6.986553632217992060e+01
6.984988722306097486e+01
6.984122155295588641e+01
6.986409333272132471e+01
6.984703516441391002e+01
6.982524351691158415e+01
6.986833297535784482e+01
6.982124957144858968e+01
6.983936108553670863e+01
6.984472997378485104e+01
6.981218489889465673e+01
6.985909884236215817e+01
6.979670195601531191e+01
6.983443432871854384e+01
6.984818905676829104e+01
6.977402959266508731e+01
6.984737529535703970e+01
6.981473455900116676e+01
6.979198827637299019e+01
6.982027449548996856e+01
6.980454385707004406e+01
6.980492621289943145e+01
6.979308403746686906e+01
6.979867068404963959e+01
6.980219578918571699e+01
6.978336992359317037e+01
6.978870246237386255e+01
6.979803663600351626e+01
6.977424884217518297e+01
6.977896816612185660e+01
6.979426354550085421e+01
6.975924244756107839e+01
6.978699111541529021e+01
6.976772804782736159e+01
6.975684065895946162e+01
6.979567586264022339e+01
6.972956080740480900e+01
6.977390281412814943e+01
6.978177118987568406e+01
6.971496671845147830e+01
6.977508254950447508e+01
6.976509364184059336e+01
6.971897344000348085e+01
6.975802122327853283e+01
6.975706240498774946e+01
6.972127615224118813e+01
6.974222687561331213e+01
6.974643712337594081e+01
6.972305464134349506e+01
6.973569305906796956e+01
6.972081729895444369e+01
6.973804272759095113e+01
6.972180168501091657e+01
6.970294226878358756e+01
6.974635604379356835e+01
6.970542141221920929e+01
6.969826089374060984e+01
6.973344765518081090e+01
6.970489653634126626e+01
6.969285956904899137e+01
6.971563489940288605e+01
6.970676144951643494e+01
6.968842319915349037e+01
6.970074421452399349e+01
6.969692896565821627e+01
6.970050955728802933e+01
6.967428871799572221e+01
6.968994935532288082e+01
6.971440463662344200e+01
6.964122189155850151e+01
6.970439929540806645e+01
6.970010355294556348e+01
6.963154586850721728e+01
6.971338439346594384e+01
6.966830690977835161e+01
6.966193524660374692e+01
6.968261651873834239e+01
6.965606218378063375e+01
6.968628399036282417e+01
6.964099927866288908e+01
6.967100776824318586e+01
6.966999370485291365e+01
6.963466667422505907e+01
6.967727863228883223e+01
6.964155836586786563e+01
6.964949177830756355e+01
6.965934658230430898e+01
6.963554049838062099e+01
6.965371974955007772e+01
6.964630732160398452e+01
6.963375167886306372e+01
6.964120820132714584e+01
6.965052469485442543e+01
6.962349300484305559e+01
6.963426319921363472e+01
6.965072416497804397e+01
6.961685685231101672e+01
6.963311471013193454e+01
6.963484318046550925e+01
6.962871670446239136e+01
6.962323796027008882e+01
6.962223090657138869e+01
6.964135387763050744e+01
6.960852571863516403e+01
6.961865745999554633e+01
6.964161369332066442e+01
6.961263290403817905e+01
6.960782591283827969e+01
6.963569049343493589e+01
6.962633052866037531e+01
6.959543362674747868e+01
6.963304067401509201e+01
6.963128686201937967e+01
6.959963661688308889e+01
6.962032329369434080e+01
6.963738800076119162e+01
6.960974014519688069e+01
6.960344944395684763e+01
6.965255719285022451e+01
6.961001263234537362e+01
6.960949022857457180e+01
6.965075903454314243e+01
6.961031547479851156e+01
6.963693283602134443e+01
6.962626825575786427e+01
6.962645031909347892e+01
6.966050444634764460e+01
6.960793964745862183e+01
6.965067598601243049e+01
6.966295211054264769e+01
6.962337097419205634e+01
6.965654136908439398e+01
6.966480263882667145e+01
6.965381189617302482e+01
6.965147932900303829e+01
6.968492205936829009e+01
6.967215491131689475e+01
6.966359810987601975e+01
6.969628121872888471e+01
6.968650699943843563e+01
6.969248689088934157e+01
6.969431498007062942e+01
6.971545704153194833e+01
6.971145897285228443e+01
6.970230058710191656e+01
6.974226054515752082e+01
6.971802832097802138e+01
6.973760102676322958e+01
6.974764490521336313e+01
6.973915780442234791e+01
6.977419874628662910e+01
6.974400240182819743e+01
6.977808252359864127e+01
6.978779204948897075e+01
6.976818033969135513e+01
6.980570385828643509e+01
6.979230887566301078e+01
6.981404646777203027e+01
6.981345123021948496e+01
6.981118844811180679e+01
6.985293357618506604e+01
6.982440559325408458e+01
6.984036231070288636e+01
6.987075903264707222e+01
6.985718979117299909e+01
6.986306555600191359e+01
6.988195976759334371e+01
6.989687167642327381e+01
6.988448969926787413e+01
6.989295749467382279e+01
6.993256954192436581e+01
6.991611393167116262e+01
6.990367236117093341e+01
6.996361479237808112e+01
6.994566195839179557e+01
6.992231562582557558e+01
6.999119354253832626e+01
6.996515303217631754e+01
6.996357267566312998e+01
6.999468518208517764e+01
6.999675487007918662e+01
7.001461278517651010e+01
6.998609707235907251e+01
7.004076069586965048e+01
7.004166524833563301e+01
7.000288940609314636e+01
7.007241461971895546e+01
7.005405012847484159e+01
7.005554749099897549e+01
7.007237229276965707e+01
7.008014762132451381e+01
7.010599761705836386e+01
7.006747062624164357e+01
7.012293275530788605e+01
7.012915569120258397e+01
7.009258070255887674e+01
7.015422776225010182e+01
7.013859980884608092e+01
7.014226296075021594e+01
7.016450438522309696e+01
7.016932979530012915e+01
7.017712884119231376e+01
7.017741173635283758e+01
7.020527753972194773e+01
7.019359238488900132e+01
7.021415768511501199e+01
7.023109751217248231e+01
7.021236802283399925e+01
7.024866223927284636e+01
7.025240079391353731e+01
7.024111816501505245e+01
7.027091167134214800e+01
7.028535783946009019e+01
7.027065918071278361e+01
7.028300607421002155e+01
7.032795863159752514e+01
7.029357714509787058e+01
7.029940066187546677e+01
7.036337197339190652e+01
7.032333194220649375e+01
7.032645684146471865e+01
7.037674754775503061e+01
7.036448623922008494e+01
7.034940692507487370e+01
7.039788223951393320e+01
7.039592656889367106e+01
7.037566152348468052e+01
7.042623113372921750e+01
7.040994561517271677e+01
7.042002662083302766e+01
7.045085853580596336e+01
7.041883109474662206e+01
7.046635539456671893e+01
7.047221792885657976e+01
7.044031792335593423e+01
7.049532657903922939e+01
7.050096963475120049e+01
7.047022804363017201e+01
7.051045971494536957e+01
7.053858445834548263e+01
7.049752467650472454e+01
7.053008839196525059e+01
7.056248516331891096e+01
7.053545171388344670e+01
7.056169175161201679e+01
7.056619838041137882e+01
7.058559446664750681e+01
7.058735850153863112e+01
7.057024478867467110e+01
7.063558743426008846e+01
7.060485973533613446e+01
7.060004560679983854e+01
7.065651381163100098e+01
7.063475667582386563e+01
7.064012804166782189e+01
7.065788390092622251e+01
7.067991851038198092e+01
7.066963981233888603e+01
7.067249794418209774e+01
7.071766668254716137e+01
7.068997251561819439e+01
7.071059451712919497e+01
7.072732587334027698e+01
7.072172365257324600e+01
7.075557313738181620e+01
7.073010662485305033e+01
7.076625714855691740e+01
7.077668068941477486e+01
7.075608214158579301e+01
7.080100617862372303e+01
7.078621299451791060e+01
7.080654359930785802e+01
7.081100324043438832e+01
7.081293354278902541e+01
7.084559971272112477e+01
7.082593576054097184e+01
7.085298119371931591e+01
7.085822007045574367e+01
7.086156756569290849e+01
7.088979415061683653e+01
7.085646328071133837e+01
7.090925514955971209e+01
7.092188077306228422e+01
7.086201913734691971e+01
7.094872969379959216e+01
7.095353661397250278e+01
7.088148603657967328e+01
7.097620916255841905e+01
7.098118597481077074e+01
7.091271584733851796e+01
7.100494748511614773e+01
7.098746785374049750e+01
7.096854056584950854e+01
7.102966758639151124e+01
7.098096168945363615e+01
7.103338510548036311e+01
7.104703605272322875e+01
7.098982318345136378e+01
7.108651228724652071e+01
7.106094258360842275e+01
7.102094698441635501e+01
7.110719396731015252e+01
7.108879697465381753e+01
7.106481718555620830e+01
7.110986837235810754e+01
7.112813787156177625e+01
7.110102149441541997e+01
7.112418134276218495e+01
7.115378269870184624e+01
7.113136969360617456e+01
7.116450206141847445e+01
7.115743030969584026e+01
7.116825577490590149e+01
7.120699274510832311e+01
7.116362224598711350e+01
7.120633780104837740e+01
7.123483547162275897e+01
7.119236747633974005e+01
7.123075945543641296e+01
7.125275952773174026e+01
7.123766978447008569e+01
7.124792486489731402e+01
7.127635399649187775e+01
7.126860893773206840e+01
7.127143476028075497e+01
7.131135714992096553e+01
7.128012927167590362e+01
7.131827463216203000e+01
7.133381314853996003e+01
7.129262302574522892e+01
7.136351978882068181e+01
7.134775961911184083e+01
7.132172010678041829e+01
7.139502400635896606e+01
7.137092632148906546e+01
7.136410484477521265e+01
7.139778377298871703e+01
7.140578316971948425e+01
7.140831255598962457e+01
7.140332524815423199e+01
7.143732822966731533e+01
7.144119225355194658e+01
7.143246306894540965e+01
7.145669167167136493e+01
7.146739489409272039e+01
7.147139260518081016e+01
7.148004939060095353e+01
7.148863421491968495e+01
7.150370592894314825e+01
7.151378358336995689e+01
7.150494847569549961e+01
7.152544065293747622e+01
7.155986082648639979e+01
7.152502144617889712e+01
7.154119165389556656e+01
7.159666255449826622e+01
7.155765434240645106e+01
7.155966517571944507e+01
7.161457996969559758e+01
7.160571482042591640e+01
7.157943765676057524e+01
7.162726329617898102e+01
7.165133211330486063e+01
7.160332833823163412e+01
7.164881647891152738e+01
7.167160449362353347e+01
7.164958584680648812e+01
7.167584471806443958e+01
7.166802893463641055e+01
7.170920203039042917e+01
7.169960199237851839e+01
7.167508172363496044e+01
7.175482823570700930e+01
7.171767598210674066e+01
7.171183986695750434e+01
7.177127189197840096e+01
7.174544473174746884e+01
7.175912595177867104e+01
7.177155501733459175e+01
7.178507720687410654e+01
7.179367235473294784e+01
7.178474566683448188e+01
7.182535128697180937e+01
7.180707582195162786e+01
7.182460151854937180e+01
7.185352081618893294e+01
7.181659348873067472e+01
7.187098072312038255e+01
7.187480523149552880e+01
7.184068936106139347e+01
7.189849567802346542e+01
7.190070445123564014e+01
7.188186150721111289e+01
7.190722844742273878e+01
7.192824278656705417e+01
7.192601038369636512e+01
7.192030902374155232e+01
7.195409890201158021e+01
7.195898355061383711e+01
7.195438975754218802e+01
7.196833320207322515e+01
7.198320919711147781e+01
7.199720088268114182e+01
7.198926091992231591e+01
7.200236535430262563e+01
7.202836161121386738e+01
7.202901221182851543e+01
7.202188218898395178e+01
7.204426435993427447e+01
7.207709840093443177e+01
7.204688223319517704e+01
7.205640811248878208e+01
7.211248116022046872e+01
7.208033863286046028e+01
7.208437444172248831e+01
7.212235854160512361e+01
7.212718468699776508e+01
7.211692909802923168e+01
7.211985349695451930e+01
7.217395513534876272e+01
7.214736116153164858e+01
7.213882129161795831e+01
7.220184076727909428e+01
7.217410646048928413e+01
7.217922113003888285e+01
7.221001214888181607e+01
7.219757651915899999e+01
7.222945719216814098e+01
7.222633167172611479e+01
7.222045028686656565e+01
7.225849090524326357e+01
7.226146861797764132e+01
7.224150781285770506e+01
7.227352677028991934e+01
7.230738704725222021e+01
7.226477625924437120e+01
7.229250744369537074e+01
7.234306370713667889e+01
7.229108830629827764e+01
7.232774107907056305e+01
7.234900697346483867e+01
7.233082931217126088e+01
7.236988834709896423e+01
7.234250556267876675e+01
7.237988989043330434e+01
7.239870438637593963e+01
7.235294836430317389e+01
7.242311709558040889e+01
7.240881869555829553e+01
7.239446756247828318e+01
7.245463369079624272e+01
7.241252974132194709e+01
7.244522842966736675e+01
7.247620221848238486e+01
7.242961761251000041e+01
7.248314669469034754e+01
7.249266399794059623e+01
7.247084730559126342e+01
7.250261560176579678e+01
7.251077028387386747e+01
7.251374826859309053e+01
7.252676321195957598e+01
7.230349404856168860e+01
7.230185071224782689e+01
7.229842794874089407e+01
7.227447384026413602e+01
7.227352750262492975e+01
7.228030148311137282e+01
7.225109601762069644e+01
7.224653065504183758e+01
7.225135877584972377e+01
7.223420165771707957e+01
7.222490472090964886e+01
7.221192835715534386e+01
7.221893373683224127e+01
7.220858023002712400e+01
7.217567148671469113e+01
7.219368552446135823e+01
7.219236641103476870e+01
7.215234108275868152e+01
7.215854739395142303e+01
7.217080246678993660e+01
7.214162123091382739e+01
7.212024675371988280e+01
7.214335983154188625e+01
7.212930097879726077e+01
7.209196516129409815e+01
7.211570352512852367e+01
7.210222849970446646e+01
7.207664778601569822e+01
7.208968337539046445e+01
7.206621947434888398e+01
7.206541602439888550e+01
7.206280426479126788e+01
7.203526275187815031e+01
7.204756071682710683e+01
7.203245629408171169e+01
7.201733611391765066e+01
7.202188363790961034e+01
7.199880897372162281e+01
7.200471680087184723e+01
7.199502207930279951e+01
7.196978245657237494e+01
7.198210267059791079e+01
7.197131233020846253e+01
7.194943839720363599e+01
7.194898851727347733e+01
7.194931392488867061e+01
7.193362491362074707e+01
7.191544582372790728e+01
7.192509228932441090e+01
7.191218044330946668e+01
7.189327554214193583e+01
7.189786415089693605e+01
7.188314775707124227e+01
7.187827652792336153e+01
7.187140087230686447e+01
7.185052531176648927e+01
7.185870374412837691e+01
7.184600041624119626e+01
7.182807262480739041e+01
7.182965695048451948e+01
7.182217989711332962e+01
7.181387565093453418e+01
7.179795614748501009e+01
7.179434301630918469e+01
7.179393135838166984e+01
7.177563278489496668e+01
7.176593970222488394e+01
7.176477930686709783e+01
7.176022168296559300e+01
7.174297845533983775e+01
7.172839393935971941e+01
7.174033794507681705e+01
7.172574664344611506e+01
7.169976747099008207e+01
7.170858050064629197e+01
7.170583408797784841e+01
7.168407971969763537e+01
7.167614513298529744e+01
7.167837048473793971e+01
7.166791942514416291e+01
7.164900264430193033e+01
7.164862722446189025e+01
7.164250755944348725e+01
7.163497736348404032e+01
7.162108365642515651e+01
7.160622943188776901e+01
7.162235777391779834e+01
7.159785178581688569e+01
7.157384997582951769e+01
7.159914211838267306e+01
7.157410777635925569e+01
7.155679155683554882e+01
7.156785386747539235e+01
7.154150518730918407e+01
7.154977776539985257e+01
7.153601468858072110e+01
7.150970603725738783e+01
7.153566622647424822e+01
7.150735385085495466e+01
7.148722610751553930e+01
7.150761336397606271e+01
7.148105690082780939e+01
7.147396404894240618e+01
7.147346042724845461e+01
7.145432578024754378e+01
7.145822167775686751e+01
7.144319151152318170e+01
7.143262668469358800e+01
7.143158491725611725e+01
7.141671590822311089e+01
7.141480747252219885e+01
7.140191102863043682e+01
7.139012582931631812e+01
7.139458511729061740e+01
7.137764218362137569e+01
7.136373846155032652e+01
7.136501924883197034e+01
7.135964155485622484e+01
7.134361381104656630e+01
7.133085806735046219e+01
7.133420086438691499e+01
7.132920709454562314e+01
7.130590806368735457e+01
7.129810420969499773e+01
7.130746719152659807e+01
7.129588199389606018e+01
7.126145424138042017e+01
7.127686656200765469e+01
7.128403419935679608e+01
7.123766611624209588e+01
7.124422979842540826e+01
7.125671526296299874e+01
7.122340284265092691e+01
7.122242618491181076e+01
7.121557329198593322e+01
7.120404446026944356e+01
7.120977163280066691e+01
7.118209005783923260e+01
7.117424280928352687e+01
7.118893391635515400e+01
7.116529173206131986e+01
7.114494679815911127e+01
7.115485209125708366e+01
7.115179023970556216e+01
7.112281388254322678e+01
7.112112337542576768e+01
7.112942347532460019e+01
7.109994957660445891e+01
7.110116172953861735e+01
7.110046476677611338e+01
7.106793004591321505e+01
7.108828522080285950e+01
7.107670366358161118e+01
7.103506254040536305e+01
7.106481776932861294e+01
7.105549769847658581e+01
7.101658837480923125e+01
7.103089715227109480e+01
7.102734122861478738e+01
7.100711673142519942e+01
7.099805187782774851e+01
7.099701059281946414e+01
7.099255419432222425e+01
7.097018927340860728e+01
7.097254285211276681e+01
7.096718666515799612e+01
7.094235202303995891e+01
7.095541514851541365e+01
7.093917903651495749e+01
7.091188397500252449e+01
7.093583662515941057e+01
7.091741514900478194e+01
7.088661509442547981e+01
7.090400910352596497e+01
7.089811280187856823e+01
7.086875265291217829e+01
7.086830050332967801e+01
7.087404632059487142e+01
7.085152351559385409e+01
7.083802210502427954e+01
7.085197287137933131e+01
7.082684115292344984e+01
7.080968515088400750e+01
7.083636399571689424e+01
7.080121613622432619e+01
7.077451501029082692e+01
7.081425538308465661e+01
7.078869536445836275e+01
7.074259357323600739e+01
7.077591064721048042e+01
7.078099665564015197e+01
7.072719188388690270e+01
7.073102034118939230e+01
7.075525988599611082e+01
7.072127282134800907e+01
7.070336641153727442e+01
7.071516698765799447e+01
7.070102825955129333e+01
7.069550199798985091e+01
7.068089253228501434e+01
7.066455133089719709e+01
7.068329253996027717e+01
7.065967690085173558e+01
7.063459053944535526e+01
7.065565373922672165e+01
7.063410979260820000e+01
7.062119765779199554e+01
7.062831329116170309e+01
7.059812623589961333e+01
7.060691511133444465e+01
7.060780117679415469e+01
7.056722193769387275e+01
7.057987553864853680e+01
7.058191736298437036e+01
7.055254606978523668e+01
7.055253250950742938e+01
7.054541000666142736e+01
7.054063857535781779e+01
7.053282004384990955e+01
7.051014971701482636e+01
7.051780953446284173e+01
7.051135670930746357e+01
7.048843260539841538e+01
7.049174659518939734e+01
7.048140689410971049e+01
7.046896026856015283e+01
7.046853068526084485e+01
7.045490671921626813e+01
7.044745683364489253e+01
7.044020437384504874e+01
7.043416379661886140e+01
7.042825389186452867e+01
7.040917423626295601e+01
7.040840413866730785e+01
7.041062189696826579e+01
7.038516863455002692e+01
7.037657538847741989e+01
7.038290603555752512e+01
7.037270765057478172e+01
7.035367434909997542e+01
7.034467940552536902e+01
7.035450471169603759e+01
7.034075868123910880e+01
7.031237549903848105e+01
7.032144755854868379e+01
7.032230358956775262e+01
7.029930785021717554e+01
7.029503771688574432e+01
7.028514586635589012e+01
7.028333117235136740e+01
7.027847417100937832e+01
7.025407312111633473e+01
7.025264560343136111e+01
7.026140909304263005e+01
7.024214422031893434e+01
7.022347032110495491e+01
7.022406575309427978e+01
7.022394554258762867e+01
7.020877180312596977e+01
7.019500316114915961e+01
7.019318218309666690e+01
7.018584040042452443e+01
7.018383290061997570e+01
7.016823132672772090e+01
7.014604811168139520e+01
7.016609500278005385e+01
7.015990039498885267e+01
7.011686884794833929e+01
7.013241291450776771e+01
7.013929633152542920e+01
7.010722761744298737e+01
7.010749048683234719e+01
7.009937982625432085e+01
7.009112990078718042e+01
7.009953780925292222e+01
7.006560766842399346e+01
7.006021076656746516e+01
7.008395385909450681e+01
7.005063347602569479e+01
7.003560340898361858e+01
7.005014986561383239e+01
7.003411196839073227e+01
7.002422589463178326e+01
7.001787822112947879e+01
7.000954302339005153e+01
7.001041357509930663e+01
6.999288783062893060e+01
6.998854941226522897e+01
6.999198132728706412e+01
6.996779876084349326e+01
6.996752118586249480e+01
6.997343100429171159e+01
6.994878184211464145e+01
6.994523831345718179e+01
6.994829971872358954e+01
6.993675414357781506e+01
6.992989149107600610e+01
6.991615049483921496e+01
6.991564060302124517e+01
6.992333260698428887e+01
6.989952950445997715e+01
6.988399758634008663e+01
6.990155185610491628e+01
6.989825722374266093e+01
6.987020154154343743e+01
6.986407537723566463e+01
6.988143707790440828e+01
6.987241900149686558e+01
6.984773884371634267e+01
6.985143831615184240e+01
6.985706295255457121e+01
6.984699504052041164e+01
6.984031025477193566e+01
6.982893123845721561e+01
6.983481684952282365e+01
6.984507163908442351e+01
6.981772137597565120e+01
6.981119478732155414e+01
6.982863872092306678e+01
6.982464121435887705e+01
6.981284581143228252e+01
6.980581747378616342e+01
6.980777061186367405e+01
6.982613843706558043e+01
6.980664383009140295e+01
6.979191492337915292e+01
6.981980723955155099e+01
6.981129417720750041e+01
6.979893602387213036e+01
6.982029427301347368e+01
6.980744931424599997e+01
6.980567121136198239e+01
6.983391798321653710e+01
6.981491454468017821e+01
6.980670427608498585e+01
6.983872585054956517e+01
6.983738174749700534e+01
6.982535652927626302e+01
6.983603396629688120e+01
6.985004765557829387e+01
6.985474838675172293e+01
6.985348753272050715e+01
6.986066239159914915e+01
6.987307463790025963e+01
6.987732350034478657e+01
6.989003375532993800e+01
6.989365926128157014e+01
6.989000483245209239e+01
6.992027593573229183e+01
6.992726195825996172e+01
6.991344582977228583e+01
6.994136311254163729e+01
6.995337779591055494e+01
6.994552656792849632e+01
6.997501474771814856e+01
6.998284927676921541e+01
6.996714350655460635e+01
7.000416969735252337e+01
7.002440538286253968e+01
7.000323800143607400e+01
7.002218395581778054e+01
7.005260846687852450e+01
7.005417795937482595e+01
7.006194980668323069e+01
7.006996572746282936e+01
7.008063149488172883e+01
7.010587937378824108e+01
7.011779782156067142e+01
7.011027399134027860e+01
7.012027691876090785e+01
7.015876297816734564e+01
7.016955339774642653e+01
7.015559611868309275e+01
7.017573408461888107e+01
7.020512719455440731e+01
7.020821090950326493e+01
7.021607558625649403e+01
7.022760394230789416e+01
7.023632069521399046e+01
7.026643095358231506e+01
7.027512403820273335e+01
7.026627709181843784e+01
7.029152400342076135e+01
7.031471011063558763e+01
7.032115052592797610e+01
7.033302607911630844e+01
7.033472076904315884e+01
7.035893738629698646e+01
7.039183840432437478e+01
7.037382769154601192e+01
7.037556645032138647e+01
7.042809531318209793e+01
7.043231380034765721e+01
7.041815044533748846e+01
7.044675366004666728e+01
7.046478482330590509e+01
7.047480060302677884e+01
7.049176144985217718e+01
7.048997723877238286e+01
7.051135382196602563e+01
7.054137535331200581e+01
7.053231840036590938e+01
7.054421915931752096e+01
7.057975937447478998e+01
7.057622666671288414e+01
7.058071188271006235e+01
7.061370607126619348e+01
7.062385605490976559e+01
7.062612115137129365e+01
7.063772679310871183e+01
7.066034739809163057e+01
7.068482473967590352e+01
7.068313671357759631e+01
7.067891320361056273e+01
7.071574065664711384e+01
7.074148874749205618e+01
7.073254612352235426e+01
7.074005653525463799e+01
7.076930424205917802e+01
7.078739749186981101e+01
7.079041752648592478e+01
7.079596532024085320e+01
7.082123770817709385e+01
7.083757199918939307e+01
7.083834120708301896e+01
7.085858047594737741e+01
7.087745173601209103e+01
7.087205515774599007e+01
7.089921668679232880e+01
7.093021919240386808e+01
7.092104127455658613e+01
7.091910227731011673e+01
7.095393264029452496e+01
7.098000007195085459e+01
7.098137136195161645e+01
7.098127065827453919e+01
7.100570603676921166e+01
7.102919505198367744e+01
7.102710263731238172e+01
7.104046158317765958e+01
7.106930829112961590e+01
7.107563962883953934e+01
7.107806423102110216e+01
7.110954857066097645e+01
7.111441503405055187e+01
7.111140604698901768e+01
7.114903832381105531e+01
7.116444951259946095e+01
7.115328195417281165e+01
7.117521368576935004e+01
7.120049177817541874e+01
7.120788218620459986e+01
7.121986933655898611e+01
7.122443348859796686e+01
7.123714229295384825e+01
7.127205037872352023e+01
7.128153728302937964e+01
7.127761431950381166e+01
7.129404453443984835e+01
7.131546297322982753e+01
7.133841700183043599e+01
7.134289717291193256e+01
7.133830261206539092e+01
7.136844269688951670e+01
7.140248048740309628e+01
7.138784807989688375e+01
7.138896117876822700e+01
7.143764516754266936e+01
7.143886602907427630e+01
7.142733045136198200e+01
7.147551331301642108e+01
7.149521630834529162e+01
7.146757012873601411e+01
7.149458333193811654e+01
7.153952684862642286e+01
7.152857662708419184e+01
7.152755268512495945e+01
7.155993010449901703e+01
7.157143599714547122e+01
7.157432938594050142e+01
7.159328790800665843e+01
7.161695692464820695e+01
7.162423748619919195e+01
7.162510919844092427e+01
7.164515810080374081e+01
7.167328830244630922e+01
7.168071565584925509e+01
7.167540852554944308e+01
7.168988053646161518e+01
7.172614178328439039e+01
7.174521323081735602e+01
7.173409074756084181e+01
7.173497186354602206e+01
7.177899425747911266e+01
7.180478205946494086e+01
7.178395404446563077e+01
7.179303038902848755e+01
7.183479775895206387e+01
7.183870114278280994e+01
7.183879433830212236e+01
7.187402101817565381e+01
7.187888149031667240e+01
7.186552630123875929e+01
7.190523261830550439e+01
7.193997283890651318e+01
7.192244869330471602e+01
7.192321962289584292e+01
7.195852885351868622e+01
7.197909961067010443e+01
7.198543985331450301e+01
7.198788771670788833e+01
7.199779478762981455e+01
7.202908642439928144e+01
7.204657152930822406e+01
7.203856944228080295e+01
7.205492426071691625e+01
7.208499808935533792e+01
7.208483226871524607e+01
7.209401580511146790e+01
7.212179787378543949e+01
7.212870609872544492e+01
7.213461716387881495e+01
7.215516137234671135e+01
7.216734329705685980e+01
7.218100883755369068e+01
7.219859685864500420e+01
7.220238427158248840e+01
7.221190716159016176e+01
7.224281170282495168e+01
7.225099505176814318e+01
7.224817923835320244e+01
7.227920364078019588e+01
7.228923523034738707e+01
7.228423559226712314e+01
7.231544364821844795e+01
7.234950243140779946e+01
7.233441133752775443e+01
7.232971944806831743e+01
7.236765761380148376e+01
7.239348170528182891e+01
7.239060412941272205e+01
7.239185137933698400e+01
7.241538526659142860e+01
7.243964308048592216e+01
7.244813541057175144e+01
7.244966183825731321e+01
7.246900986783364829e+01
7.248958316593760287e+01
7.249122125551932072e+01
7.250168041293758847e+01
7.253543138071776752e+01
7.254636037436281981e+01
7.253294425681717428e+01
7.254792568213426307e+01
7.258109120149340754e+01
7.260110656541078811e+01
7.260587756526736314e+01
7.260232707341911862e+01
7.261421962246303963e+01
7.264751531637982396e+01
7.266696814887319533e+01
7.266744046257019818e+01
7.267066078416303299e+01
7.268208814262770545e+01
7.270211342554881639e+01
7.273424226940349513e+01
7.274520735219910250e+01
7.272392959464770001e+01
7.273652732169055923e+01
7.279024644037762926e+01
7.280326236980523902e+01
7.278233683422412525e+01
7.279990145335648322e+01
7.283355941080755258e+01
7.283378533491131179e+01
7.284235161838986983e+01
7.287184298625285805e+01
7.287514908288994775e+01
7.287289874661861688e+01
7.290313281861284622e+01
7.292003492343489768e+01
7.291902992739450440e+01
7.293916493320230643e+01
7.296129968646428665e+01
7.295840039791009701e+01
7.297005231082303567e+01
7.300007934335695836e+01
7.301088367099502818e+01
7.300894194178209773e+01
7.302621154506859114e+01
7.304437717625953042e+01
7.305040888276073474e+01
7.307652564070235712e+01
7.308939977896483242e+01
7.308566039595169173e+01
7.309243220167316224e+01
7.312228305804993056e+01
7.313663435016832182e+01
7.314040992723955981e+01
7.315703229000619956e+01
7.317469484056601914e+01
7.317817013789037617e+01
7.318466602573866453e+01
7.320841276289678490e+01
7.324095652731693917e+01
7.324758550170712113e+01
7.323079200085393836e+01
7.323619333021821376e+01
7.328127160669980356e+01
7.330780178077459652e+01
7.329561216812916769e+01
7.329980437512426761e+01
7.332333694536012558e+01
7.333452245142450465e+01
7.334389223095877242e+01
7.337368949099985116e+01
7.338738272712903665e+01
7.337311548308575482e+01
7.338356152416891121e+01
7.342472223770920436e+01
7.343829211875848273e+01
7.343409836789470546e+01
7.344842498387755825e+01
7.346448786351457727e+01
7.346996723832833709e+01
7.348134088438794720e+01
7.350425243088727711e+01
7.352011014427245073e+01
7.352985613089251160e+01
7.353392940974384828e+01
7.354027070738982275e+01
7.356140574394095211e+01
7.359350787833793106e+01
7.360163344748818304e+01
7.358877023217668523e+01
7.360254933408344868e+01
7.363478742093835194e+01
7.364102300287923697e+01
7.364767923971838570e+01
7.366840550608512217e+01
7.367961580383514786e+01
7.367331513949375221e+01
7.369863880950533996e+01
7.373455916307035807e+01
7.372693730643787546e+01
7.325878460917736845e+01
7.371425210981246323e+01
7.378961049384811588e+01
7.382177385672579817e+01
7.368866427547376929e+01
7.363974804561745202e+01
7.376727828209156712e+01
7.396711029420399086e+01
7.400272823070578454e+01
7.392865471245190179e+01
7.389296316498794681e+01
7.401078420261443114e+01
7.418142724587484338e+01
7.410592219594701646e+01
7.389198750488694145e+01
7.372131293538201646e+01
7.384468818387391309e+01
7.396552114971537151e+01
7.403873232724887998e+01
7.398606970748610934e+01
7.606994758416989555e+01
7.596369864863591204e+01
7.601624443864676550e+01
7.604611604623468679e+01
7.611758231912688188e+01
7.615367070873965361e+01
7.617846694449792722e+01
7.612268945543125653e+01
7.613387490797586565e+01
7.606964151458390688e+01
7.604889016026521631e+01
7.609354077763198632e+01
7.629093578118592234e+01
7.646696131602928403e+01
7.639144362356289264e+01
7.640925419002147123e+01
7.625522094692230723e+01
7.608835743033053234e+01
7.603311730520103140e+01
7.610976270217066997e+01
7.633967044516489864e+01
7.648360179549000293e+01
7.644230079765758035e+01
7.615565796976991919e+01
7.591865718645627226e+01
7.584945797211611307e+01
7.588796136698991290e+01
7.599272584994298541e+01
7.615405528815784919e+01
7.627461941941631096e+01
7.641628641047317672e+01
7.639913473265538357e+01
7.622109689554366696e+01
7.613926914688849479e+01
7.619226687845676338e+01
7.625897227057380690e+01
7.627180534331500894e+01
7.624856986021552530e+01
7.615410830478732862e+01
7.609925969878202068e+01
7.605690281846096923e+01
7.593327041254526932e+01
7.590125380596535365e+01
7.597755883774617303e+01
7.587138393601550490e+01
7.580922965339040331e+01
7.579177296580830614e+01
7.589479657989983252e+01
7.599586468006727102e+01
7.617396469188504682e+01
7.634540188123716575e+01
7.644720281446284105e+01
7.647060478354221402e+01
7.636671140065948293e+01
7.614787710717375546e+01
7.603100497683027470e+01
7.594282180438257512e+01
7.592961068605474395e+01
7.594395273730319218e+01
7.598822750655091340e+01
7.612553987619716622e+01
7.625625055806092689e+01
7.624352728104723553e+01
7.622162690464854506e+01
7.607068984990138460e+01
7.594723998663793907e+01
7.582840511689593654e+01
7.578648250721025192e+01
7.573355620270129407e+01
7.574429492266212094e+01
7.591853775015883343e+01
7.605653848095396086e+01
7.621687252724819928e+01
7.642662554765777827e+01
7.646162636624077891e+01
7.634733640572854085e+01
7.613622256839801139e+01
7.596133388387502805e+01
7.581371267374942136e+01
7.579093443992515233e+01
7.573997641420113780e+01
7.564404744460193797e+01
7.551298048811530350e+01
7.546491251368885855e+01
7.553225332814704984e+01
7.571516523407440502e+01
7.601948017092182397e+01
7.621922259391702426e+01
7.631812421141474090e+01
7.638032228545523594e+01
7.629371719604903035e+01
7.615605340965839787e+01
7.604032488875556339e+01
7.597929090124203810e+01
7.596968284298263541e+01
7.590141524197002809e+01
7.590831441699255322e+01
7.585944853184015813e+01
7.576148725568762643e+01
7.574366025764899746e+01
7.575525244385531209e+01
7.582123948603474162e+01
7.593470156004664773e+01
7.597182552785798748e+01
7.596859954043929974e+01
7.583125642121959231e+01
7.572354163716043729e+01
7.570699144887518628e+01
7.570501918568064070e+01
7.587537873784104647e+01
7.594531645975058609e+01
7.591398111005004523e+01
7.585639483417116935e+01
7.580463954938062443e+01
7.583847368720290660e+01
7.590040014718186967e+01
7.590391250424944758e+01
7.582200111526691444e+01
7.568502460809257570e+01
7.566627635402304008e+01
7.573042418024223821e+01
7.592896123340760539e+01
7.601690285443127948e+01
7.602922104257046954e+01
7.594203463443011515e+01
7.592957035865224213e+01
7.595050441679462949e+01
7.600415208614680296e+01
7.604933968402708899e+01
7.581981410877237693e+01
7.557147596472893269e+01
7.556704369926259801e+01
7.573890803306292696e+01
7.590811670781738485e+01
7.587768105756758530e+01
7.563139860613175358e+01
7.544591579874747822e+01
7.559866868639264226e+01
7.583685789015071066e+01
7.604785341101714380e+01
7.584469442917702509e+01
7.533339279167911684e+01
7.505941439696134410e+01
7.517629396434554678e+01
7.549366604499270750e+01
7.562808271866934717e+01
7.542542273151939014e+01
7.510307803109722613e+01
7.519580775308007503e+01
7.562799587304036208e+01
7.600870276758348609e+01
7.595292395597613222e+01
7.551255992103045855e+01
7.530987278120863948e+01
7.569160085165287910e+01
7.603577550595362311e+01
7.606182512847065880e+01
7.570408999557619723e+01
7.540017802804648284e+01
7.550985132824489199e+01
7.602626145638900823e+01
7.638015659860946016e+01
7.612063055403464773e+01
7.551486157674490585e+01
7.535891227428285788e+01
7.574407527323189981e+01
7.607039241525200168e+01
7.595933665367228116e+01
7.548584781704362001e+01
7.517253704370814660e+01
7.542636437653666803e+01
7.591713752740457721e+01
7.599685573948561057e+01
7.556067750130844729e+01
7.513311817323287300e+01
7.532421584268355730e+01
7.584572000808351788e+01
7.601289057805914240e+01
7.556311747312551574e+01
7.507628587487351979e+01
7.518003535169859219e+01
7.571964144299393240e+01
7.599113446007362427e+01
7.566152720503441742e+01
7.513135419647709057e+01
7.517143908916023065e+01
7.559384355244998233e+01
7.587546722766991536e+01
7.559408627570954309e+01
7.516088411237920752e+01
7.520550794601325606e+01
7.573107719216268663e+01
7.600599575473165714e+01
7.570874578951486455e+01
7.522082241181580287e+01
7.514547034086052690e+01
7.562463181582610616e+01
7.580106837989296764e+01
7.555813465621831426e+01
7.514196144109943987e+01
7.515695568615107902e+01
7.561818771524359306e+01
7.582550314231517063e+01
7.552881555262516144e+01
7.507714556803844630e+01
7.523387476833738674e+01
7.571642136973869697e+01
7.567090298913223023e+01
7.515234575198242339e+01
7.483341528490771566e+01
7.522426547918263395e+01
7.572543037197060301e+01
7.558098647665289604e+01
7.497027019065119191e+01
7.476345231960632987e+01
7.522644135319107761e+01
7.552825390073648748e+01
7.543838538438150465e+01
7.499944191940906535e+01
7.487602636101289022e+01
7.520986165726147021e+01
7.522450986275484297e+01
7.489952695674806193e+01
7.468099166619660423e+01
7.504411966759658981e+01
7.541544672497197155e+01
7.535683820823392409e+01
7.493593495712387664e+01
7.486873908448215786e+01
7.524694572895315048e+01
7.548579439572404226e+01
7.532641935225142049e+01
7.499648431231084089e+01
7.509070880419578486e+01
7.555231539164850574e+01
7.561421068638610166e+01
7.526298656623262673e+01
7.514969349128128329e+01
7.546867500928992456e+01
7.569439122339079518e+01
7.545150670187933883e+01
7.512141073559442361e+01
7.519023940836626707e+01
7.540072197615910454e+01
7.530259026107461295e+01
7.514326567456306805e+01
7.502110900036588248e+01
7.518730090962705503e+01
7.510506815804723146e+01
7.495946937812129818e+01
7.504399616639894077e+01
7.501441966416183504e+01
7.500846335482496841e+01
7.491266389364541567e+01
7.480575935505495977e+01
7.482733793117316168e+01
7.504782858334151285e+01
7.507879754996679367e+01
7.501502262870459958e+01
7.511721805887957260e+01
7.516688111289448671e+01
7.519231452745592037e+01
7.509450608642565328e+01
7.498814387945152760e+01
7.513219027559586038e+01
7.506544954465057629e+01
7.517451247270722092e+01
7.525294614271751925e+01
7.501531670673553265e+01
7.495250019065713332e+01
7.501074409350235328e+01
7.497513621954344387e+01
7.493928410049841204e+01
7.491933268874643659e+01
7.495422968132788810e+01
7.508923424023574000e+01
7.497298164522887021e+01
7.498599425514336758e+01
7.502059193898519140e+01
7.517583245803110970e+01
7.507342356608793921e+01
7.476896107730719621e+01
7.489574134319816778e+01
7.523159572820654262e+01
7.509474676881423250e+01
7.466500442784361269e+01
7.460166858532295464e+01
7.489909906001631157e+01
7.468178297266625520e+01
7.441462597253541844e+01
7.448684353495443133e+01
7.480220730668511919e+01
7.479938903611420642e+01
7.472293163377059955e+01
7.499796913842465074e+01
7.516011939644752715e+01
7.500616669098248224e+01
7.485415077778542070e+01
7.502100916218560656e+01
7.509826566782115265e+01
7.478997436714907110e+01
7.453267803756199328e+01
7.474524212716258376e+01
7.469974963990394201e+01
7.436674176579909101e+01
7.444689251206139602e+01
7.478819780040038268e+01
7.483507889825995107e+01
7.462338080783629835e+01
7.494000634236228109e+01
7.525951893970929518e+01
7.522291768789317246e+01
7.474345181908124403e+01
7.475362365054775182e+01
7.493322104080908730e+01
7.455410028475995432e+01
7.396817989531683679e+01
7.447466021449872642e+01
7.481463618614874633e+01
7.419037461836634861e+01
7.439892427799684071e+01
7.495138345408332725e+01
7.480593414626237347e+01
7.467307060898713189e+01
7.509061203747609170e+01
7.508850234590454420e+01
7.478558361367619511e+01
7.448556677201744947e+01
7.468618600727003809e+01
7.433269113671686057e+01
7.420218206437223785e+01
7.435879989520284994e+01
7.472887211543496733e+01
7.447002292561802506e+01
7.470376525924235978e+01
7.484440026710068139e+01
7.465191805467259201e+01
7.435288845053493390e+01
7.486513607893614619e+01
7.490298441456681644e+01
7.426240311362687407e+01
7.428629905589137650e+01
7.487160937958590523e+01
7.473082416269483019e+01
7.410345709574835382e+01
7.458171591171817738e+01
7.451497782898324829e+01
7.422962704011766277e+01
7.454535677870632071e+01
7.495707512200529266e+01
7.466206127368862155e+01
7.474140273654091970e+01
7.486715971771633349e+01
7.465059216029870015e+01
7.421915706928095346e+01
7.438880789861970300e+01
7.440709699894588880e+01
7.425287876003041276e+01
7.450382540456233471e+01
7.494150327504243592e+01
7.486863627858899406e+01
7.465368846009343429e+01
7.470020199277161055e+01
7.460453517373709076e+01
7.400564555609365414e+01
7.417469631715459855e+01
7.432456060643561102e+01
7.459800813110129525e+01
7.486741124558731997e+01
7.482864565418050518e+01
7.463108694823608857e+01
7.440671003387119242e+01
7.446163238076776736e+01
7.403813868262670894e+01
7.416434507391434749e+01
7.451807433328086461e+01
7.476028482880980164e+01
7.489958265421535089e+01
7.471845075432882766e+01
7.449985375345281113e+01
7.397409226581783059e+01
7.418878530007427230e+01
7.437665497786851176e+01
7.459516395613161421e+01
7.464703610212703211e+01
7.467870799631947420e+01
7.459354347912199046e+01
7.421147465251141284e+01
7.427769056742280895e+01
7.410379528734631549e+01
7.449121699577395361e+01
7.486787536702786383e+01
7.450446170099981202e+01
7.480051229006961933e+01
7.450911260166131456e+01
7.416221362574890463e+01
7.441291601470130956e+01
7.423281898719378091e+01
7.430447660630665041e+01
7.480463384893924683e+01
7.475201422561889331e+01
7.433525037459931184e+01
7.442825190465222818e+01
7.427931614416002049e+01
7.418818250269420389e+01
7.447374400395786154e+01
7.461630813542909380e+01
7.432552776452878618e+01
7.446019186722240590e+01
7.459812716665913968e+01
7.422844599631707752e+01
7.440570217828395982e+01
7.450703753760872416e+01
7.419319191626308907e+01
7.441547195379897062e+01
7.471636288567952988e+01
7.445332046197903253e+01
7.435330014377151997e+01
7.417803730667530715e+01
7.415710419925353847e+01
7.425844999841940819e+01
7.466651167360141983e+01
7.454059081186321123e+01
7.466399878946401714e+01
7.435712891476885034e+01
7.390026290753846183e+01
7.431185043468813944e+01
7.444953639518396926e+01
7.471963279698981353e+01
7.452301294649896590e+01
7.411359976468985167e+01
7.412735333803185256e+01
7.403902490117330615e+01
7.446267200670712327e+01
7.473119721111389424e+01
7.464702235647800421e+01
7.400889529578826398e+01
7.407244764892985245e+01
7.423427665330800096e+01
7.461024733207648296e+01
7.465528122226275798e+01
7.426179655745659147e+01
7.380186103869081649e+01
7.417997280192138021e+01
7.455604435758536397e+01
7.460287669378641340e+01
7.443603068701693815e+01
7.381925868269127022e+01
7.397348258249553510e+01
7.441099150086448333e+01
7.446068071748901218e+01
7.456415965820136194e+01
7.395961159454552103e+01
7.390179879276216468e+01
7.439717624254055295e+01
7.445245115961397175e+01
7.459606751806904867e+01
7.423213776390703345e+01
7.403579813111855401e+01
7.448146623036957692e+01
7.428405436575462772e+01
7.470014647432211063e+01
7.404859840149637762e+01
7.363146530593176919e+01
7.448193906003726283e+01
7.451038554426789062e+01
7.441997492857611007e+01
7.432781654686907302e+01
7.385854863721259278e+01
7.429611415321902257e+01
7.453778185595652417e+01
7.416876146143613369e+01
7.419835099654987687e+01
7.399965096562517886e+01
7.398920635117859490e+01
7.436859929419325965e+01
7.406057937536454006e+01
7.429998919595331586e+01
7.412297213914106919e+01
7.407715399862787820e+01
7.431276545097718156e+01
7.428571489224906088e+01
7.417958166633526673e+01
7.420935277598255198e+01
7.380631152974231668e+01
7.434988302992857712e+01
7.419877364897958216e+01
7.419209623561276601e+01
7.382931178005338779e+01
7.391291941349068395e+01
7.428614920936760768e+01
7.439359290240685141e+01
7.408682652355007292e+01
7.332440727714620721e+01
7.460349149799303348e+01
7.449460511736148760e+01
7.422905974377333393e+01
7.357539283673918362e+01
7.374341039999120540e+01
7.490491234478558624e+01
7.397286056425147649e+01
7.384693282657012503e+01
7.367739215098683303e+01
7.454396254851238268e+01
7.442071313408868605e+01
7.319802515414026800e+01
7.401026105989933512e+01
7.406741382661502371e+01
7.450009502824890717e+01
7.381551175452106861e+01
7.347146912456368284e+01
7.451717351163378567e+01
7.385631131602261235e+01
7.424609195975337173e+01
7.356148235538758229e+01
7.429173371383440383e+01
7.403840197381767041e+01
7.368189075714079195e+01
7.395524269733908795e+01
7.389968406225506214e+01
7.424042099048013199e+01
7.401518627492552582e+01
7.397474143280561520e+01
7.348902937442888117e+01
7.398597767896957578e+01
7.382767977722076580e+01
7.407573084327971458e+01
7.392557527901047365e+01
7.413279745702445211e+01
7.406513217301105101e+01
7.376560781009517598e+01
7.364398973984955887e+01
7.395706418153214656e+01
7.454168032941667832e+01
7.316804358378638540e+01
7.404937367045504004e+01
7.396825679522989105e+01
7.407349111558792742e+01
7.340617093762989498e+01
7.389405634559835789e+01
7.413709582701025624e+01
7.374000074808751037e+01
7.380380401850003125e+01
7.402567911427324532e+01
7.413774535578997416e+01
7.323511941305488904e+01
7.358997884512132259e+01
7.439658508984570062e+01
7.413186649791012428e+01
7.292758276602134515e+01
7.421472945661206211e+01
7.313212245344215034e+01
7.354932102656674431e+01
7.343465078661488121e+01
7.443544856142368360e+01
7.305824288016700052e+01
7.370831618247247263e+01
7.382746219617209249e+01
7.374042577281976207e+01
7.347762277115344887e+01
7.418326592632962502e+01
7.359583429988528280e+01
7.371660776629585143e+01
7.337779210121503581e+01
7.402773865149781329e+01
7.297381016740612836e+01
7.407288722833186512e+01
7.319690382160490572e+01
7.413096517480565240e+01
7.326929317453547696e+01
7.398779693993533613e+01
7.325094953572624945e+01
7.362888290714523976e+01
7.294939719273787659e+01
7.377784040140204525e+01
7.336187921231888254e+01
7.348339085026435669e+01
7.311079981948751083e+01
7.410953981870038376e+01
7.280556968982529042e+01
7.404050054138292580e+01
7.318888642545485368e+01
7.328508835626212203e+01
7.316669100219405664e+01
7.394656290856575254e+01
7.212185587548052013e+01
7.400150355475005881e+01
7.328347628740418429e+01
7.334434250956189771e+01
7.302864564333606268e+01
7.402474030355534751e+01
7.190001297280694814e+01
7.429127322132353584e+01
7.314625764288388154e+01
7.305122407685287556e+01
7.363162102642989737e+01
7.346564009166526432e+01
7.289887424325780785e+01
7.394798957288215036e+01
7.323268825364587542e+01
7.293074713924981722e+01
7.392975349973055188e+01
7.239741095074715815e+01
7.395781637151335985e+01
7.246073170621177439e+01
7.369965587431541110e+01
7.269727034021858003e+01
7.415466715337876735e+01
7.216482802604423341e+01
7.372417200975831975e+01
7.282266786075408049e+01
7.336590773929967213e+01
7.326913284541649318e+01
7.269963413793915663e+01
7.380262028173176247e+01
7.197695169723387210e+01
7.414804713950564974e+01
7.236109858465673028e+01
7.366938642106649127e+01
7.285283862523802156e+01
7.287284958187576933e+01
7.372432979702418265e+01
7.243115816272634788e+01
7.334253054096970459e+01
7.277767010917469293e+01
7.322836582202147326e+01
7.279141980922292987e+01
7.359959497436045694e+01
7.252988610436614181e+01
7.339176614635708518e+01
7.283979029502557978e+01
7.230221760268995013e+01
7.408672977581090890e+01
7.151975539850818109e+01
7.407091822713785234e+01
7.220109527388555648e+01
7.285899269386095511e+01
7.331501637007943373e+01
7.161892514249919373e+01
7.414264016931717549e+01
7.175393628599549345e+01
7.342014594304069419e+01
7.282797220679577777e+01
7.227284662092175438e+01
7.387109155989938358e+01
7.183789133355793410e+01
7.353159011889171381e+01
7.240899193073543927e+01
7.203971060703705120e+01
7.355946363816472910e+01
7.183284384163408731e+01
7.377252254383434149e+01
7.192707110657538294e+01
7.302315563290454747e+01
7.299862985863001086e+01
7.203250607305092501e+01
7.341834782549273086e+01
7.207784553160202279e+01
7.299325565726869058e+01
7.236622899949919940e+01
7.219069162328959521e+01
7.313429177560058747e+01
7.223736480313199593e+01
7.269076430487916696e+01
7.294046067862745986e+01
7.182300708311282733e+01
6.817781246957709129e+01
6.763596885471361020e+01
6.778946052195523464e+01
6.797186300307059525e+01
6.769110466983113383e+01
6.782521335676121055e+01
6.783775036779547918e+01
6.791113131676932824e+01
6.756848592526770858e+01
6.758725690246086515e+01
6.732474415146621993e+01
6.810462536102119202e+01
6.695644899188623356e+01
6.788645661081760352e+01
6.696103606335974234e+01
6.760426342443378189e+01
6.752905635348277258e+01
6.746005991777562372e+01
6.759923434682100662e+01
6.735459169068805352e+01
6.789259060689825276e+01
6.737044725356314245e+01
6.758425923288778847e+01
6.700051343073857879e+01
6.780626156807635141e+01
6.656174214377297460e+01
6.808770811760608410e+01
6.652766279965800322e+01
6.758996811022809936e+01
6.674184590520657423e+01
6.779257482524269562e+01
6.650782953677357057e+01
6.796155688784706683e+01
6.652083431526155266e+01
6.752243991081081731e+01
6.653235293281292684e+01
6.744448540823954374e+01
6.663105229656893869e+01
6.781258073484164584e+01
6.623567606525939766e+01
6.730713260339959447e+01
6.675676371013976507e+01
6.693549882002275808e+01
6.633753456179788088e+01
6.751400750013374363e+01
6.593952468448112825e+01
6.700067171336502270e+01
6.657346164046093406e+01
6.687055816947663800e+01
6.641518608859443873e+01
6.710521312005168681e+01
6.599221918850682300e+01
6.690424321350286618e+01
6.707094174270592646e+01
6.693404345300450586e+01
6.651966526393289314e+01
6.716730644668376726e+01
6.617007888587745867e+01
6.624194410775604069e+01
6.684566283863408387e+01
6.675628434898754904e+01
6.569805780339510193e+01
6.670782914172934852e+01
6.652676463591173217e+01
6.595215131798026675e+01
6.628729206660631235e+01
6.700170665401762449e+01
6.563674840309745662e+01
6.640960640452040309e+01
6.631596349552553704e+01
6.647097137729817007e+01
6.498944931333801378e+01
6.678814659037627166e+01
6.591208565860094382e+01
6.576940101835961627e+01
6.589037474495287938e+01
6.640811382404575625e+01
6.558572653103426831e+01
6.542834919210230282e+01
6.682034529576861814e+01
6.534129878407711089e+01
6.587381119189282686e+01
6.564181297802696236e+01
6.655785159981854804e+01
6.541884619630876330e+01
6.573744276646826279e+01
6.608059914742896979e+01
6.550709717707165680e+01
6.577483897619816844e+01
6.487992663907940027e+01
6.657703423375546947e+01
6.497003905362930709e+01
6.557284463375063410e+01
6.588603706425892881e+01
6.541781170404621548e+01
6.598072928494832468e+01
6.456293327359298928e+01
6.600765510740335174e+01
6.564528274381198969e+01
6.513838014666856679e+01
6.546892120033619733e+01
6.494435689407511347e+01
6.601356970425187853e+01
6.438035858809891465e+01
6.472624743035223105e+01
6.558208624128059228e+01
6.540301709164678812e+01
6.536367961283968953e+01
6.450830723129114119e+01
6.552291537535852228e+01
6.511857634813802065e+01
6.393448100762385167e+01
6.558357054601601988e+01
6.466998778856930130e+01
6.513407540120303452e+01
6.495680611769499535e+01
6.463993161432577494e+01
6.531965480560515402e+01
6.511546989051586820e+01
6.474052894265844316e+01
6.495014430829228047e+01
6.484742930629789726e+01
6.534220518866706584e+01
6.479425050125134078e+01
6.470305004527054393e+01
6.511935218394594926e+01
6.490218668934920743e+01
6.526836553657098250e+01
6.476145806775262770e+01
6.486550518689446676e+01
6.463349487078313871e+01
6.480904810821212436e+01
6.439561683944559434e+01
6.444479893043479990e+01
6.437102399506210304e+01
6.395031020455963500e+01
6.495236663162403090e+01
6.436482566991632837e+01
6.363664511881759722e+01
6.445931039482280767e+01
6.412880716747611132e+01
6.374801093606148328e+01
6.454456213415595300e+01
6.362682330587305302e+01
6.418918998984386803e+01
6.434754932300124608e+01
6.342565553376373089e+01
6.446648010337267465e+01
6.428357633295934193e+01
6.313879761584074402e+01
6.416401955455322081e+01
6.407757869957339381e+01
6.277566014201488542e+01
6.405485728998692707e+01
6.363267030242176503e+01
6.347662006372348742e+01
6.410627886442415502e+01
6.418523614515387976e+01
6.347217588621001028e+01
6.390063697290361233e+01
6.359252902163206045e+01
6.314857360225048666e+01
6.394202430880028487e+01
6.379977751295826494e+01
6.315692301337492154e+01
6.360877027043005683e+01
6.378054541167433911e+01
6.347918368315274051e+01
6.309823251868550642e+01
6.363257819597349396e+01
6.316403521453597136e+01
6.282412981068691948e+01
6.341347549934933170e+01
6.358413898284895538e+01
6.252470965362477529e+01
6.321211600478591208e+01
6.318552873452856034e+01
6.208868755150672314e+01
6.312638529739114546e+01
6.380852528931728784e+01
6.219701882797295411e+01
6.254509566184181324e+01
6.355944652352671653e+01
6.253389460020933655e+01
6.251532057758240057e+01
6.358880946513288279e+01
6.266209422554261010e+01
6.189331840196647505e+01
6.304772293536526462e+01
6.288444992175489290e+01
6.179096935916575717e+01
6.253433622597499664e+01
6.312262226444913438e+01
6.211809638067754236e+01
6.189956786658062526e+01
6.294267139221338425e+01
6.289569966242548560e+01
6.167848211247937229e+01
6.245882206034170991e+01
6.248272290543592788e+01
6.211387404152546310e+01
6.197212954730147061e+01
6.261190939407029532e+01
6.245058515787681586e+01
6.166489118883743004e+01
6.162385615006275685e+01
6.282721722746961746e+01
6.243179753531249787e+01
6.225989310883940675e+01
6.158094729393407363e+01
6.205710435697218941e+01
6.200406745507874007e+01
6.193870394441362492e+01
6.184617051289411904e+01
6.185774813254685256e+01
6.132431676330655534e+01
6.133124629374327696e+01
6.081202975776466957e+01
6.134867054521574659e+01
6.245702716422055545e+01
6.118546627854349396e+01
6.187381166892609485e+01
6.135605756430641122e+01
6.166124504569413034e+01
6.139132434670894156e+01
6.053684939270496557e+01
6.108508243319339215e+01
6.114766082441953188e+01
6.141503183745441419e+01
6.112146460182813712e+01
6.150227900454510888e+01
6.129940239631419985e+01
6.196755260217216232e+01
6.102661383900215242e+01
5.982843048310351719e+01
6.077102477329277974e+01
6.112644327614128770e+01
6.054037680953796041e+01
6.062265639452230914e+01
6.206803263842652996e+01
6.219055668684352156e+01
6.080043077362667958e+01
6.028184708419775717e+01
6.028313303350236652e+01
6.159093520220316265e+01
6.036048202174892907e+01
5.832001588005824999e+01
6.002302108295077687e+01
6.165493795412784550e+01
6.099330870654380021e+01
5.996215672433649502e+01
5.966661812717664759e+01
6.114082474739610262e+01
6.145528297369753545e+01
6.032375659442993765e+01
5.861668650473119158e+01
5.930943509128568536e+01
6.054675308383711752e+01
6.010422363506138765e+01
5.826093336071529194e+01
5.817956096515713682e+01
5.994429268644076814e+01
6.110213631906681542e+01
6.095125586247635852e+01
5.948234298978838552e+01
6.013039757675932151e+01
6.104865574939492490e+01
6.166831843947765179e+01
5.991037593137679096e+01
5.804194050579559416e+01
5.795175307621082084e+01
5.941384797313809685e+01
5.999742600235958179e+01
5.912559923473230583e+01
5.768535738894789233e+01
5.850226360958287586e+01
5.963934579679454373e+01
5.990733522388828902e+01
5.926668096948742459e+01
5.912658272555787420e+01
5.932853938016560136e+01
6.025750727233521076e+01
6.014585042645730084e+01
6.008918518554477117e+01
5.860172610094312518e+01
5.920711813758707365e+01
5.978002895578197240e+01
5.985735372709431346e+01
5.935606934643223553e+01
5.830919948577396639e+01
5.873849737547914174e+01
5.889188063604990475e+01
5.854088027638318437e+01
5.721894826463368844e+01
5.709460435868005845e+01
5.765225032547597550e+01
5.889488658810446253e+01
5.808413466265523795e+01
5.725462457250976911e+01
5.654574252572275128e+01
5.747532642790659452e+01
5.978092399155678294e+01
5.932564980209694738e+01
5.953304517935796980e+01
5.811013071475944258e+01
5.746531932953307376e+01
5.821643112242811213e+01
5.962728834609941231e+01
6.056623786634264661e+01
5.894535560975872102e+01
5.720248808748684866e+01
5.738984600875026842e+01
5.859493836075375839e+01
5.997724401768533653e+01
5.945074254459949259e+01
5.925931587644765131e+01
5.877326693474824992e+01
5.725080660125311738e+01
5.719138877577500324e+01
5.883972187672765131e+01
5.976875641037253928e+01
5.948435502896286664e+01
5.848518741590439163e+01
5.782849002173610131e+01
5.739825133879779173e+01
5.732243907920625503e+01
5.821370262234205484e+01
5.909340590279543903e+01
5.869518771393398282e+01
5.766862048500562565e+01
5.738045718750911561e+01
5.690008192711287904e+01
5.727392847058050052e+01
5.702877312503626683e+01
5.794887092537442896e+01
5.882333266504773661e+01
5.773253812753780068e+01
5.693533969048043986e+01
5.724330021987274364e+01
5.723790859837638578e+01
5.571788925450748309e+01
5.614657329647165795e+01
5.786272174725393569e+01
5.772107555060675566e+01
5.753680202172808578e+01
5.669174609389004615e+01
5.599473557932972767e+01
5.570451044432513044e+01
5.663038173173603695e+01
5.722088259588078074e+01
5.802791869177176665e+01
5.840618020597901960e+01
5.795570921630534400e+01
5.649159847620630615e+01
5.746990092624078272e+01
5.558094754333914977e+01
5.694371979646532367e+01
5.777132810005774388e+01
5.694535809125508052e+01
5.677739299527002004e+01
5.557898811749162604e+01
5.719871435963853656e+01
5.741823046205602310e+01
5.651899895912875138e+01
5.483058846688290799e+01
5.665331537192471956e+01
5.771657952612269327e+01
5.517741561405762241e+01
5.686157755223128873e+01
5.720886983568514950e+01
5.752251931520675754e+01
5.549476691922980365e+01
5.601097807908256243e+01
5.738990277670442453e+01
5.618294891921947709e+01
5.629318317652766268e+01
5.623651216887793680e+01
5.877627019751338366e+01
5.773857621416485841e+01
5.540310567415795617e+01
5.785012877256241381e+01
5.793966493931755224e+01
5.839074036330524109e+01
5.556395103537721525e+01
5.725354704658775518e+01
6.021690876882877319e+01
5.489846829947633466e+01
5.576757801565740635e+01
5.844406275517073368e+01
5.882302361504903843e+01
5.764935905523540072e+01
5.458847115542140216e+01
5.916221957334197157e+01
5.912087580808630349e+01
5.504151564467677815e+01
5.780943305310777447e+01
5.854023368604018884e+01
5.814608471350872065e+01
5.714476617183912310e+01
5.751620706747574729e+01
5.993859006640259679e+01
5.830693374588071265e+01
5.637379869961273471e+01
5.854161945460035099e+01
5.921710714310422929e+01
5.955273680619185228e+01
5.579454305528513203e+01
5.898620157644000983e+01
6.023940585524901081e+01
5.768182489118863998e+01
5.862318006248987245e+01
5.777575101143709446e+01
5.906636367376771091e+01
6.010734603306666202e+01
5.573341314272916946e+01
5.903956928329272102e+01
6.054252735310168276e+01
5.776115035674800424e+01
5.906970287257040297e+01
5.814376426915461593e+01
5.975069455173582611e+01
6.049540988900521654e+01
5.716944839861941574e+01
5.971356479619907276e+01
5.999470955955005280e+01
5.858770238447129941e+01
5.931372116370273062e+01
5.866721975902714803e+01
5.934783745766517882e+01
6.024897799054642888e+01
5.804400592341642096e+01
6.034244560752596698e+01
5.870692584150158666e+01
5.885152566283654352e+01
6.130599002708842704e+01
5.787745572769823355e+01
5.905670257189963479e+01
5.989359183028759048e+01
5.990164504060247452e+01
6.092569771797643341e+01
5.791338503959043038e+01
5.832093395103215272e+01
6.163875617219321867e+01
5.908409635721457676e+01
5.957420401294429269e+01
5.930464089033448971e+01
5.946519231719697984e+01
6.139692464651470516e+01
5.851457827206189677e+01
5.823843470372472808e+01
6.197907956912496275e+01
6.050485492919636954e+01
6.013552523827307539e+01
5.991892645379376603e+01
5.916120695461485468e+01
6.162501884322242773e+01
5.993135866581334881e+01
5.803258741106671437e+01
6.187006371706200270e+01
6.115428934889951762e+01
6.047549216093554492e+01
6.069665470481972847e+01
5.942638899849707457e+01
6.159351183162996080e+01
6.144654441483159246e+01
5.922134415697519927e+01
6.127070243763098745e+01
6.088657815622003255e+01
5.989336612250578895e+01
6.133625138872950089e+01
6.052336475931667081e+01
6.153047928519170284e+01
6.139537982141425942e+01
5.945501377504984930e+01
6.086232008021852380e+01
6.109306621821018979e+01
6.017127981193774389e+01
6.134061431621604044e+01
6.081753565318201993e+01
6.112331967663374144e+01
6.163708552506270166e+01
5.983847078158711241e+01
6.075471190675938260e+01
6.160706129905882023e+01
6.058793004944610772e+01
6.125394579992089916e+01
6.104124093223431657e+01
6.094829582301678528e+01
6.205764723638391445e+01
6.085912875566110358e+01
6.121570248913569401e+01
6.236630772473058926e+01
6.134399750425956199e+01
6.100943244256284004e+01
6.168063907257614886e+01
6.143711492918383499e+01
6.201992645784851987e+01
6.159377504192212882e+01
6.099325388291336481e+01
6.215058165694314596e+01
6.219159176872776129e+01
6.147274646060800762e+01
6.188858521162845960e+01
6.195945808028059787e+01
6.227095379397262320e+01
6.214917459986190806e+01
6.097944558916321967e+01
6.180220983214024244e+01
6.294861381871751149e+01
6.211646065450612753e+01
6.155744937276691076e+01
6.258663200243528735e+01
6.298380943846433411e+01
6.212656145982442268e+01
6.139715286440767983e+01
6.220978435119732808e+01
6.293522331017064175e+01
6.290336575900663973e+01
6.198961711811026021e+01
6.236031608138766558e+01
6.251753712649252748e+01
6.275661403310850517e+01
6.246273627978740706e+01
6.165378787325386867e+01
6.317397016371752727e+01
6.396988375451739728e+01
6.215137415163961521e+01
6.187088246582570150e+01
6.267346074514803433e+01
6.300802566416196271e+01
6.328977221054898195e+01
6.254279401392106763e+01
6.240187639698071820e+01
6.325525780151690469e+01
6.278106926703648583e+01
6.268678185028530692e+01
6.255315504153125516e+01
6.273944503124972982e+01
6.325280617974200226e+01
6.323437543106280145e+01
6.267032303653694214e+01
6.352686351320152625e+01
6.353637471230704392e+01
6.322459075089868463e+01
6.356790666423882641e+01
6.334214417422963095e+01
6.266112741007013653e+01
6.349198806854278132e+01
6.357956772401909262e+01
6.375231163889388597e+01
6.367588147246032548e+01
6.318727787185448364e+01
6.337001427112014085e+01
6.423170561594595540e+01
6.319096030641284756e+01
6.303944626168558329e+01
6.368090315989985584e+01
6.399913768587467899e+01
6.394337526842629416e+01
6.309334758897684026e+01
6.346203442147411522e+01
6.433858585166615285e+01
6.401702337173227875e+01
6.319669306230743899e+01
6.399966045145682614e+01
6.449923718065564060e+01
6.424939299218672772e+01
6.317804772188578966e+01
6.375929222649559591e+01
6.497231901419925748e+01
6.433950450894435846e+01
6.376035803837645943e+01
6.340167742545872187e+01
6.468423958325503520e+01
6.483236496312166253e+01
6.365528301680483025e+01
6.308920437113266644e+01
6.512019129330708722e+01
6.523497489421890805e+01
6.414941139174577245e+01
6.362381885609125476e+01
6.444934809043077450e+01
6.531410777109988430e+01
6.434759427536660326e+01
6.334737681545177423e+01
6.448606728807905597e+01
6.520123268284118012e+01
6.459892291261294872e+01
6.453850746128188121e+01
6.452729612404310444e+01
6.504715357117535746e+01
6.455959281570960684e+01
6.407084288470629474e+01
6.481898137681587002e+01
6.475018737507090805e+01
6.494748714628958908e+01
6.448101437147134618e+01
6.427869478817174809e+01
6.509005604112694243e+01
6.492374106481197771e+01
6.465739167353341088e+01
6.533997887268722593e+01
6.452141692109192661e+01
6.541685074403523004e+01
6.581638285131981547e+01
6.449518340710879727e+01
6.510967574669425062e+01
6.521770784573786273e+01
6.503899856958362591e+01
6.563490570805402058e+01
6.490636767272775387e+01
6.518750125157551167e+01
6.602069413566385947e+01
6.502890426456316675e+01
6.494370716234335816e+01
6.562783859230633254e+01
6.561034821654762084e+01
6.577598798466512164e+01
6.488958167040811986e+01
6.538388595937225034e+01
6.615478588927537373e+01
6.541329945560404724e+01
6.533862869451756694e+01
6.597288449520236497e+01
6.604519651993400942e+01
6.609479740249888380e+01
6.507645971674405416e+01
6.593336447589042848e+01
6.667782803854323959e+01
6.538230842989440816e+01
6.577088798272458803e+01
6.610513392061614013e+01
6.577574561932571839e+01
6.574716887824193634e+01
6.521058809596969752e+01
6.626355856832512359e+01
6.659410568527140128e+01
6.527093305526746292e+01
6.650704579947682760e+01
6.583956376792899334e+01
6.536828646787699881e+01
6.616689660943957563e+01
6.615756128515778300e+01
6.674401828765014955e+01
6.604624441213377395e+01
6.583499670027833872e+01
6.734901281881977297e+01
6.630977194893331728e+01
6.579776846107441202e+01
6.693373863215802544e+01
6.628963663836557885e+01
6.659693812558811032e+01
6.580778988984933164e+01
6.641413217245771250e+01
6.732695641275790877e+01
6.550622150814150757e+01
6.647537441413072656e+01
6.729051150183441621e+01
6.622720418304662360e+01
6.629207222167838154e+01
6.631373669474727706e+01
6.723622227361710202e+01
6.662309148158672656e+01
6.606888512275796188e+01
6.734986893634052763e+01
6.655595910325074271e+01
6.671322055166109521e+01
6.670409311957877208e+01
6.662439331869137504e+01
6.745099462993567840e+01
6.629466633893918015e+01
6.680527054753578398e+01
6.691919743363246198e+01
6.640668049110925608e+01
6.734568562904453870e+01
6.675131079050701999e+01
6.695944582704922254e+01
6.739863447699922006e+01
6.673071721095980990e+01
6.717987174050982446e+01
6.665933954027826758e+01
6.752276179263574818e+01
6.727718130069108327e+01
6.655281680175987447e+01
6.770777658023290257e+01
6.741127078674634276e+01
6.709839290333813722e+01
6.734042747368849291e+01
6.747710431335170256e+01
6.732519279412470325e+01
6.670499510311566382e+01
6.763958357238774965e+01
6.771208380696093343e+01
6.672327392520126921e+01
6.755018720055306858e+01
6.737738003139213561e+01
6.739064666718113017e+01
6.728628762722264867e+01
6.760108072657673972e+01
6.785214723494954114e+01
6.696663791881749717e+01
6.814554585010702681e+01
6.756380703187120673e+01
6.730152549160243325e+01
6.774025497465258638e+01
6.765043528284016361e+01
6.766405981609617015e+01
6.713907371880624453e+01
6.816295937326498233e+01
6.793886634981490147e+01
6.770134451534097764e+01
6.830677959216787087e+01
6.780782787888750818e+01
6.766236151017635336e+01
6.773425863660592938e+01
7.237414931040706279e+01
7.225132659491448806e+01
7.275584835540736606e+01
7.319140473453636275e+01
7.197289135650093783e+01
7.278769840529980684e+01
7.289537508175808966e+01
7.230598213472845259e+01
7.261437073192777802e+01
7.260309639552500016e+01
7.318847857914177268e+01
7.177038980725828310e+01
7.303760151644176801e+01
7.257860374943936677e+01
7.182372948817285874e+01
7.292878863517347554e+01
7.269387935300655101e+01
7.258636975290752957e+01
7.262142912177327503e+01
7.313710319477004873e+01
7.256046124499545158e+01
7.252052633461144637e+01
7.370180948593545622e+01
7.203774676851028858e+01
7.218332657359663074e+01
7.260347293718923822e+01
7.271387922482848865e+01
7.288478324191638080e+01
7.303245018632247820e+01
7.333818560915730700e+01
7.224147603218921176e+01
7.360825906554511278e+01
7.246962021995409486e+01
7.270270412125040593e+01
7.278814681488805149e+01
7.290655204606213147e+01
7.298349701837186387e+01
7.274652856450256877e+01
7.326765120578485835e+01
7.285042767011904630e+01
7.331509437521698658e+01
7.308181866185614695e+01
7.296062422754228294e+01
7.343205487348748761e+01
7.310060243895648568e+01
7.311915398630199547e+01
7.314852415624726234e+01
7.318679083509692873e+01
7.257262888449167804e+01
7.327238652812125963e+01
7.284497923829989929e+01
7.285916654739628484e+01
7.364296812224871758e+01
7.302313453334841142e+01
7.309110769582468947e+01
7.328006628750328844e+01
7.350930138698603855e+01
7.320988070520614599e+01
7.360987713872491156e+01
7.278265985825836992e+01
7.326278318294760084e+01
7.326508096272361570e+01
7.276666976659892327e+01
7.384677983507872057e+01
7.347569359219893670e+01
7.317189474583227593e+01
7.326134880284789119e+01
7.335734750492372314e+01
7.283659439379621858e+01
7.374343571528909536e+01
7.313547507957335370e+01
7.293968838857207970e+01
7.388255523048746909e+01
7.305909438295495306e+01
7.329252088286479250e+01
7.353736587971674510e+01
7.321469167802442257e+01
7.301692663844198705e+01
7.388460281949578246e+01
7.254962005993502316e+01
7.396975701323115970e+01
7.367289985554224074e+01
7.334108901672297520e+01
7.336072445781930185e+01
7.352341107140246379e+01
7.286510020127303733e+01
7.382844439639801237e+01
7.383804704966382815e+01
7.313089519755411061e+01
7.438773151133975148e+01
7.290434711443992910e+01
7.365646631936104427e+01
7.392111967896966007e+01
7.336635629314247353e+01
7.311511579643841685e+01
7.416998500425508212e+01
7.281893119036642759e+01
7.389890251041600777e+01
7.377717167587988456e+01
7.316176761048610899e+01
7.391435936487395963e+01
7.328746416033469302e+01
7.336802558664204810e+01
7.351440554490631030e+01
7.415556617049965382e+01
7.286897197729598474e+01
7.457378373537432026e+01
7.298989434458447079e+01
7.419746115722774960e+01
7.355648176806438698e+01
7.385025059669202108e+01
7.345239309113138404e+01
7.389299290175684121e+01
7.343778552899490819e+01
7.400559722369774818e+01
7.382820571087681571e+01
7.353178299635190740e+01
7.390854342349624062e+01
7.355626294471113624e+01
7.379306484803245780e+01
7.377846742748657505e+01
7.381514887866832453e+01
7.314850023402051704e+01
7.436307988429189209e+01
7.318449012812065746e+01
7.434134306478023291e+01
7.343044405438656952e+01
7.422303456640919705e+01
7.312245948665805884e+01
7.455334820290786979e+01
7.268863545614989619e+01
7.475576992507379259e+01
7.327463008384940224e+01
7.408008791945208316e+01
7.387414690824770958e+01
7.387289591071797190e+01
7.385241555919483858e+01
7.447663642255713512e+01
7.341842467872120892e+01
7.440808285545391243e+01
7.365990583237376654e+01
7.380417543301871319e+01
7.447212298394214258e+01
7.337204887555164134e+01
7.428417816483162994e+01
7.398497818464204556e+01
7.331397202866558871e+01
7.443975699209696018e+01
7.366184269833516396e+01
7.394558498054244922e+01
7.452398145838861865e+01
7.329340533488905862e+01
7.475093816609332009e+01
7.381556287038313258e+01
7.403937387609271070e+01
7.415362128645993778e+01
7.346453321082444177e+01
7.384869776476575964e+01
7.409128690802582184e+01
7.347422078879885987e+01
7.496657007795471372e+01
7.319116598116680450e+01
7.476022433512747511e+01
7.370884158119207541e+01
7.429410835247394118e+01
7.367567602405293314e+01
7.388732739782724934e+01
7.352090731686057268e+01
7.438864554167707865e+01
7.371439482610357175e+01
7.472502756420517755e+01
7.354899266837665550e+01
7.452790821976566349e+01
7.374118366396041324e+01
7.426972253791996081e+01
7.354435824590517257e+01
7.433429495789239638e+01
7.379862175237903443e+01
7.448425906637548621e+01
7.383714213658142000e+01
7.419883719966833269e+01
7.394846069457000226e+01
7.445239462719416679e+01
7.413842844022630629e+01
7.451737641761111774e+01
7.376682537953649899e+01
7.453172864959513788e+01
7.399513074662188217e+01
7.430503429046359543e+01
7.428191006040188427e+01
7.410161278993749079e+01
7.454720034766621950e+01
7.384084396659440586e+01
7.424171943310464883e+01
7.422061366759642453e+01
7.431557420084129717e+01
7.440199685737380264e+01
7.416775018040536338e+01
7.414130211505055001e+01
7.424440336120866846e+01
7.422233852817392119e+01
7.435854734291255852e+01
7.405142618842741342e+01
7.461917749809876454e+01
7.390275981032962704e+01
7.465917944318101718e+01
7.382567389112395517e+01
7.454617388760846097e+01
7.394826754859082030e+01
7.459181779437673754e+01
7.409207378654318177e+01
7.453466165947381228e+01
7.409122200547740533e+01
7.449378131315518203e+01
7.432938653824547259e+01
7.434230717096910723e+01
7.407118872792251807e+01
7.448503774204320393e+01
7.406324650971210133e+01
7.456673543394958870e+01
7.386088358353501349e+01
7.480400795480923648e+01
7.388552654977290501e+01
7.462208926819715771e+01
7.386909043847207101e+01
7.439741221592754528e+01
7.434826847939004324e+01
7.413294054184525805e+01
7.453152238808770846e+01
7.384499819861942171e+01
7.486268842390398959e+01
7.377395647875127338e+01
7.463397135975939989e+01
7.392706056069852139e+01
7.459933933871489842e+01
7.410358768330769408e+01
7.413754826266860221e+01
7.448518862731513934e+01
7.398042519469154854e+01
7.451442719682387406e+01
7.412715421607384769e+01
7.450394087533771881e+01
7.439403045066745790e+01
7.430365322122371197e+01
7.461365708003876307e+01
7.423155263712857277e+01
7.459919415926125907e+01
7.418055913960346004e+01
7.451595450203954840e+01
7.450824276943389179e+01
7.434872278217869734e+01
7.458814368265946371e+01
7.414133395724152820e+01
7.471406516810841936e+01
7.406476239916882776e+01
7.480680048256732562e+01
7.405223475424772062e+01
7.473206895631639668e+01
7.428518706698612561e+01
7.455745711838213197e+01
7.470110055793689696e+01
7.428141186137999341e+01
7.481014588825688350e+01
7.391966776655597471e+01
7.469028645324560500e+01
7.410430030975396676e+01
7.467999367623303897e+01
7.452399984643867015e+01
7.439792017649938316e+01
7.473437056672335643e+01
7.394314945580748599e+01
7.464996755847317900e+01
7.414739146443942275e+01
7.484651302128997941e+01
7.415477031151473852e+01
7.466066835280713576e+01
7.458547018770775594e+01
7.433101163734539796e+01
7.475131038392414951e+01
7.400156005497420608e+01
7.495590121207665391e+01
7.402255123501080902e+01
7.480253529064783891e+01
7.382255496314564880e+01
7.507080092246593495e+01
7.418899014010263215e+01
7.464994520657127453e+01
7.419654341858893076e+01
7.421942220269866652e+01
7.468220390130974806e+01
7.419978568721637657e+01
7.497116692556633666e+01
7.398511387979583276e+01
7.482075195711247773e+01
7.382423679891665813e+01
7.515410209837401112e+01
7.405154502961028129e+01
7.475623190312981592e+01
7.412524526901646027e+01
7.480717895801704742e+01
7.463524668784933169e+01
7.447627314320344283e+01
7.468365429358507868e+01
7.456037426745491814e+01
7.450187499784676959e+01
7.449221781182127700e+01
7.464276750034832730e+01
7.435259999536854991e+01
7.470307003585772065e+01
7.433625505412739187e+01
7.469135881677752309e+01
7.436368463009679886e+01
7.480502509083228802e+01
7.446105066390683191e+01
7.441505606339931944e+01
7.478096680008337671e+01
7.439569666579569684e+01
7.482220522809407726e+01
7.406307879560092999e+01
7.489908322446305533e+01
7.429388190218236332e+01
7.484016484826406668e+01
7.438879729705806199e+01
7.435926493952820238e+01
7.467802458344151262e+01
7.417502338570155018e+01
7.482254257708497391e+01
7.452668883606882844e+01
7.487940152139442773e+01
7.438986230153305712e+01
7.457797745511786047e+01
7.458267284796440322e+01
7.427730984431019579e+01
7.491962410069835698e+01
7.452091044275290699e+01
7.477817790092129258e+01
7.470639327924945405e+01
7.435255266753264891e+01
7.495273892864597087e+01
7.443903165310263148e+01
7.510509267675128342e+01
7.433612648742655438e+01
7.459223888916895362e+01
7.467836282133825421e+01
7.425858014788484240e+01
7.479401764778630479e+01
7.430973491672914122e+01
7.480934259497745131e+01
7.459288748528678070e+01
7.448351079026410559e+01
7.509083545514513958e+01
7.454581110839812652e+01
7.520738554895652328e+01
7.460335440028990206e+01
7.490491148041643044e+01
7.475057163724198972e+01
7.426266368457680755e+01
7.523564757410396453e+01
7.436295095639154340e+01
7.522154319578331183e+01
7.442763558287387582e+01
7.480632222512481633e+01
7.494802113086402073e+01
7.467778636771761569e+01
7.500531653954567446e+01
7.448315385806135680e+01
7.483659476718644044e+01
7.488565380990874587e+01
7.443041495902291160e+01
7.509333564021602569e+01
7.449743592392302105e+01
7.505045114323651489e+01
7.472551909805667947e+01
7.476969680597376566e+01
7.487085037405901744e+01
7.476440997211449258e+01
7.513222753986845248e+01
7.478174794729758901e+01
7.473010401020773941e+01
7.505649623327633435e+01
7.455817768928613987e+01
7.505834301691434973e+01
7.488092662701076563e+01
7.491308398214464148e+01
7.536754844757518867e+01
7.468675549856772022e+01
7.547065058882543553e+01
7.458867779110482843e+01
7.526370552995753371e+01
7.482251465266237744e+01
7.500270418037436571e+01
7.520111514233576600e+01
7.511865822171719742e+01
7.471155895406712943e+01
7.515753600916684718e+01
7.461693170333978742e+01
7.545894783819490215e+01
7.472321163753511541e+01
7.516204099651997694e+01
7.478951465681085153e+01
7.483954324325819130e+01
7.506262086864754224e+01
7.467265046107243620e+01
7.527043800997208223e+01
7.481087596056977418e+01
7.520288246391133669e+01
7.495810996913573376e+01
7.537955433491580948e+01
7.496035425626246251e+01
7.559979876402478283e+01
7.479237058922035430e+01
7.553407007271698603e+01
7.465162723558312052e+01
7.522758970442411908e+01
7.500541679164396669e+01
7.537086659716105430e+01
7.498862009310008148e+01
7.516562183654673390e+01
7.476103557224192286e+01
7.537963614296343451e+01
7.495003893821808560e+01
7.535833215180818456e+01
7.524454867367433053e+01
7.514929289154541436e+01
7.552839814967988730e+01
7.507416755544971920e+01
7.549067551253367014e+01
7.495555906807696545e+01
7.514887387947408115e+01
7.508724814338967235e+01
7.513160126819956020e+01
7.498831475523044787e+01
7.521915987711642515e+01
7.505419481956691641e+01
7.528937358552651915e+01
7.525140399608970654e+01
7.514934662469003968e+01
7.539604186997871693e+01
7.512964572214072234e+01
7.529096117019409462e+01
7.540271774944083916e+01
7.499963063791581419e+01
7.551703448291901566e+01
7.516184983103039485e+01
7.536765614501611310e+01
7.541109761843884485e+01
7.516857927153905905e+01
7.547287256867601002e+01
7.526648417711948014e+01
7.536535811563825860e+01
7.519359161858007212e+01
7.532166411146792484e+01
7.510698234271515616e+01
7.565378592576168160e+01
7.501705588762109755e+01
7.574330689074115242e+01
7.529791897144971813e+01
7.538509764189993234e+01
7.561719917847221950e+01
7.521573391712959733e+01
7.566181577086035759e+01
7.519042197571558006e+01
7.550060093202645817e+01
7.525914566211329770e+01
7.566522063455022362e+01
7.505770106035966194e+01
7.581583725086173331e+01
7.513610081991616596e+01
7.559068382772221639e+01
7.553554363404633420e+01
7.513392126886942890e+01
7.580846401969955650e+01
7.509519775221215809e+01
7.562052586551791933e+01
7.539994569153819270e+01
7.543590259994716973e+01
7.537744769317667703e+01
7.562545217580698420e+01
7.533207283699076129e+01
7.557838774204850552e+01
7.554905285731750553e+01
7.515585212255874126e+01
7.597707470913120176e+01
7.517036111869168735e+01
7.568269218903432716e+01
7.557837734603020863e+01
7.537436453402362702e+01
7.575040793547924522e+01
7.543056708523921827e+01
7.557996167287433309e+01
7.557565417104211747e+01
7.561505543310745736e+01
7.535889730842430367e+01
7.592624356687007037e+01
7.520224465983781670e+01
7.580596624124798666e+01
7.574127749613955984e+01
7.532192878540901404e+01
7.597660429030538864e+01
7.544028266106606395e+01
7.561903805479946072e+01
7.586007321563461403e+01
7.555802064512674576e+01
7.556615257776596195e+01
7.586062256572900253e+01
7.536141381023665531e+01
7.574062024126138226e+01
7.560374808721249451e+01
7.543050434237959223e+01
7.569493656830069028e+01
7.556931362133079233e+01
7.562133244804458343e+01
7.568086349135283797e+01
7.584642045739295213e+01
7.527779806379921013e+01
7.609628246965374387e+01
7.528221276968240261e+01
7.582342531071196845e+01
7.590718998314763155e+01
7.546377940479240465e+01
7.595109773190141311e+01
7.557122728483794560e+01
7.564388603519289234e+01
7.563400872234858241e+01
7.584898154738323228e+01
7.543941064479396630e+01
7.600924788263844789e+01
7.562166994344454451e+01
7.554259905306821565e+01
7.618709983855477219e+01
7.537642613787224377e+01
7.604202982585688630e+01
7.576041061641254259e+01
7.544872832189241763e+01
7.585350402358730548e+01
7.576381904885759866e+01
7.577678783989226474e+01
7.564628054232163379e+01
7.601845286412992664e+01
7.544848932619481729e+01
7.600819390505520801e+01
7.596127239010475307e+01
7.540676371682793899e+01
7.622582372644762927e+01
7.555134043489799467e+01
7.579231016722987135e+01
7.600230175973645430e+01
7.566162826226468496e+01
7.579982483696662143e+01
7.601574721103075660e+01
7.561503759294859606e+01
7.566112718244666269e+01
7.597782628055838927e+01
7.571201957474740141e+01
7.577972899703010512e+01
7.622980488402640731e+01
7.559370615705627472e+01
7.588967166350356308e+01
7.605498526218389088e+01
7.529135491092291943e+01
7.630303510215733809e+01
7.576930170152435551e+01
7.558507796196118989e+01
7.621306562850622868e+01
7.575171413364418527e+01
7.581697554948952700e+01
7.595081570698218343e+01
7.587528645719491749e+01
7.559524777516229221e+01
7.618136035277706242e+01
7.586944518627332457e+01
7.548178473711429604e+01
7.651829377123300446e+01
7.550910049162855842e+01
7.585469068646135327e+01
7.625803884880218675e+01
7.584630969397485956e+01
7.613597578989116244e+01
7.592745074474942157e+01
7.596372973848882282e+01
7.582235426142554502e+01
7.607036854522112890e+01
7.578398129220300916e+01
7.588518837938663353e+01
7.631150854871633271e+01
7.570450976542547039e+01
7.603275896246732657e+01
7.621073862705159740e+01
7.575518272343758497e+01
7.588010415766545691e+01
7.622395483564325502e+01
7.569582863478939316e+01
7.602535669093057891e+01
7.636526367373255653e+01
7.547915552334673350e+01
7.637204349832961725e+01
7.599399232688381289e+01
7.575007566489533417e+01
7.615697968573834942e+01
7.595787018763523690e+01
7.592785631010383440e+01
7.599473113520465972e+01
7.626321242145020562e+01
7.571591813642461943e+01
7.608906137463978325e+01
7.625022971177349973e+01
7.558795606130520639e+01
7.646257377979885916e+01
7.592121375755829149e+01
7.584044302702105256e+01
7.640915205985878345e+01
7.588280889259532103e+01
7.607399188842123294e+01
7.612961239075639241e+01
7.599623437289368155e+01
7.612933969861902028e+01
7.597933907691140121e+01
7.631240300100452600e+01
7.594440510353364004e+01
7.616673839558060877e+01
7.625153722309215709e+01
7.583558651331459544e+01
7.623776305084903981e+01
7.629411120758493325e+01
7.573846938363665515e+01
7.628717340550110748e+01
7.602068193244828365e+01
7.592611839248829142e+01
7.626112644154758868e+01
7.600791784372043480e+01
7.606089888282595268e+01
7.617128215133179481e+01
7.619782674057964300e+01
7.599764174007806616e+01
7.610892629525102393e+01
7.630477706399065596e+01
7.593733713824812526e+01
7.609639775958822838e+01
7.654914766969652362e+01
7.555839387417850617e+01
7.648150282404664324e+01
7.620217603470726431e+01
7.584346375002100160e+01
7.635816422050224617e+01
7.618719573793248401e+01
7.612998770868802012e+01
7.618647935547792827e+01
7.625643912927205292e+01
7.618610545887084129e+01
7.604191420523667944e+01
7.658935845113813912e+01
7.597429880924553913e+01
7.602279387685054246e+01
7.660378638290092113e+01
7.600344899481751781e+01
7.600482656686816085e+01
7.636493058891714725e+01
7.602482929983217730e+01
7.615621322917543523e+01
7.641375527633844911e+01
7.622362925738748629e+01
7.606760709432022338e+01
7.631370102292555657e+01
7.632421471681593061e+01
7.602407796086109215e+01
7.644363308313788252e+01
7.396664304722081340e+01
7.390703930008912437e+01
7.391647320308283042e+01
7.404992412964215021e+01
7.381549433511138147e+01
7.389998204434257900e+01
7.413277522973761791e+01
7.382901860029603824e+01
7.374490638637502116e+01
7.415458417846393502e+01
7.361004173922323446e+01
7.383794189344197889e+01
7.400029622526139406e+01
7.383548913947019798e+01
7.380704147764765821e+01
7.379540897499310859e+01
7.382486496373209661e+01
7.370016050121793683e+01
7.373301701198427338e+01
7.392241660487876231e+01
7.354761117939321480e+01
7.369236511097855669e+01
7.388506004139425443e+01
7.343471849397035101e+01
7.365346555467905887e+01
7.380359858955499419e+01
7.347239592872236358e+01
7.364761901989398041e+01
7.371961720828744546e+01
7.357195059711710883e+01
7.367631292211828509e+01
7.351063468118836397e+01
7.369869450607542660e+01
7.353101407921413113e+01
7.343925821252881292e+01
7.375248039108105047e+01
7.339223820404131970e+01
7.336642552268484962e+01
7.370486575437035981e+01
7.329707120220137995e+01
7.355489639449587003e+01
7.356491251870012604e+01
7.334474144693949427e+01
7.346381352328683079e+01
7.336616192346016874e+01
7.340725133082719367e+01
7.345434615730621886e+01
7.309737811129851082e+01
7.363172498440118829e+01
7.329053979378703332e+01
7.324398713419967066e+01
7.349816779846176473e+01
7.321372718543004510e+01
7.328027565830319645e+01
7.338096482738083637e+01
7.315946925518122157e+01
7.336820860197600780e+01
7.320498590192980259e+01
7.325236094984747126e+01
7.332553388108436820e+01
7.306588760652707037e+01
7.330100959881526990e+01
7.320936705477174655e+01
7.317996968534214375e+01
7.326643668354357430e+01
7.318344206407353170e+01
7.312367115981419374e+01
7.312193019977435426e+01
7.309860360663566325e+01
7.316810062763897804e+01
7.297027540770226040e+01
7.313141367964040285e+01
7.309807441889476820e+01
7.293904363176308436e+01
7.311200151887979359e+01
7.292667122545809377e+01
7.312326805988772094e+01
7.295238720745122407e+01
7.289357999819836209e+01
7.323384179996877208e+01
7.292571157068687171e+01
7.283622341575060943e+01
7.326692424716490848e+01
7.268107203672818173e+01
7.295794080725133313e+01
7.298943087290768972e+01
7.282250867287606866e+01
7.299349801535214510e+01
7.280088651277422684e+01
7.291661225831252580e+01
7.298920890635729108e+01
7.253200353379699550e+01
7.300889994492705171e+01
7.288316479129554182e+01
7.248037337144441494e+01
7.294434334079144833e+01
7.276558062295310947e+01
7.264088861519282148e+01
7.281229020404458652e+01
7.275109434502519434e+01
7.265624083967666991e+01
7.273701151112094010e+01
7.258086794000129771e+01
7.284430606516625062e+01
7.264998625721828773e+01
7.253604380621658265e+01
7.289010697426364516e+01
7.262426544996102962e+01
7.241268190847571873e+01
7.271068877354225890e+01
7.265118857837221356e+01
7.241527367478337851e+01
7.255627111963116249e+01
7.267133303785507792e+01
7.243139064750445755e+01
7.243808273776433282e+01
7.266273460190443245e+01
7.257043638625629001e+01
7.240224676443821750e+01
7.247538087325621348e+01
7.257241815490333181e+01
7.232706842449979945e+01
7.223409104751497978e+01
7.260755159599429476e+01
7.239655810998704055e+01
7.209101423111175677e+01
7.248690084678146661e+01
7.248353233112308658e+01
7.217947280843102931e+01
7.243236908298855781e+01
7.237290517057417105e+01
7.227542677522531278e+01
7.222963690466900744e+01
7.224672287494503564e+01
7.243604329130988617e+01
7.229795884962800301e+01
7.207326427999727514e+01
7.232353753729293544e+01
7.227269697074515875e+01
7.198582225678750035e+01
7.225539620815139585e+01
7.233138450415822263e+01
7.195299476960346396e+01
7.212542039791368609e+01
7.231287656201446623e+01
7.221121897068837825e+01
7.195497862668899813e+01
7.203953361944482481e+01
7.221962171314348211e+01
7.199674922333042559e+01
7.191190611375823494e+01
7.216781377660575458e+01
7.204120605368628105e+01
7.183679382037266237e+01
7.200138002874459175e+01
7.209021162643350067e+01
7.189289525447289009e+01
7.188427840193244833e+01
7.213828021679289293e+01
7.195342817290777759e+01
7.183795774647558119e+01
7.197765471420314043e+01
7.195491016585972943e+01
7.184419898325616316e+01
7.187367175912834227e+01
7.180819211450868522e+01
7.185298104776727257e+01
7.192138729746997683e+01
7.175958119029486681e+01
7.183070659720613094e+01
7.183514646225192735e+01
7.158054811238312709e+01
7.186273683132245083e+01
7.183119486700478262e+01
7.158226023378934144e+01
7.182203006382812305e+01
7.174129319711707353e+01
7.157557111294340757e+01
7.174917413755942164e+01
7.147485286489033740e+01
7.151231903075930063e+01
7.183975257780427626e+01
7.143870070533583316e+01
7.157405158496490571e+01
7.179965454197707686e+01
7.144964865805266641e+01
7.155746470499030920e+01
7.165780615331962622e+01
7.145218646415449371e+01
7.153275940040981595e+01
7.156921326356898305e+01
7.136653025796371708e+01
7.154359039912108642e+01
7.147783769092933426e+01
7.144316128665769838e+01
7.160843843220384031e+01
7.149159912661932026e+01
7.131275635562926141e+01
7.139676161840361601e+01
7.140100070930050435e+01
7.136218443279520329e+01
7.134149626674540912e+01
7.135309375019511435e+01
7.138824656632537824e+01
7.131090985768062751e+01
7.127009378451829491e+01
7.134390484079902706e+01
7.135073478433599803e+01
7.115507099230958943e+01
7.115968487624064664e+01
7.134697966667401658e+01
7.128558683001165264e+01
7.107336565868726552e+01
7.121790078608506747e+01
7.139954189536771878e+01
7.101764537653052400e+01
7.110266737531449621e+01
7.125918326209507825e+01
7.114900894137315390e+01
7.108721113704008587e+01
7.106868716060407110e+01
7.105312642848372207e+01
7.125139016094357203e+01
7.097758708207067002e+01
7.103175726672712642e+01
7.116106412499418354e+01
7.106773451039606471e+01
7.082463214664639395e+01
7.106717806843015239e+01
7.112303629295158203e+01
7.082272607241812068e+01
7.099289176751797470e+01
7.114493924549276471e+01
7.100845838305515656e+01
7.098844718855704627e+01
7.083265057953659039e+01
7.092851735796986645e+01
7.095927996136646243e+01
7.077578457794716371e+01
7.084627517144130593e+01
7.103796921996047331e+01
7.081080494426464611e+01
7.055134502651546313e+01
7.089655623901548154e+01
7.087574420645947271e+01
7.061857824108895443e+01
7.075018475173196464e+01
7.078337287598996852e+01
7.085347940953064949e+01
7.063194126682336105e+01
7.067739659418816700e+01
7.073167967634702791e+01
7.085567356551443652e+01
7.049571320424115584e+01
7.057283368254546474e+01
7.085042821460272933e+01
7.054881202384437699e+01
7.046506121759816210e+01
7.074330314168874168e+01
7.062603867416738979e+01
7.051014963885978659e+01
7.047713525780395116e+01
7.066365427201806426e+01
7.065293082262445523e+01
7.048859451313032309e+01
7.040200535081595490e+01
7.065215806584048153e+01
7.049875337163292954e+01
7.040496468881643466e+01
7.041768293186774486e+01
7.053981183130261456e+01
7.049077931389598461e+01
7.032758576514632409e+01
7.030736716133040431e+01
7.058568995751259934e+01
7.037660930696377193e+01
7.023364248044183000e+01
7.044549887883717076e+01
7.040260491829371858e+01
7.027972680970876240e+01
7.031426726420238538e+01
7.021554625711647191e+01
7.032338578692403530e+01
7.037551657875499700e+01
7.005841080644999863e+01
7.028838142408517342e+01
7.051204249389267886e+01
7.006268778148492515e+01
7.009192317934756034e+01
7.051618667368045124e+01
7.013654142981594930e+01
7.002740007353119722e+01
7.037595119227508178e+01
7.020038223871864602e+01
7.010772422552803107e+01
7.016951881943712976e+01
6.998433014951520192e+01
7.016148667382122994e+01
7.025182524401502349e+01
6.990292639251936180e+01
7.006267585612508242e+01
7.026278121226718554e+01
6.998470049674867255e+01
6.995317166476121429e+01
7.011100628802326185e+01
6.994984539999589401e+01
6.995397844658590714e+01
7.000104841291820890e+01
6.992465141159460984e+01
7.011509372914463256e+01
7.002265106345123513e+01
6.982351355985672114e+01
6.996256018170612379e+01
7.004634035590767382e+01
6.983469774484399295e+01
6.979870623374327465e+01
6.995868199595621206e+01
6.996996921833637373e+01
6.983270001255088744e+01
6.985048699853237508e+01
6.996006215838519893e+01
6.995496213357570525e+01
6.974693517684698918e+01
6.979609717868383711e+01
6.996958435531917075e+01
6.984382486167491777e+01
6.979026285802575558e+01
6.980989671255299811e+01
6.988896418941786237e+01
6.983198999088109815e+01
6.970083577472108516e+01
6.965849899062938277e+01
6.985236762412145595e+01
6.986489522845862155e+01
6.971337136794146261e+01
6.977652974588932011e+01
6.994933721223338807e+01
6.972944566516252962e+01
6.974542364277610318e+01
6.986735267927322468e+01
6.987457999451461887e+01
6.971354202706399406e+01
6.990610675041443756e+01
6.973920801315141205e+01
6.976270786563355841e+01
6.995802731364955207e+01
6.969897908037675904e+01
6.972285151523421121e+01
7.006794044037530966e+01
6.975536033356095800e+01
6.962840852474298003e+01
7.006103029156962236e+01
6.996422956903170132e+01
6.961293025553892733e+01
6.994608542542454188e+01
6.989431244499927232e+01
6.976621115840539744e+01
6.998055848227714648e+01
6.983644880984310532e+01
6.977635699601971453e+01
7.006923312272400040e+01
6.984102118832369399e+01
6.965166701778170477e+01
7.011233858650317075e+01
6.993283984272795806e+01
6.963666250861921014e+01
7.002416190369716276e+01
7.008951214293965393e+01
6.976371905524862882e+01
6.990857194755396620e+01
6.999550406437700190e+01
6.994533510464398773e+01
7.003177480300149682e+01
6.996451180791771662e+01
6.991281079829551004e+01
7.008459551304983393e+01
6.997458813015073531e+01
6.984839153575707371e+01
7.001204837138888593e+01
7.013041567589347380e+01
6.990923477909650785e+01
7.003810621780527867e+01
7.001006031075642966e+01
7.007152804438609905e+01
7.009695741969225935e+01
6.993264318327391038e+01
7.006609677627101007e+01
7.020049783002120591e+01
7.004542896810679053e+01
6.992035573125005499e+01
7.011105556908256631e+01
7.015949349152083414e+01
7.009967711643386679e+01
7.014436424667019310e+01
7.003246614464720210e+01
7.019813605412834079e+01
7.019044701769180961e+01
6.985487909108285010e+01
7.012931095775357448e+01
7.037324704607075887e+01
7.007474542436033005e+01
6.996027048426938677e+01
7.032418915361772349e+01
7.032907123569282248e+01
7.007369159359170396e+01
7.021375013553659983e+01
7.026653887600903658e+01
7.019071399091197350e+01
7.024985943320368165e+01
7.013694946651249040e+01
7.015165681722433533e+01
7.034887601516882683e+01
7.031913301226131807e+01
7.005957570533146850e+01
7.027467702975887676e+01
7.050310895344779283e+01
7.016058271500274657e+01
7.012583180253994897e+01
7.034550628277114015e+01
7.046341830606883150e+01
7.024404476329966940e+01
7.030611597260177348e+01
7.037550718572943254e+01
7.033385021794872216e+01
7.045630177062238886e+01
7.025663779678953347e+01
7.021680963916719520e+01
7.051914322463852614e+01
7.048943598533693944e+01
7.013609141332666752e+01
7.046220135259866879e+01
7.060528644916091423e+01
7.032276004447700757e+01
7.028769571127516258e+01
7.048763442418736247e+01
7.048377460922623072e+01
7.047411995082798342e+01
7.040180573626302873e+01
7.034387870818699184e+01
7.049571889117014223e+01
7.062182802026724460e+01
7.039190407815220851e+01
7.027227656693432323e+01
7.071308209928341171e+01
7.060135688980230384e+01
7.034257773499844291e+01
7.048266583952975850e+01
7.067347543530162568e+01
7.055984479294031075e+01
7.048641249442469814e+01
7.051633168456976364e+01
7.067062384126893448e+01
7.065739245673310620e+01
7.049786777073508404e+01
7.050923503233580902e+01
7.061857919513631998e+01
7.073021008337775584e+01
7.053313944899949206e+01
7.048186320650447101e+01
7.058958328369186574e+01
7.075941652726191933e+01
7.070650866730642292e+01
7.053760326125760116e+01
7.071604221850328997e+01
7.084537628435552392e+01
7.056736685581365975e+01
7.052430793266654518e+01
7.076738885711414184e+01
7.078594944968207869e+01
7.059589398855374043e+01
7.077636508493833389e+01
7.063645157277673547e+01
7.071244293854287832e+01
7.092929458801334874e+01
7.077964536468776657e+01
7.062495097057393423e+01
7.083069443822394362e+01
7.081852997297497154e+01
7.068212657167161694e+01
7.071865009525649270e+01
7.076778779226555116e+01
7.076217242299398436e+01
7.082718797670307254e+01
7.081299129149998350e+01
7.086382502929900795e+01
7.083852120797271823e+01
7.090940125682996609e+01
7.088787350224203010e+01
7.074056655712348629e+01
7.095661169638670174e+01
7.093718161360772001e+01
7.082924723958629443e+01
7.086707737009278674e+01
7.089186002106845308e+01
7.099101430155268133e+01
7.090844620128945053e+01
7.093417815817358019e+01
7.097944033189523338e+01
7.086562102459618018e+01
7.093850530061406801e+01
7.114924638732125572e+01
7.093107809532267538e+01
7.089529210263775383e+01
7.117114799908898704e+01
7.102601443905675183e+01
7.082758557341449546e+01
7.109454468992068144e+01
7.113049458490546328e+01
7.094257907479365599e+01
7.102407586136610007e+01
7.106827569664099542e+01
7.101499978923926903e+01
7.111335623692110630e+01
7.120121685229275954e+01
7.096110681867747871e+01
7.101531070925867084e+01
7.131452368631603633e+01
7.108372659030933960e+01
7.087717118854187959e+01
7.122450974894120179e+01
7.122794161847245675e+01
7.104010459896018403e+01
7.111796195139142185e+01
7.116978257284115728e+01
7.113466400862068895e+01
7.117834913926759555e+01
7.126455547913344901e+01
7.103063408446389815e+01
7.123839779694758079e+01
7.144612920980785020e+01
7.116239225276568447e+01
7.112901552540897399e+01
7.127190026407348000e+01
7.134570969007603480e+01
7.128618501310855038e+01
7.117265926626096473e+01
7.122206573205376401e+01
7.132435884932795034e+01
7.139804207967810612e+01
7.114634055155873682e+01
7.120586583801710390e+01
7.134936467626259571e+01
7.140335110891729187e+01
7.121849681545556621e+01
7.122327549753249798e+01
7.137733711489194377e+01
7.145008487886150306e+01
7.140112604254990458e+01
7.115349682842787615e+01
7.138754438700502192e+01
7.158986183229859535e+01
7.145691588816805506e+01
7.125932109791375524e+01
7.142483484395044968e+01
7.161775437360179808e+01
7.138443259186371392e+01
7.135981888995792133e+01
7.149704455779638579e+01
7.138522504385045409e+01
7.152777044973655052e+01
7.153120973602608501e+01
7.129195776493794767e+01
7.137225540410409508e+01
7.170763410596765652e+01
7.155417792863940463e+01
7.129838262349107936e+01
7.160071760032116117e+01
7.165146017014751578e+01
7.148341060261033419e+01
7.146060839017445687e+01
7.155778352151591548e+01
7.155240169775376557e+01
7.166500023436574907e+01
7.160671037612497969e+01
7.143898693156603485e+01
7.150685445095935222e+01
7.175315145322323929e+01
7.160824137499386666e+01
7.142763141314040354e+01
7.156799976643740990e+01
7.182853052524494331e+01
7.162796550685612829e+01
7.150705527734731959e+01
7.173459203569707654e+01
7.178675118914350151e+01
7.164593632244486798e+01
7.163457177567919132e+01
7.170523766011787359e+01
7.168230406311892011e+01
7.166284742932000995e+01
7.175206372664737842e+01
7.176485171274347863e+01
7.161226655305418376e+01
7.173979551342897309e+01
7.190495026368934361e+01
7.162466002814772992e+01
7.168603881415870660e+01
7.184305361298132198e+01
7.177039850382354302e+01
7.176049358112534549e+01
7.186854999539113464e+01
7.178405240559720824e+01
7.176049073739076789e+01
7.190270723315406087e+01
7.177159799376403271e+01
7.171520462696133791e+01
7.190795938012294641e+01
7.187541732310192799e+01
7.181767840212603460e+01
7.181695886715210975e+01
7.189455205596999576e+01
7.187781273714094255e+01
7.184767376889072921e+01
7.194905761794123578e+01
7.185253220417048681e+01
7.191571165909481067e+01
7.198330350742361361e+01
7.199015728473941067e+01
7.182171020819373553e+01
7.193217450357549581e+01
7.193467979177341931e+01
7.199042343621539430e+01
7.199423825830885448e+01
7.189938705383249840e+01
7.191343068995838905e+01
7.207457604356767433e+01
7.204504051765047734e+01
7.182643406009000842e+01
7.197903338514259985e+01
7.202477240076905218e+01
7.198733138445676616e+01
7.208997329045385527e+01
7.198857579494132608e+01
7.194667184348456601e+01
7.211816423226133566e+01
7.230888288574632838e+01
7.190453240171579807e+01
7.188368227081235773e+01
7.225212841650099449e+01
7.224326523606397643e+01
7.191049590277559389e+01
7.204937123440696212e+01
7.222369153287898769e+01
7.201400376765741385e+01
7.215189428859430620e+01
7.228631982112220555e+01
7.201623320625722613e+01
7.212260729606096277e+01
7.239170929925950304e+01
7.213010584630912092e+01
7.194997264281516891e+01
7.237785896274766628e+01
7.231530446135357693e+01
7.209452608805180773e+01
7.214197358543407290e+01
7.234383929244226863e+01
7.225014106369766864e+01
7.227252013134540221e+01
7.232016941598305948e+01
7.214859509300072204e+01
7.220331134694818331e+01
7.243151009196299128e+01
7.234399680511988606e+01
7.205727091833821873e+01
7.225459033370916018e+01
7.280046080792044449e+01
7.276223915115349428e+01
7.234562964249928996e+01
7.234256053192790148e+01
7.254470500899208218e+01
7.261050287215073240e+01
7.240862656379064788e+01
7.216969212420615065e+01
7.225708312885645057e+01
7.268611724177139877e+01
7.259195266452482542e+01
7.234312561566942179e+01
7.209371781279546099e+01
7.248555529190834079e+01
7.262139950333407512e+01
7.231375720152585984e+01
7.210328957427151408e+01
7.235533885729562087e+01
7.252909645471623890e+01
7.250686243228579997e+01
7.201790695707030920e+01
7.227122620418390397e+01
7.266335711795841235e+01
7.244439599149076514e+01
7.217006778427770541e+01
7.223756896212778145e+01
7.233434445686604874e+01
7.238839636301861447e+01
7.244012366051202889e+01
7.220643039977447586e+01
7.195302321994859085e+01
7.240829123181319460e+01
7.267829174461371622e+01
7.214190433431544136e+01
7.172313147165954206e+01
7.231271866458578756e+01
7.247180506713432635e+01
7.204578519540534387e+01
7.203961651414469713e+01
7.220614768787841342e+01
7.210179088172827733e+01
7.222859787648486929e+01
7.229756870095388877e+01
7.204609356576303014e+01
7.186879225637102309e+01
7.230862744693021682e+01
7.241301097637119710e+01
7.180926250908497366e+01
7.185380243391327326e+01
7.238232950502322183e+01
7.222587147911428929e+01
7.183269432101174345e+01
7.198340596416815629e+01
7.207789395622300788e+01
7.216986528354658503e+01
7.209917477018214527e+01
7.199502704494351235e+01
7.188247959607004134e+01
7.211740142034371104e+01
7.222423086673528303e+01
7.195937310193856717e+01
7.175055638171664896e+01
7.195608906474495825e+01
7.216359516908829619e+01
7.189719104685377715e+01
7.165446474404022581e+01
7.193872663024060898e+01
7.207910160413118206e+01
7.181092844020422206e+01
7.188908331161771059e+01
7.185984879550746030e+01
7.191422309201644225e+01
7.183485257144269553e+01
7.188135125314234131e+01
7.196829757182834442e+01
7.171124973733439845e+01
7.170791940077555182e+01
7.211206613376660357e+01
7.180602827932082732e+01
7.162837167794988602e+01
7.179376642438016631e+01
7.201412411443232031e+01
7.181824055707265586e+01
7.170811708266347750e+01
7.177590648268569851e+01
7.166495585657301604e+01
7.173319224386328585e+01
7.188299397793907985e+01
7.186224840371893663e+01
7.159056684610999355e+01
7.187641532677741907e+01
7.201260827195457637e+01
7.147280563613877291e+01
7.135993581759302629e+01
7.181821415026172417e+01
7.174835397066701148e+01
7.144180006263059113e+01
7.147127112113069813e+01
7.175779410542102710e+01
7.171878558443691531e+01
7.153982466560131570e+01
7.160162537206647926e+01
7.159708013684488037e+01
7.156073135286965226e+01
7.147142756591597390e+01
7.164760924060814773e+01
7.172837856672718715e+01
7.155346265433256292e+01
7.156800347136092455e+01
7.174538852740705863e+01
7.155782850400997575e+01
7.137147183234748127e+01
7.153639080404259687e+01
7.174017527852421949e+01
7.140227436874215527e+01
7.132625649313658300e+01
7.157829261832883105e+01
7.140596893582896598e+01
7.149577729443925023e+01
7.153450530465985935e+01
7.135772118686239196e+01
7.145085656251360717e+01
7.153752665089146490e+01
7.152688353948124700e+01
7.133705148800581242e+01
7.126650361263378386e+01
7.166264172566067714e+01
7.154547691369965889e+01
7.118899391500536922e+01
7.115515837748495187e+01
7.141981641736175845e+01
7.135394756919995984e+01
7.111558337970095067e+01
7.132083062258777773e+01
7.132588669057412289e+01
7.137912937624513177e+01
7.142727278315723538e+01
7.129573090323964379e+01
7.116522624104420913e+01
7.129278023082228799e+01
7.143877886767910468e+01
7.149483393436641165e+01
7.098705058298556025e+01
7.115568707883096522e+01
7.138171727738577488e+01
7.134151714255176557e+01
7.101720616979189060e+01
7.104969804041436987e+01
7.123950286343696803e+01
7.110610161992384803e+01
7.114686907581896946e+01
7.118408261174130303e+01
7.098340229199197893e+01
7.088210536788811567e+01
7.127922741088610792e+01
7.141742598961683086e+01
7.096342792816858491e+01
7.086002988470031028e+01
7.125042055095654803e+01
7.137617998635205652e+01
7.095324838183243799e+01
7.078205886416496639e+01
7.106581124930055182e+01
7.134881105330049422e+01
7.103910139897587328e+01
7.082783697387714028e+01
7.088992254346861444e+01
7.100650481819752713e+01
7.126504629347928699e+01
7.103853723111141960e+01
7.073245257788273932e+01
7.087639930501431706e+01
7.121274027947713137e+01
7.121092262948729967e+01
7.083614606662307267e+01
7.057759702938324153e+01
7.119175310659440470e+01
7.119830369304075646e+01
7.092856198657199229e+01
7.064495182039399879e+01
7.087904385715511069e+01
7.101087874259748389e+01
7.089681186422552628e+01
7.092664240997726210e+01
7.082395161092804869e+01
7.064587981266761574e+01
7.089040843070905851e+01
7.119625706693953759e+01
7.060942548366544713e+01
7.035900592653825925e+01
7.086674214633720226e+01
7.124939770165224218e+01
7.080535626026770046e+01
7.038166260266737595e+01
7.083746545981054510e+01
7.084091930794073733e+01
7.080235783051010401e+01
7.082185451010651889e+01
7.043641262350877241e+01
7.046869955165654176e+01
7.086759587219614787e+01
7.085274482655408690e+01
7.061100262711447328e+01
7.033377502114197455e+01
7.074009861737091853e+01
7.090031426133765535e+01
7.074921316684955741e+01
7.049708297123177658e+01
7.051963134160301649e+01
7.075746292358934397e+01
7.092312397172185001e+01
7.064751823402654907e+01
7.035285552380923946e+01
7.057072727049407490e+01
7.080976869466880430e+01
7.076718124609985239e+01
7.045311261239777423e+01
7.044444081496411059e+01
7.056855295068628209e+01
7.061115163353062485e+01
7.088731768919808474e+01
7.039936842561833430e+01
7.010038480912520242e+01
7.065187108127518911e+01
7.080205064781561930e+01
7.035639553055393947e+01
7.025656504849851558e+01
7.077959427617129506e+01
7.040707728836778756e+01
7.029743642043558793e+01
7.047631104994670181e+01
7.061577722505191446e+01
7.016653159508209114e+01
7.049364245852717659e+01
7.077224466849186513e+01
7.025652306507633682e+01
6.994617802075501345e+01
7.047480613826117235e+01
7.071890225666363960e+01
7.004784385597346841e+01
7.020570709647400065e+01
7.045021256411504851e+01
7.039184479011373696e+01
7.022459129510140485e+01
7.066217861115313781e+01
7.029986015679479294e+01
6.989901655252627677e+01
7.034414575662508184e+01
7.065366696089731136e+01
7.014452247823497544e+01
6.993108595138750161e+01
7.046724980121567228e+01
7.031319315832034533e+01
6.997653040442327210e+01
7.023909346117731900e+01
7.039191403391181723e+01
7.015203990730508110e+01
7.005551621476338653e+01
7.036614252427065708e+01
7.022108839321754203e+01
7.000755196902807143e+01
7.021880004706085288e+01
7.021533130095474462e+01
7.009844504828447498e+01
7.025904742587677276e+01
7.016304539378133143e+01
6.996231253991483356e+01
7.015319732908136530e+01
7.040109370339396833e+01
7.005678350208523852e+01
6.987037988557399615e+01
7.019732255286672284e+01
7.016512112791622258e+01
7.006069017049958347e+01
7.014553977477297053e+01
6.998119520828407758e+01
6.979054287180699134e+01
7.002111954580718134e+01
7.028627708276759734e+01
6.989682146924226913e+01
6.978401523838653020e+01
7.018050985580268275e+01
7.025546920955197550e+01
6.981742456502749405e+01
6.985310088940394735e+01
7.013609528971288398e+01
6.987910327038113678e+01
6.984423791922853297e+01
7.013257316995257895e+01
7.001167553643666963e+01
6.954635337701678566e+01
6.985158779608289592e+01
7.035949299847034411e+01
6.986634045725321585e+01
6.952433329688867047e+01
6.989714730515359520e+01
7.007743003783686220e+01
6.982170040917641529e+01
6.971809922992001418e+01
6.977684847953084102e+01
6.984291674766905089e+01
6.981385556765249589e+01
7.007537774321350810e+01
6.991975049409627729e+01
6.944153523735189992e+01
6.967603190171044503e+01
7.018690155574569189e+01
7.004372891765285658e+01
6.941760550387350293e+01
6.950885268156112318e+01
7.011787409375909874e+01
6.996517627924292526e+01
6.960627167109896618e+01
6.968250857153408617e+01
6.984618545978038640e+01
6.973562679124613339e+01
6.975844276661796073e+01
6.986578708059198561e+01
6.959548347165099358e+01
6.936376414461798845e+01
6.989054235166877049e+01
7.002680601396119187e+01
6.951132560177296682e+01
6.935959723965555668e+01
6.982709440317333360e+01
6.983164038685249864e+01
6.966874960128819794e+01
6.958426566430284765e+01
6.961007963615291771e+01
6.945795823965708848e+01
6.985658268035339802e+01
6.988130337955389848e+01
6.950862205032109387e+01
6.929053278195000587e+01
6.978908744114504259e+01
6.987304509854043033e+01
6.959629273604110722e+01
6.951936962946322751e+01
6.955379017742367864e+01
6.963595987638858276e+01
6.983068910071325774e+01
6.964558330029933586e+01
6.939970100821243193e+01
6.942182074327827479e+01
6.995561098272504807e+01
6.984476672656020924e+01
6.930432515265717086e+01
6.959068805178488049e+01
6.986278738620268314e+01
6.951804332093156802e+01
6.963705857915354613e+01
6.972342869729949655e+01
6.953964445949365825e+01
6.938179663216887150e+01
6.971896001446856417e+01
6.997039287597814905e+01
6.930875532570807707e+01
6.942638859267931650e+01
6.988683207281243881e+01
6.953327294794668489e+01
6.940237901501961915e+01
6.982822660846694873e+01
6.971111485387049811e+01
6.943840673523628482e+01
6.955839848243562074e+01
6.996870540827858065e+01
6.954147836401807581e+01
6.910111941072374009e+01
6.980693161568129312e+01
6.998960361935760943e+01
6.936529657485205291e+01
6.955770218541050554e+01
6.977726183848726293e+01
6.970284360067130081e+01
6.950493827796377388e+01
6.968911065614483391e+01
6.964645436570586412e+01
6.945006380758144360e+01
6.969027127057755422e+01
6.985067844505849166e+01
6.976846059326338434e+01
6.970118403498175041e+01
6.964367692186615955e+01
6.963871106868417371e+01
6.970224741012103209e+01
6.970290431771613271e+01
6.974035631848997241e+01
6.954291778460748219e+01
6.964424744891142893e+01
6.976478700631329843e+01
6.971163501395813000e+01
6.978730542775741696e+01
6.965325550344482508e+01
6.944733699179137432e+01
6.980499837952733344e+01
6.992720753399767375e+01
6.963844846251890885e+01
6.937918784825117768e+01
6.972521691792074705e+01
7.002785272490126545e+01
6.967876095617646115e+01
6.949594620898378139e+01
6.972984337570090929e+01
6.963971028463232926e+01
6.965942984873225896e+01
6.991869927704352961e+01
6.981228716645817656e+01
6.942354069510729175e+01
6.955108343381627378e+01
7.011723800957489061e+01
6.988808029353467077e+01
6.938216520233683582e+01
6.973003082668701325e+01
6.982800725305682477e+01
6.971684374715849231e+01
6.984528696583899432e+01
6.959935583741733467e+01
6.967023442833155400e+01
6.974807665590391537e+01
6.985975378123966095e+01
6.995716462404666913e+01
6.949965439440083514e+01
6.956367737900987436e+01
6.992599720532338381e+01
6.986000256107570294e+01
6.981743904049010041e+01
6.948437771868832158e+01
6.959674652828574892e+01
7.005456916435187509e+01
6.996507627701821264e+01
6.972498173589167436e+01
6.957580240105851033e+01
6.965990499648461309e+01
7.007201391441161320e+01
6.981577816228346478e+01
6.964380218565676728e+01
6.986786062681750309e+01
6.957196075355801668e+01
6.984638744191924786e+01
7.013356751810366063e+01
6.973597965624486505e+01
6.943101544746986065e+01
6.973110477683754027e+01
7.021478096016352310e+01
7.000049680129386331e+01
6.942965094503249190e+01
6.971910673525869129e+01
7.002582640580459383e+01
6.982685539740424474e+01
6.979001933049340778e+01
6.992148930148911745e+01
6.974154570635968753e+01
6.974577697875784565e+01
6.997494250134228366e+01
7.010201239441694554e+01
6.967492998556556927e+01
6.947265610743713182e+01
7.006279678888412832e+01
7.020294618790001095e+01
6.962712819478035442e+01
6.964475568204522915e+01
6.997958446795080079e+01
6.989888641746699705e+01
6.985125779735406581e+01
6.986971681615659691e+01
6.984586184898662964e+01
6.975443354749461378e+01
6.978366630338190646e+01
7.019197291932165683e+01
6.996171074203832063e+01
6.953423244314187457e+01
6.976502711033016624e+01
7.028322527283458498e+01
6.991735703580856409e+01
6.956714483195156618e+01
6.972694309534914225e+01
7.007127972033021024e+01
6.993731840920472109e+01
6.988300213811571382e+01
6.982651122948158218e+01
6.980779976655685459e+01
6.985739965515929839e+01
7.013063144096120993e+01
7.004500342170234717e+01
6.989254568385382527e+01
6.978119378711603815e+01
6.986052406658676261e+01
7.016900716029545038e+01
6.993220127098027206e+01
6.980157713252194185e+01
6.988262688000945388e+01
7.003846596616168085e+01
7.013734381678554541e+01
6.992652969706789179e+01
6.983339938554559012e+01
7.003365448667005921e+01
7.005743501346712776e+01
6.992701906137961032e+01
6.990003757818855945e+01
6.996577655384933792e+01
6.996833950667236479e+01
6.987840151003753419e+01
6.997557702131769020e+01
7.007922622782754729e+01
6.990562724334736799e+01
6.981244392585371372e+01
7.018027211641444296e+01
7.011662243834479114e+01
6.979450096746342069e+01
6.988868042153528393e+01
7.009381683047445222e+01
7.002001273869447573e+01
6.993472896598130717e+01
7.003527535757898193e+01
7.005310381520355634e+01
6.992992702216257328e+01
6.990124126008976191e+01
7.016859898646848137e+01
7.009671098214002427e+01
6.976997762885360999e+01
7.005999592861549274e+01
7.021694030316267288e+01
7.007259506166646190e+01
6.979893800721353614e+01
6.989284717526783197e+01
7.017806204057922059e+01
7.015708553149606530e+01
6.982393598292766512e+01
6.999656321524608416e+01
7.009880449472269959e+01
6.991241739790018528e+01
7.007819703060820871e+01
7.002349591852610899e+01
7.011850920491870909e+01
6.984790539803816500e+01
7.003881125032941668e+01
7.039378408957155386e+01
6.992443280405501582e+01
6.987533187064553886e+01
7.015526145789897328e+01
7.035794115836053209e+01
6.990647682039538324e+01
7.003760373611973478e+01
7.027592706414340284e+01
7.021373579748023985e+01
6.977435234399014519e+01
7.026388353971992728e+01
7.035889962911289786e+01
6.984350131750252899e+01
6.984304943452991665e+01
7.030928105691431540e+01
7.018357715391572071e+01
6.988190214762983032e+01
7.003065143567559403e+01
7.011253512033997026e+01
7.029502299130078313e+01
7.009897925609274694e+01
7.008923523182168935e+01
6.986909154163262770e+01
7.008653393844538471e+01
7.038210166381280430e+01
7.020135239293243501e+01
7.004925788299007650e+01
6.988426902024573906e+01
7.019536216937117956e+01
7.029415859932340993e+01
7.025657278145214946e+01
7.004866863818948275e+01
6.998142735261626513e+01
7.024065288730444934e+01
7.012543537415014328e+01
7.025931559387876746e+01
6.991564616774215324e+01
7.001633113804969355e+01
7.017003527566488685e+01
7.019492193687240444e+01
7.010435598671810453e+01
7.007400350401086087e+01
7.017859211673270181e+01
7.010293546692724931e+01
7.020636559648509945e+01
7.040867188715202474e+01
7.011216938849860014e+01
6.992783817579572769e+01
7.015394201763319870e+01
7.041532178233667594e+01
7.045196188542844595e+01
6.987177016598583634e+01
7.006391157140390646e+01
7.044897072936242921e+01
7.028142504015781356e+01
7.017281338685188530e+01
7.017843000853220303e+01
7.030696191313369070e+01
7.013014633414107379e+01
7.021891301117075557e+01
7.044575536483569067e+01
7.014412157435127426e+01
6.987050897219563694e+01
7.021199019566053323e+01
7.066097811460763012e+01
7.021495489248674460e+01
6.999792712610718581e+01
7.021339807168325819e+01
7.039086414297456429e+01
7.033918811347483313e+01
7.029162106513146568e+01
7.036663340919049858e+01
7.020962946757380507e+01
7.006172577011159319e+01
7.038800539905236064e+01
7.050310394657887514e+01
7.011415544655976362e+01
7.000358528539494785e+01
7.034377966040942454e+01
7.059053120525020120e+01
7.037179516052222539e+01
7.012987114274844203e+01
7.013728752571310565e+01
7.029912429896623394e+01
7.039848557055211131e+01
7.037852825957956782e+01
7.023948344700264101e+01
7.011955767804111872e+01
7.024959929610665199e+01
7.038209266278116161e+01
7.043703558615487736e+01
7.023912391823897394e+01
7.009001844261939596e+01
7.024143654516704771e+01
7.056009793702203581e+01
7.047844806869466083e+01
7.022678687867897906e+01
7.012417273527854888e+01
7.037354928502465157e+01
7.057234559729174350e+01
7.030259445077848568e+01
7.022605514264324711e+01
7.028297741659802966e+01
7.037582632498433099e+01
7.038741228648294168e+01
7.047389252438954088e+01
7.038874350938766611e+01
7.021720434201992589e+01
7.013349627074229886e+01
7.064342376983833560e+01
7.053454859188812520e+01
7.015946264752004424e+01
7.028781166709134709e+01
7.044366247239486256e+01
7.048470213095546910e+01
7.041979444465890481e+01
7.027163158932499698e+01
7.049872889898826145e+01
7.034671802830436604e+01
7.039230883411758555e+01
7.058201604329327949e+01
7.048379871819726361e+01
7.024070917181542484e+01
7.023039901155492259e+01
7.052794245649232607e+01
7.067920321906338188e+01
7.022345197195265598e+01
7.026817049186743702e+01
7.057740460330053622e+01
7.047621613377813787e+01
6.794772693665760244e+01
6.804837953008933482e+01
6.811009359210417813e+01
6.793636406519695470e+01
6.783413644308342327e+01
6.805618087275831840e+01
6.815614658849598584e+01
6.775540575653492681e+01
6.785889814406422715e+01
6.802281891847938766e+01
6.795144179277188812e+01
6.789569273993386389e+01
6.776695044923545197e+01
6.789108204345845365e+01
6.800236209496036111e+01
6.785556311565433418e+01
6.793654806258892620e+01
6.787889459164340167e+01
6.772670529182167343e+01
6.784484210057858888e+01
6.771156718304968081e+01
6.783652238962807246e+01
6.794310948010978279e+01
6.772681648427317214e+01
6.767311964234264110e+01
6.787513047683299305e+01
6.789119300492649245e+01
6.775935001637415667e+01
6.764322137511739186e+01
6.781083159541968541e+01
6.773623875082948587e+01
6.756204974537118346e+01
6.787904534982088478e+01
6.790452099508024730e+01
6.743076769542429361e+01
6.748308080294556532e+01
6.800750692300154299e+01
6.793818947381879525e+01
6.744187858041173911e+01
6.743075847208477569e+01
6.788278494110475947e+01
6.770427297105473485e+01
6.745987795295546618e+01
6.761782789500432500e+01
6.776888448762589690e+01
6.730405079516542344e+01
6.745101000017328374e+01
6.793332434830313105e+01
6.769192927658723136e+01
6.717893356284399431e+01
6.741267966290493518e+01
6.771414651565160625e+01
6.759137759802382561e+01
6.744885215057712458e+01
6.741925001879523904e+01
6.741795726391741539e+01
6.745331786805580521e+01
6.758703632738951228e+01
6.774437239003691502e+01
6.733123281821049488e+01
6.718565368199132593e+01
6.761511516765799001e+01
6.760706529675890408e+01
6.751500136916996553e+01
6.735627990597379267e+01
6.726222983273061118e+01
6.740494540522914235e+01
6.770895059739713417e+01
6.746289745186852826e+01
6.702282862166902078e+01
6.706596883995517544e+01
6.770131697908593083e+01
6.775308816701357273e+01
6.716888910322560946e+01
6.722194560407078257e+01
6.746431675992769783e+01
6.710481469230424523e+01
6.734152313711290105e+01
6.757691211204425485e+01
6.724646049696887928e+01
6.699771636843034628e+01
6.718252995022213270e+01
6.764315945694545462e+01
6.745911923522884024e+01
6.687264682045541520e+01
6.721634305756532513e+01
6.741459234142321577e+01
6.714773246392775263e+01
6.734645159555294924e+01
6.724723676395329619e+01
6.702888448136566524e+01
6.708811833247975187e+01
6.728543345856135716e+01
6.748353296777709431e+01
6.715871940104793225e+01
6.670829808698491092e+01
6.722358602056506527e+01
6.730406953772329359e+01
6.713250827387395248e+01
6.714598239604711694e+01
6.692697586079506777e+01
6.702306174299293673e+01
6.733785941408683584e+01
6.720967063376764372e+01
6.694819927359172596e+01
6.700205913625202925e+01
6.709641595771837785e+01
6.703305022017245562e+01
6.695903356738509160e+01
6.713983881279355614e+01
6.701479385697685132e+01
6.682868893261931476e+01
6.705875300240469983e+01
6.747836655723986610e+01
6.682010262045236004e+01
6.659241506414721812e+01
6.713305367241989075e+01
6.712372578591671868e+01
6.673865685292690841e+01
6.679724681146119281e+01
6.706570749273190302e+01
6.709587030834023835e+01
6.646740426113393596e+01
6.691967505139645311e+01
6.727426376239445460e+01
6.671145066310678828e+01
6.651946448444853388e+01
6.704899872368321212e+01
6.704863539684788520e+01
6.678480107925304310e+01
6.661262408628007847e+01
6.694637378846763909e+01
6.694153691935255779e+01
6.648061764879834357e+01
6.684737748777257593e+01
6.704690317085722029e+01
6.656340557726467466e+01
6.671229653020496642e+01
6.689148170901455615e+01
6.678112938759043971e+01
6.667887472472503418e+01
6.666171929622518633e+01
6.680756386708669936e+01
6.669618485350618187e+01
6.661738605888237430e+01
6.679343628048293624e+01
6.677078687019744052e+01
6.653803226421626960e+01
6.663646465496665883e+01
6.667628635099161727e+01
6.671121852808082053e+01
6.673882713799144994e+01
6.665388514677394483e+01
6.640152727205760641e+01
6.643240478820617056e+01
6.682314556492656266e+01
6.685596499265912485e+01
6.642182444865542834e+01
6.634338394181840215e+01
6.673593236354737712e+01
6.675055022958527218e+01
6.642588758396013304e+01
6.633289618733057580e+01
6.664684575012599055e+01
6.639814885926080024e+01
6.649684368508967225e+01
6.667675409474286141e+01
6.664560695904225440e+01
6.627887900838621249e+01
6.622394408453058645e+01
6.675411939648002146e+01
6.676995643289720306e+01
6.613463859366133590e+01
6.624548593703391930e+01
6.658399402830465874e+01
6.650272080101954941e+01
6.641589367579217651e+01
6.651415366038300192e+01
6.650923740042399857e+01
6.623910043162547368e+01
6.612918290034063773e+01
6.671025442350808987e+01
6.664573312033971320e+01
6.602912101725809180e+01
6.607487740353029437e+01
6.656556839378276891e+01
6.672664401552115976e+01
6.612387785481655555e+01
6.618429873929611063e+01
6.643844119245635227e+01
6.645158929363581990e+01
6.619267872157880106e+01
6.640247466888784800e+01
6.633667059051718695e+01
6.600512880728001619e+01
6.610781423009485991e+01
6.651873481941758826e+01
6.653979296396337872e+01
6.593549435247668100e+01
6.589771179949283919e+01
6.642457745132318792e+01
6.642187166160636025e+01
6.620247891929194850e+01
6.604319735483497311e+01
6.603956734289150177e+01
6.617368076196704862e+01
6.614077710606996163e+01
6.632039300141683213e+01
6.624416927668409016e+01
6.581189267379070884e+01
6.607243153658666301e+01
6.643808969594093128e+01
6.615793303489017774e+01
6.598000875159056022e+01
6.591736603377712811e+01
6.603762732230495658e+01
6.628143638307928143e+01
6.612851782486957575e+01
6.598340200208926376e+01
6.595704178548389507e+01
6.586490607233673700e+01
6.624766481901572490e+01
6.624166803443513629e+01
6.584421050786252749e+01
6.590264508536891697e+01
6.599304846588866269e+01
6.601002255530201523e+01
6.601610990238155807e+01
6.595931012271505267e+01
6.602463123061271233e+01
6.580572691117072281e+01
6.579830118083846457e+01
6.629941972792042293e+01
6.606743124971845305e+01
6.561916853642782144e+01
6.586529705478497476e+01
6.624941449762889079e+01
6.602144421026299881e+01
6.562268410023888521e+01
6.576176878656674774e+01
6.610702351304040292e+01
6.579116143955984342e+01
6.570069834764763073e+01
6.607445205086590079e+01
6.592020424773468790e+01
6.542074489101000268e+01
6.571411196897541629e+01
6.617779046816347943e+01
6.590528163863973532e+01
6.532910397234164179e+01
6.565883912617471196e+01
6.622715103626698863e+01
6.579062889264585579e+01
6.531036183600831180e+01
6.575289488297583773e+01
6.594177631215784174e+01
6.554430257551342720e+01
6.558639241816669596e+01
6.597563328950056416e+01
6.572010621347916981e+01
6.543430808368145790e+01
6.571500794919451494e+01
6.599154453711996382e+01
6.567210013604905328e+01
6.527987041272601232e+01
6.570101723809769112e+01
6.589556810013309018e+01
6.552143788411275693e+01
6.554176227135930333e+01
6.566781580610648916e+01
6.559165622469207335e+01
6.557732978464633788e+01
6.560416692150560891e+01
6.572736620591928158e+01
6.550029710276173489e+01
6.535361373999997170e+01
6.572705307302983613e+01
6.567014295446503525e+01
6.543149298623031029e+01
6.553581203298544722e+01
6.539216862486827608e+01
6.548623099757698185e+01
6.565864623445665416e+01
6.552784685055614489e+01
6.535588203939428809e+01
6.529183148222509203e+01
6.555846113509481654e+01
6.574435189467139651e+01
6.530420287739735841e+01
4.649921372737914993e+01
4.968651548356072567e+01
4.886343259301366970e+01
4.729404066381873406e+01
4.765842385316737051e+01
4.802913978104239590e+01
4.622030845941260679e+01
4.802848652257299022e+01
4.766873576486396047e+01
4.772580040866809981e+01
4.690094428083271794e+01
4.669400301636191131e+01
4.707139383824134171e+01
4.635192080716362284e+01
4.585548779922325480e+01
4.413016402309115449e+01
4.563279889079672813e+01
4.503134939862280817e+01
4.432380691938757877e+01
4.436363091198909814e+01
4.272450285862460362e+01
4.466101709674966003e+01
4.641911015468458146e+01
4.783716128548312696e+01
4.903958361475272909e+01
4.934234858217316599e+01
4.830011826360387772e+01
4.957736526570397473e+01
4.942006586416613345e+01
5.006503731176429284e+01
4.945463667124465701e+01
5.027200025333603151e+01
4.802147943697902832e+01
4.868860905568116948e+01
4.972962625462691477e+01
4.981570509412183867e+01
4.981822104354971259e+01
4.875307443977725086e+01
4.785362166052165378e+01
4.902387314715981859e+01
4.890641060454682787e+01
4.527314648441104339e+01
4.570030601844117513e+01
4.811903790671635051e+01
4.882789076813168094e+01
5.055693522773588455e+01
5.048534054230975698e+01
5.069443475840039071e+01
5.125142111768002451e+01
5.106636158621717669e+01
5.402634601571959649e+01
5.377039884851296137e+01
5.409258036066491115e+01
5.450071523959003628e+01
5.422002022100997465e+01
5.314427243757811681e+01
5.177402357274444711e+01
5.297927685285181809e+01
5.288223602684460900e+01
5.461854616522857953e+01
5.417623001114603198e+01
4.925841891484996182e+01
5.146681972630618418e+01
4.570195085266286128e+01
4.416548484392494345e+01
4.718701112179690682e+01
4.748785220430505660e+01
4.682420427738467339e+01
4.702792104206736923e+01
4.771783490979029807e+01
4.971431952856426761e+01
5.288957058057104632e+01
5.271574202179287738e+01
5.380476285258365010e+01
5.378416415986990273e+01
5.178613673952398955e+01
5.009841042122157262e+01
4.946016319636208181e+01
5.009448440612477782e+01
4.968607420273181674e+01
4.971936284484001334e+01
5.023851807273672421e+01
4.987228773402997462e+01
4.889646711850658534e+01
4.734669323661773888e+01
4.589531944343910652e+01
4.456744077412142957e+01
4.615661370315254430e+01
4.632482274143497847e+01
4.860783732985233030e+01
5.064800479683672307e+01
5.190962220479480749e+01
5.094070992671255027e+01
5.074903686280039494e+01
5.279663555877149150e+01
5.190569716744459328e+01
5.208428886926014201e+01
5.125271109822527649e+01
5.161952310925023824e+01
5.181148719948058812e+01
5.075740977345526517e+01
4.970129450049201125e+01
5.043680520191509231e+01
4.893554893941214345e+01
4.839178287880208984e+01
4.852986808339325364e+01
4.788132801772348301e+01
4.824513560322064620e+01
4.746404177693321458e+01
4.693152771266977652e+01
4.727002088004000768e+01
4.617615661483942091e+01
4.575452286379145761e+01
4.434619975928938373e+01
4.644843372458842623e+01
4.953099935116342323e+01
5.003541900847330481e+01
4.998453860595523679e+01
5.025356532825068712e+01
4.842052639825267590e+01
4.895293348655071952e+01
4.692550085850167818e+01
4.721911224001090801e+01
4.796959633296459202e+01
4.923342236956265339e+01
4.826145625438451248e+01
4.857074768392018882e+01
4.949377801995218817e+01
4.703593030840798406e+01
4.494859218958849567e+01
4.606779483462757696e+01
4.424062450033549254e+01
4.658311983938250478e+01
4.774349347803885024e+01
4.847649145580418661e+01
4.769640697673182927e+01
4.705868227817327920e+01
4.457601175573419994e+01
4.265680048451365991e+01
4.511341841807157493e+01
4.752048440875354629e+01
4.963034533127678571e+01
4.789685579475807486e+01
4.492536458799744992e+01
4.668208306700364574e+01
4.351159238113666561e+01
4.258159071643490279e+01
4.295307860254686716e+01
4.312777457703619177e+01
4.054675655602639495e+01
4.138327478749116040e+01
4.238736219321659604e+01
4.115666314463658182e+01
4.031706885126608597e+01
4.100457760618720471e+01
4.108377542878635325e+01
4.042455384216147962e+01
3.876103919750083548e+01
3.966786151587893983e+01
4.218325663064094044e+01
4.150881216158245479e+01
3.885473502750154751e+01
4.571972956949434774e+01
4.476859034070044174e+01
4.853226683625516102e+01
4.922685982498389023e+01
4.349145099082786459e+01
4.067528914045772837e+01
4.740575647745680499e+01
4.813176012672349913e+01
5.212226969208037985e+01
5.254543249738443933e+01
5.180538633922382985e+01
5.194155224891939326e+01
4.971556396228714192e+01
4.983843242931881434e+01
4.962076094865003029e+01
4.951138451696549936e+01
5.079970565295285212e+01
5.086883425089069988e+01
4.906607090697063711e+01
5.043351392759802820e+01
5.001321560796669274e+01
5.144622645487913815e+01
5.172327715836858886e+01
5.160774607866695618e+01
5.037704125990265425e+01
5.011755612656754977e+01
5.141852900047823738e+01
5.160814005179535258e+01
5.043631601886069404e+01
5.089090762606699059e+01
4.892323196427766874e+01
4.906315792132636489e+01
4.812019259986907826e+01
4.883679428657600141e+01
4.693195661023059984e+01
4.674137391238308226e+01
4.557180725494174567e+01
4.580614922117523236e+01
4.747050791196407005e+01
4.517105090548394486e+01
4.456708953346236513e+01
4.326107277426892495e+01
4.273593164718615611e+01
4.283190360151479581e+01
4.319063592484158676e+01
4.223161908180917123e+01
4.162232261425132407e+01
4.201185726856229508e+01
4.129388805263001672e+01
4.175780120085143921e+01
4.092216930562440780e+01
4.581897886601478831e+01
4.614339102139559401e+01
4.594859147576737968e+01
4.618515367800710436e+01
4.414919469319776368e+01
4.279243853231371020e+01
4.325943501791327606e+01
4.141767329237110573e+01
4.110569044889345491e+01
3.992455072649884329e+01
4.024327987134638818e+01
4.073481437975924280e+01
4.285566869694590508e+01
4.321818954675494240e+01
4.400793994670279830e+01
4.180755861428597342e+01
4.631456503889698695e+01
4.610761444708484191e+01
4.655542799563106371e+01
4.531589947846051558e+01
4.521307096425226035e+01
4.460024965918375983e+01
4.361301181491992196e+01
4.506904921923889873e+01
4.507056887230963582e+01
4.474192833725523144e+01
4.473323400587672438e+01
4.490116130763222202e+01
4.524545648681370835e+01
4.522539266214766940e+01
4.490024516035180113e+01
4.642401447077700993e+01
4.398608497664658046e+01
4.386248120113759796e+01
4.327461012764366188e+01
4.278065375326409026e+01
4.010716756253663107e+01
3.606258531937150025e+01
3.990698938320884537e+01
3.685245506473772537e+01
4.110109331276237299e+01
4.285113049115659578e+01
4.164380188577083430e+01
4.359080434824122108e+01
4.519754845827794298e+01
4.276568597038918540e+01
4.277801810413349415e+01
4.407293579390913152e+01
4.447726536912750106e+01
4.593394503104744331e+01
4.606497163200002376e+01
4.622276335001353686e+01
4.644575898644875167e+01
4.633468460401053335e+01
4.680911024100854689e+01
4.624442703513440733e+01
4.508335904093041080e+01
4.425922457550561973e+01
4.352622273958067467e+01
4.171019857211247484e+01
4.288828689903478164e+01
4.324407669408552124e+01
4.293538203865351477e+01
4.221381486869277921e+01
4.189253217851522493e+01
4.238482789679430596e+01
4.290954283802319935e+01
4.326891014879838337e+01
4.370776166896837367e+01
4.416339670413684360e+01
4.322505835684996356e+01
4.356550148922422494e+01
4.395864983526034564e+01
4.519527297273035060e+01
4.525774281140136424e+01
4.472858447925365510e+01
4.471086962670797504e+01
4.378864861495112848e+01
4.334086956481782948e+01
4.513868849588312315e+01
4.353682543036613595e+01
4.407494945277790777e+01
4.459186801503494735e+01
4.402967974006350715e+01
4.441393683559739003e+01
4.332164987609979789e+01
4.353123956370767189e+01
4.304392113258840880e+01
4.311805496278385164e+01
4.326918447402320567e+01
4.301820060466049966e+01
4.320810819636567146e+01
4.310329607404359820e+01
4.263123548861617707e+01
4.298429981376916942e+01
4.250369000420154464e+01
4.408101420772210588e+01
4.367873522869432179e+01
4.355444925093940611e+01
4.411601709469310606e+01
4.623683446750928283e+01
4.401871807186363128e+01
4.351399531241629859e+01
4.447912733685615194e+01
4.569831044534573294e+01
4.920549017774486344e+01
4.851025693617838641e+01
4.935786814303958892e+01
4.926352850737568900e+01
5.000082472689974367e+01
4.960867194992630402e+01
5.001657352686103764e+01
4.846227332418819600e+01
4.946874517992372944e+01
5.036969314288815269e+01
5.090765269301457607e+01
4.964502437212445329e+01
5.090217541740060625e+01
5.064018261609918170e+01
5.081930971140722164e+01
5.188449726750600632e+01
5.225396878806861878e+01
5.164680448725738415e+01
5.079777677624918653e+01
5.183274040971289764e+01
5.109815930381563476e+01
5.035605183822660535e+01
4.883659833432376018e+01
4.855745640111238259e+01
4.924594474269401445e+01
4.888909800176521969e+01
4.940029388142594513e+01
4.981090381215690854e+01
4.990369719710014351e+01
4.924190923482593973e+01
4.921847834978498781e+01
4.916572738171051071e+01
4.974559909664475299e+01
4.915778624619029102e+01
4.919215521260790069e+01
4.947692856152955443e+01
4.870308391636238809e+01
4.879127196982875603e+01
4.892903798106739544e+01
4.790155159817906849e+01
4.638785938938247710e+01
4.569790140508783338e+01
4.550068895706167638e+01
4.610640040473694512e+01
4.695216618225144600e+01
4.735512360502779927e+01
4.710926117905762567e+01
4.930282537714908386e+01
4.919573764780753322e+01
4.842670600962347294e+01
4.748078096538979054e+01
4.777930803365889290e+01
4.803413735103728044e+01
4.855260304718768793e+01
4.809900377434134100e+01
4.784818530311761009e+01
4.919119870653953797e+01
4.949417249590201351e+01
5.025225427891480479e+01
5.010336211778419369e+01
4.803108807656791157e+01
4.901248027747953984e+01
5.017534623210536182e+01
5.015760159024678444e+01
5.082520495010186323e+01
5.092574199414113423e+01
4.819799708362351964e+01
4.108686708235025975e+01
4.186093785510902165e+01
4.178130053632120422e+01
4.314852402225065475e+01
4.357270055699950717e+01
4.614966373110916464e+01
4.619542784951106285e+01
4.538843980123352395e+01
4.688436804368704713e+01
4.476262400275175679e+01
4.338620671125034534e+01
4.429817306284523681e+01
3.929116709218238412e+01
3.486501698457832532e+01
3.640520849467758069e+01
4.104047451091916088e+01
4.171435526858150666e+01
3.868528799270382024e+01
4.166514690095965534e+01
3.850101189407968150e+01
4.310802121579560264e+01
4.509562720649955736e+01
4.712906926843363919e+01
4.667032557170615092e+01
4.639359963347533977e+01
4.575342815586057554e+01
4.462703580767086464e+01
4.658732904259871788e+01
4.825541805306845333e+01
4.665423491755439755e+01
4.905872284047071474e+01
4.806764789219382550e+01
4.693587636742282854e+01
4.671770510502948781e+01
4.740373544544171125e+01
4.721688076915049237e+01
4.699032057815905716e+01
4.696828273279655974e+01
4.842202545880917341e+01
4.897561081685094564e+01
4.769194558262596928e+01
4.647793840783950969e+01
4.677970738987343680e+01
4.719184902497872969e+01
4.739136170949621629e+01
4.780969293470286630e+01
4.850333447465744285e+01
4.867085835499494806e+01
4.850332561490244387e+01
4.794256074502175835e+01
4.735774448444998797e+01
4.669401802189560868e+01
4.639869484922656540e+01
4.721218434888783122e+01
4.775017752109576463e+01
4.737534979484138375e+01
4.652813738004433475e+01
4.456227921683457538e+01
4.502256832450334656e+01
4.406184835291369950e+01
4.542246255821905265e+01
4.593694684773705461e+01
4.424159119988569699e+01
4.444249570784646153e+01
4.386736501248678621e+01
4.390928835208029568e+01
4.397073651417150586e+01
4.293607869157169432e+01
4.467853731637550396e+01
4.310029490884804204e+01
4.385053760749732987e+01
4.676294646804648636e+01
4.673148296953406344e+01
4.743154506469973342e+01
4.759970744043073410e+01
4.472848690751874301e+01
4.301142798209006912e+01
4.328658298273857952e+01
4.304613016483575905e+01
4.171180969876027689e+01
4.438633525806312718e+01
4.505959709331502694e+01
4.596217416987436621e+01
4.429235296743252093e+01
4.516078691031763981e+01
4.402704050676598513e+01
4.465517334492673029e+01
4.407541968373863028e+01
4.540922759015388976e+01
4.474012097417688949e+01
4.696199715338706682e+01
4.411832848473145674e+01
4.344902472347453681e+01
3.984604814881278401e+01
4.071480695483431589e+01
4.084661192843691424e+01
4.740252757267872141e+01
4.975199414199904879e+01
5.009756298644698802e+01
5.100261018850115846e+01
5.045465032984744624e+01
5.048216318706519701e+01
5.057950243817924729e+01
5.088247962785816014e+01
5.105127715290036861e+01
4.964700202320233302e+01
4.841386333856843294e+01
4.962341580682368658e+01
4.970945351731362649e+01
4.944556595831436852e+01
5.021764716087044178e+01
5.050701342008582628e+01
5.103132776428147821e+01
5.040755966400077881e+01
5.009118102273865247e+01
4.923450483412378276e+01
4.493271275617349403e+01
3.701827296252991317e+01
3.755594500196102814e+01
4.049763480797668080e+01
4.252324653966675072e+01
4.035162725590721777e+01
4.089624429133735362e+01
4.180480508594625633e+01
4.313850738268257601e+01
4.301461902910583035e+01
4.164265116499847608e+01
4.352121536435552684e+01
4.481099455778363705e+01
4.217810667803007618e+01
4.306115931175702372e+01
4.346329946153996104e+01
4.424192981334041264e+01
4.007721758674802004e+01
3.762154204376458466e+01
3.966661953935926732e+01
4.391823730489487332e+01
4.397819578931696327e+01
4.379966113159549934e+01
4.636334540114346225e+01
4.695884397530919330e+01
4.712780189969219435e+01
4.771622487459006834e+01
4.717172297766434497e+01
4.653621356432072531e+01
4.633716487921220306e+01
4.539931298809888460e+01
4.520848265195263593e+01
4.578273641382195080e+01
4.626435591967154437e+01
4.805015765470101741e+01
4.810029348033729235e+01
4.929449619771853008e+01
4.694550264043790122e+01
4.825970369133044358e+01
4.712383324228602532e+01
4.655618844002276546e+01
4.770202685593276470e+01
4.672715125290834948e+01
4.825228610263764750e+01
4.767972602269609439e+01
4.783555509018695773e+01
4.692000584672345553e+01
4.573126547859950364e+01
4.490425643282805623e+01
4.568615249298213143e+01
4.662469007734561188e+01
4.638653474946118394e+01
4.495384980224736182e+01
4.008397964274745817e+01
3.754119208888423032e+01
3.946286215408882470e+01
4.074270767321444708e+01
3.857826791103390462e+01
4.082322538646970855e+01
4.071959891782874763e+01
3.937839536857779876e+01
3.816099888325049960e+01
4.397429392702782280e+01
4.563451880073247935e+01
4.375878616288326128e+01
4.306064965268066658e+01
4.586870745682045225e+01
4.628734255424592448e+01
4.652773146257713677e+01
4.791945295158812002e+01
4.847434975128332724e+01
4.694126713411869645e+01
4.634133236317980220e+01
4.813753765750517744e+01
4.926906227234727709e+01
4.912912795715898540e+01
4.796530993025466216e+01
4.802692194253495472e+01
4.795032798394360896e+01
4.828305319323703770e+01
4.816741101446670115e+01
4.953759360948959056e+01
4.812535949376890443e+01
4.808080929453101504e+01
4.661313204781104957e+01
4.801213788307706665e+01
4.776873703402124960e+01
4.959493082461403191e+01
5.033399835630093833e+01
4.986491193142357048e+01
4.918615780019958805e+01
4.658658604447558815e+01
4.648427757753811562e+01
4.741445265904965112e+01
4.867509016699986546e+01
4.936005731564135601e+01
4.792372843044140041e+01
4.645234560019845560e+01
4.717076183887557050e+01
4.590623035466720836e+01
4.656814434459960950e+01
4.558383224335594264e+01
4.599798201537431197e+01
4.614656035188549055e+01
4.606107310478247996e+01
4.523014339265536421e+01
4.588464920882905318e+01
4.429334840736210310e+01
4.443785799543704229e+01
4.518036195798722332e+01
4.616241011007669215e+01
4.800466632064471639e+01
4.867705134521615662e+01
4.839509121686887738e+01
4.926450306474151830e+01
4.896412162548849523e+01
4.702944124272669058e+01
4.594698356670215134e+01
4.666343019306125939e+01
4.662479388431804495e+01
4.727095890368573095e+01
4.787516691499864407e+01
4.818017652557294639e+01
4.908538818395646786e+01
4.990615630240288425e+01
5.001851954554442159e+01
4.801417192036694104e+01
4.804376070011529976e+01
4.415811379147044136e+01
4.628254026078987238e+01
4.629021737382770141e+01
4.692923148445002823e+01
4.746068622498714973e+01
4.809740313120866517e+01
4.830861006178464834e+01
4.815000844545324554e+01
4.728674171418634842e+01
4.671847756505842142e+01
4.753917867095768202e+01
4.841091493946733237e+01
4.657884870404128463e+01
4.751085939300011773e+01
4.698499471818004736e+01
4.630603327067245800e+01
4.814575781442623992e+01
4.957035084942973668e+01
4.940843254875859003e+01
4.822896267298411033e+01
4.589581297072001576e+01
4.634049795206504996e+01
4.773240090232117439e+01
4.724653247493075980e+01
4.773261588555029533e+01
4.684240106243940005e+01
4.858731479347689231e+01
4.786131361699423792e+01
4.739572616362345059e+01
5.055116261944320399e+01
4.848848234736330198e+01
5.203618711121312401e+01
5.154824454952024126e+01
5.055291162762117807e+01
4.717132306612171533e+01
4.792438269922259053e+01
4.773118184015149978e+01
4.597525178121918543e+01
4.673940364689276095e+01
4.392870133866182414e+01
4.387821380289152273e+01
4.446318100877108037e+01
4.504860020407473087e+01
4.588211364071060672e+01
4.142796507867267763e+01
4.020405373485758105e+01
4.203858856893486973e+01
4.367502025946529898e+01
4.446662637905561866e+01
4.400178668802488602e+01
4.198840272971513343e+01
4.043999656509856777e+01
4.009497188395567235e+01
3.958866739399561396e+01
3.942390373386504621e+01
3.935475853297004534e+01
3.998114559369057730e+01
3.443038889985481887e+01
3.434490713055434696e+01
3.741086621242334331e+01
3.717709570359289017e+01
3.376730192170968792e+01
3.495767547350286719e+01
3.729934415807076675e+01
3.995114404454791668e+01
4.407848911998826225e+01
4.493824539855866362e+01
4.568468820660395835e+01
4.654916589206091970e+01
4.653807657923983498e+01
4.641249492906054286e+01
4.640124615198644165e+01
4.495097767127924726e+01
4.518253638512412351e+01
4.536468860938463621e+01
4.576924216159660119e+01
4.389905059233832674e+01
4.551327223553101931e+01
4.575434133652841950e+01
4.697753397824179444e+01
4.712773826295661195e+01
4.715608921114473162e+01
4.746666210388569596e+01
4.780961601682562190e+01
4.799573867745152000e+01
4.804934040896071679e+01
4.707025604432043053e+01
4.732744857519470116e+01
4.710653984412690676e+01
4.647956755551105346e+01
4.677562553591865679e+01
4.667191420986286232e+01
4.705850992524985799e+01
4.735373990651904563e+01
4.751235080789217591e+01
4.751550363432845359e+01
4.642655412110650559e+01
4.540166926961785521e+01
4.589235090327137812e+01
4.622703618354211130e+01
4.714708884253497700e+01
4.837670943775985677e+01
4.898322014335464303e+01
4.673197248527017678e+01
4.813274256067886370e+01
4.576687766171957605e+01
4.577394502065881454e+01
4.485406768566632252e+01
4.589808119933415753e+01
4.589427820782589862e+01
4.685677140969509225e+01
4.834035193704001188e+01
4.682972206253565872e+01
4.607440716303192119e+01
4.545098639410605301e+01
4.744459730296347288e+01
4.659849276892149561e+01
4.867715319239843552e+01
5.071666966944615496e+01
5.056460989290621200e+01
5.000178344104745776e+01
4.912756355786983420e+01
4.730095798747433378e+01
4.662588139219529637e+01
4.668046850141679727e+01
4.803369827317116858e+01
4.841148128821593133e+01
4.865580701271564124e+01
4.775345199515009398e+01
4.698862878323279801e+01
4.687346846587787041e+01
4.686632692876560213e+01
4.804618408388360251e+01
4.854738747578616653e+01
4.898679641012663666e+01
4.936843388946925160e+01
4.953797746318753070e+01
4.788213039678609562e+01
4.485423748454122972e+01
4.607508261774115255e+01
4.622193189506812416e+01
4.386018684042402072e+01
3.916336841117259837e+01
4.027635908313540369e+01
4.169830469038235776e+01
4.413353998883145124e+01
4.516308118108266001e+01
4.441460084007329101e+01
4.352937618166605915e+01
4.475623981804129414e+01
4.493580561389335060e+01
4.454651801404340006e+01
4.518551359851784355e+01
4.770454130543189564e+01
4.954529534366292864e+01
4.877476146654636580e+01
4.886851050685429243e+01
4.631257091615183441e+01
4.763598919392494224e+01
4.582518111777525860e+01
4.919542297166681522e+01
4.913796499035549914e+01
4.785192677990440302e+01
4.732717902449846292e+01
4.540744698632650511e+01
4.481133276111262376e+01
4.611755912989833917e+01
4.716850502905497677e+01
4.767835857338414485e+01
4.555553869468084827e+01
4.676733964969842106e+01
4.254959001724011358e+01
4.379075611055291972e+01
4.431126086004660181e+01
4.296416014674775141e+01
4.379684432122456883e+01
4.409399669571926950e+01
4.411470466839381999e+01
4.161075228166458828e+01
4.337430292014225586e+01
4.610799270010789996e+01
4.762060026913331257e+01
4.740285127432358081e+01
4.539152363109416655e+01
4.545597852006369521e+01
4.441055626888357466e+01
4.461105150670388753e+01
4.504194536565783835e+01
4.329786894920137286e+01
4.397614754040118612e+01
4.457517300151984330e+01
4.615867150504024607e+01
4.431143486379114904e+01
4.566636073687877939e+01
4.378185151255890162e+01
4.104235000371981812e+01
4.565754475989787409e+01
4.200111353387660529e+01
4.691140464301056312e+01
4.830068564872185277e+01
4.874761103466262568e+01
4.981427356319155564e+01
4.968878736205212476e+01
4.674315504754484607e+01
4.298692296524032486e+01
4.346174797176377780e+01
4.437756283314275407e+01
4.535238804842884974e+01
4.695865873696745041e+01
4.688289786656842040e+01
4.743650834664967419e+01
4.739203280962765064e+01
4.639586396457264783e+01
4.596229551520413281e+01
4.460804246081228541e+01
4.461349515426295653e+01
4.647546728612549316e+01
4.710036426012820243e+01
4.472829058062167462e+01
4.126959310414366655e+01
4.228123021985970809e+01
4.118065778579310887e+01
3.599381601931594332e+01
3.743064192495135245e+01
3.880147386564774337e+01
3.976817480438285202e+01
3.689534529164966870e+01
3.723220697474752683e+01
3.568874606738063449e+01
4.131844628902096872e+01
4.225244916086272440e+01
4.119764624521373975e+01
3.941204543895432266e+01
4.014640868814923635e+01
3.857617171958806068e+01
3.899333875570040675e+01
4.136104124834240992e+01
4.253586128121582277e+01
4.183064541011227533e+01
4.293087851111757658e+01
4.082750485998374046e+01
4.405872498000104542e+01
4.334851715393618576e+01
4.350320512702013076e+01
4.321442236910777979e+01
4.346855216192646765e+01
4.361549924886016782e+01
4.369733204783385361e+01
4.371955241059111330e+01
4.543336290604511163e+01
4.680233155190161654e+01
4.573408442650111283e+01
4.463684582406880708e+01
4.294521280373768235e+01
4.220235391749540810e+01
4.801003149831593930e+01
4.679518648928979729e+01
4.708742147863748073e+01
4.978488785629365054e+01
4.799582443813517330e+01
4.797632565705796992e+01
4.659991318567300311e+01
4.637376349373575124e+01
4.745794413447814009e+01
4.804148196174260477e+01
4.791919459184224195e+01
4.772585419374807714e+01
4.665972021901373523e+01
4.789352388095079505e+01
4.731663970269880792e+01
4.649671259419564251e+01
4.607846713862588217e+01
4.687212124369004584e+01
4.896252729428102413e+01
4.860625761620347873e+01
4.852690642466677673e+01
4.663475864455290321e+01
4.498985520712108155e+01
4.367654888020744153e+01
4.535398368866555074e+01
4.641175626595511261e+01
4.492351768988310567e+01
4.121963193888103660e+01
3.901464615135938629e+01
3.960073402912971829e+01
3.910635550249190118e+01
4.393540410300043675e+01
4.354771006477367479e+01
4.445422449592558678e+01
4.520905994214723478e+01
4.490553449941506869e+01
4.076015596349211023e+01
4.175249382669315423e+01
3.979126838886401885e+01
4.244770446396584873e+01
4.255821914722087485e+01
4.241083066729568429e+01
4.385735492907640776e+01
4.407732749305822750e+01
4.653620639336879350e+01
4.591430618535228092e+01
4.444013007390420711e+01
4.471478783334973173e+01
4.248074454763242613e+01
4.283046523766469704e+01
4.551150389847674660e+01
4.722038578179621027e+01
4.803683466887246567e+01
4.623183516862739850e+01
4.555625076686629882e+01
4.574594012776218221e+01
4.602003382416786792e+01
4.670186160385418361e+01
4.675325178860711617e+01
4.877173316261875158e+01
4.724094294842104347e+01
4.236310563121683259e+01
4.055685955436758405e+01
4.292967433884297179e+01
4.335059019025546689e+01
4.461149547064688647e+01
4.551346130025365966e+01
4.610306665247865965e+01
4.577844852790795471e+01
4.216962934535922614e+01
4.077553413729557263e+01
4.182119679464177864e+01
4.221548610086622944e+01
4.187414860518933324e+01
4.432925514474625572e+01
4.553016798235604767e+01
4.769381645643584022e+01
4.765905128034819427e+01
4.661398915952807442e+01
4.562586766271601846e+01
4.317239382937538039e+01
4.281327264094224461e+01
4.204732443417411503e+01
4.304768008999887030e+01
4.391868792888942608e+01
4.464583511758733891e+01
4.635809981221819243e+01
4.574598456449247408e+01
4.569725780248382563e+01
4.577930974645418161e+01
4.554138724065528265e+01
4.563177379351304808e+01
4.205277091177451609e+01
4.233965916115128181e+01
4.280176774043447097e+01
4.235676715313049101e+01
4.045817985102823400e+01
4.106165827529587631e+01
4.385029419667532835e+01
4.502043503550092396e+01
4.621533921169933024e+01
4.764786131127516455e+01
4.675269245600275525e+01
4.558382579708212745e+01
4.355653021904654310e+01
4.412175603524593726e+01
4.471356647697633235e+01
4.573660229111762021e+01
4.687510506193849125e+01
4.601451956168617130e+01
4.399597078066994982e+01
4.350144215439939188e+01
4.738809549347898553e+01
4.883213477460251539e+01
4.841413713143830222e+01
4.858561335236550605e+01
4.842593323802066863e+01
4.656470946240744269e+01
4.122743395083887918e+01
4.153377160930364909e+01
4.295679006664463628e+01
4.465106270856432502e+01
4.686867819616740860e+01
4.669520551040805145e+01
4.305348040565991141e+01
4.098587637047361909e+01
4.281144618974168026e+01
4.377118350643715416e+01
4.079699132424750019e+01
2.949059537693010924e+01
3.581810761742318761e+01
3.977055722510800706e+01
4.010583246774434940e+01
4.119295943448064179e+01
4.181668833591683665e+01
3.966978003899622252e+01
3.865761194123805211e+01
3.954663572149663509e+01
4.046511557154302352e+01
3.800719193304478694e+01
3.825359744474484813e+01
4.230825732516129278e+01
4.359406915708780872e+01
4.392120037167850199e+01
4.291144607363506935e+01
4.203213841494643077e+01
4.008303370856089742e+01
4.027332975381045799e+01
4.162476532944273799e+01
4.283865679195756826e+01
4.391533193734140639e+01
4.501389994534907402e+01
4.510030099412525573e+01
4.006610506236479807e+01
4.071203232203949085e+01
3.653434507828598043e+01
3.713153326294381174e+01
3.774514187797606013e+01
3.604553278407942685e+01
3.854658886491507985e+01
3.745107524489413464e+01
3.784150376517727921e+01
3.435413115833176789e+01
3.480165996751595259e+01
3.365116371688580443e+01
3.535686567996651064e+01
3.769640898824307840e+01
3.707694619813094761e+01
3.633587715210784808e+01
3.577272207105989565e+01
3.784652943605189535e+01
3.685268667053848901e+01
3.645242292287517216e+01
3.359964293853449391e+01
3.517247152099742635e+01
3.623407459516491969e+01
3.553489250671159994e+01
3.579986177888091703e+01
3.653308500650605595e+01
4.115827175806231253e+01
4.527708249444983579e+01
4.553952208384011868e+01
4.568164125204862103e+01
4.492694153306202054e+01
4.326696770371455614e+01
4.302742068057749947e+01
4.320698957122996120e+01
4.627912148813196325e+01
4.640274550380190277e+01
4.638721879967959438e+01
4.588708395817222652e+01
4.493414548072206571e+01
4.354064498071177525e+01
4.373110189579931273e+01
4.446238832901225635e+01
4.484611715152591671e+01
4.508056566688738087e+01
4.442850987137353513e+01
4.275049724131825002e+01
3.845526616672416509e+01
3.228596685259806520e+01
3.452533852802495318e+01
2.639475692197247270e+01
3.043661715241227483e+01
3.297559299884581918e+01
3.570618946757954859e+01
3.738248601648728453e+01
3.908194406066741777e+01
3.607787263122629895e+01
3.656679058642365021e+01
3.588389041254637135e+01
3.443151599992898326e+01
3.305563849368320462e+01
3.540438998817954541e+01
3.290977491324637327e+01
3.447294999024241235e+01
3.269110845941889920e+01
3.295627243621825642e+01
3.248840262901002518e+01
3.538315594339928083e+01
3.387944065159508256e+01
3.306352612482153575e+01
3.182860114910766924e+01
3.089857853098289198e+01
2.864998038558052684e+01
2.593209221643469675e+01
3.260857962082052808e+01
3.186056448564030319e+01
3.541162436438754924e+01
3.407084865437457211e+01
3.036937224218637255e+01
3.234283711451215737e+01
3.458373748697464123e+01
3.514041575669920547e+01
3.416206348316880081e+01
3.702347346966315911e+01
3.769194948241990062e+01
3.735242234279979101e+01
4.036282604012435371e+01
3.923784748275134149e+01
3.762003124802225784e+01
3.458574974722537831e+01
3.759215838728343329e+01
3.276593497984237757e+01
3.394661983397809735e+01
3.325555528614992085e+01
3.367701075222096563e+01
3.522779509507468276e+01
3.508129132707697551e+01
3.893428823412897799e+01
4.037936755360916408e+01
4.058633081807084864e+01
3.805592410900798228e+01
3.781485896179778905e+01
3.569932330851160174e+01
3.621335256964805893e+01
3.314303673453954957e+01
4.044375465010407567e+01
4.178972668976703631e+01
4.283019657012782488e+01
4.174501734734464264e+01
4.274275436190009003e+01
4.087699354730470702e+01
3.937156123093888027e+01
3.963695416034681784e+01
4.107925192588109553e+01
4.228854771702117432e+01
4.218822783608210614e+01
4.327484158792104552e+01
4.556021533755674824e+01
4.301544476987586307e+01
4.200358447347654334e+01
4.035140914308612992e+01
3.876522435640798392e+01
4.411951728846219822e+01
4.370213657223278858e+01
4.269618033016008241e+01
4.035537391199299151e+01
3.945196643070258347e+01
3.999727065607133625e+01
4.279405637485020009e+01
4.270565241462055184e+01
4.163490944395439897e+01
3.954377624344206765e+01
3.987843629605249873e+01
3.971451438928313138e+01
4.000009729927740665e+01
4.188136455418700876e+01
4.234690964319646156e+01
4.384722088312621935e+01
4.336775491578521979e+01
4.274763306873558832e+01
3.928258929270558042e+01
3.861937419488641154e+01
3.841809517335264701e+01
4.140732586466150877e+01
4.147620124722288182e+01
4.075130940839600413e+01
3.951768413539132041e+01
3.876571691217037596e+01
3.604895826155723881e+01
3.543232274621753675e+01
3.807682242883996082e+01
3.883474211437579271e+01
3.998461550049281499e+01
4.088547173177754246e+01
4.057922076416335955e+01
3.631158703746868355e+01
3.349499543951351654e+01
3.241911308333008179e+01
3.483581369110762438e+01
3.632561805276103684e+01
3.888280397456734505e+01
3.924646548807978519e+01
4.075245175707688361e+01
4.116561658830334380e+01
4.063582520579579693e+01
3.949253751151949388e+01
3.786267951435255696e+01
3.869085236094286273e+01
3.771252519645307189e+01
3.553892705162076737e+01
3.541057067411853154e+01
3.541257982061060261e+01
3.328173206986492971e+01
3.336673661555914094e+01
3.078160016056499160e+01
2.810141324739782220e+01
2.553450149250598145e+01
3.070693441834052351e+01
3.465326577009491871e+01
3.405102625406505723e+01
3.446687981618264729e+01
3.758399077556755685e+01
4.082515669600573460e+01
4.021497724507195670e+01
3.657478592619658286e+01
3.637320940651576961e+01
3.745767534654914499e+01
3.907045930496427388e+01
3.951856944714288744e+01
4.042531126416997012e+01
3.839126114844192017e+01
3.529336994244060577e+01
3.370057637415263230e+01
3.610978820018468127e+01
3.814056667053304039e+01
3.843822978653344791e+01
3.328670524135583975e+01
3.021500080254930509e+01
2.982182810274771256e+01
3.063888978536177277e+01
3.085351421757422230e+01
3.019119334291669077e+01
3.063467660065657938e+01
3.182788413132163896e+01
3.060211892337706274e+01
2.967209549025957571e+01
3.388069372590825878e+01
3.316331635516311138e+01
3.413897543659466294e+01
3.200717878313976428e+01
3.100474645419554420e+01
3.324602181392620537e+01
3.708475024050528646e+01
3.726814870558502690e+01
3.802240199419123456e+01
3.796315761964563507e+01
3.843831798257444632e+01
3.685296849470770297e+01
3.474342716640577322e+01
3.290896296555749245e+01
3.263840357365582179e+01
3.725649853267695732e+01
3.888692815001054015e+01
3.944155693525302553e+01
3.889988224276147832e+01
3.206243548884883410e+01
3.184000657963007797e+01
3.329722293921860654e+01
3.128097726028158831e+01
3.054020694397938129e+01
3.201643808476423203e+01
2.888861526898458720e+01
2.774661376362843512e+01
2.894391925026127765e+01
2.774320817424277408e+01
3.055701079175724288e+01
3.049688102936301348e+01
3.056623701608723209e+01
3.233029783067362928e+01
3.246272433714298700e+01
3.227519529961198685e+01
2.472620530490759805e+01
2.652006147035356420e+01
2.868901432013258557e+01
3.144064300755804453e+01
3.266260711773139036e+01
3.464653978442119353e+01
3.314061535725900853e+01
2.984188661306622237e+01
3.027326345644000583e+01
3.141236408355220533e+01
3.676022421360114123e+01
3.856707050319899110e+01
3.593882114147221074e+01
3.542300563515854606e+01
3.311384942393050324e+01
3.524201470853178364e+01
3.623565708520561657e+01
3.677509009251867411e+01
3.831173298503040314e+01
3.930683730089447181e+01
3.933375074502728808e+01
3.583275559507050900e+01
3.097268013119110819e+01
2.854717043658195053e+01
3.437930925300812390e+01
3.753822173770194581e+01
3.907754498865117654e+01
3.888857690190471317e+01
3.772413107966781354e+01
3.623335079430693639e+01
3.947527284392131719e+01
4.128417690869562051e+01
4.086982585577047900e+01
4.056254967610794893e+01
3.884982095150561321e+01
3.814493015688421451e+01
3.838225119766055116e+01
3.869217515443567379e+01
3.792332052335179782e+01
3.483525555433666909e+01
2.647730425256956366e+01
2.955053768842665107e+01
3.265421600046125405e+01
3.368288499309034023e+01
3.432811524111716750e+01
3.175856103986272672e+01
3.224435799930540014e+01
3.137594362766421696e+01
3.059175803139350691e+01
3.057988940196126038e+01
3.133439781651001255e+01
3.160431131183243991e+01
3.000450618438151196e+01
2.840623206081043151e+01
3.011708967336404896e+01
3.462510558588363807e+01
3.591280215285040356e+01
3.680945977308801531e+01
3.502230360948997401e+01
3.234981668114627240e+01
3.151719045670371599e+01
3.042236715219904397e+01
3.579566587653705767e+01
3.951869169725314634e+01
4.081623527663384721e+01
3.910402562023770656e+01
3.840862416389290956e+01
3.292495386424444348e+01
3.559888255261952139e+01
3.870218422433525518e+01
3.896495548148854482e+01
3.843454803939845021e+01
3.429618458247249180e+01
3.369354450840204152e+01
3.284397893119474787e+01
3.317648615652500865e+01
3.412074171482682061e+01
3.093848175061987504e+01
3.158582250052626605e+01
3.596699661159864547e+01
3.702404972577988218e+01
3.559619509108747337e+01
3.130185610528630491e+01
2.645346502193197225e+01
2.634171264487061137e+01
2.910442153370292218e+01
3.096904940393870476e+01
3.294465430923335703e+01
3.329141455050424980e+01
3.354420451199972320e+01
3.204826903433544061e+01
3.146568892406946816e+01
3.260264077153647122e+01
3.306794838468123032e+01
3.347296179109840608e+01
3.379298854522312467e+01
3.454439375978624582e+01
3.310792595494156387e+01
3.264902465966186185e+01
3.093205442424246598e+01
2.834212377990186127e+01
3.006404105679890648e+01
3.489314182951093102e+01
3.623516987870672068e+01
3.747447202056847715e+01
3.612378391431213487e+01
3.493577604405898285e+01
3.471035834892202132e+01
3.246841933796709867e+01
2.583256213451156924e+01
3.493386939151159254e+01
3.460937440002632570e+01
3.661963890025973711e+01
3.464543252584607558e+01
3.427763072014590762e+01
3.782071482759813819e+01
4.002929007681923679e+01
4.056159941936228819e+01
4.032450733023659240e+01
3.940978604654895179e+01
3.319060063735737742e+01
3.369173437765142154e+01
3.681885104095429995e+01
3.849726304367156615e+01
3.802964420301507431e+01
3.540221747830625532e+01
3.514229964101834014e+01
3.405769288571316622e+01
3.316925204165245589e+01
3.575863888780850175e+01
3.519505828630652644e+01
3.282916159104293286e+01
3.348743381470369940e+01
3.556306353287541100e+01
3.474864645285899911e+01
3.324076579256397679e+01
2.450998821937574235e+01
2.957102132685349716e+01
3.337563493855019914e+01
3.312717103755849024e+01
3.155359705055941077e+01
3.026247253929402348e+01
3.370460173143679583e+01
3.275151135834780547e+01
3.317809226986283022e+01
3.407811982116298566e+01
3.346506264973940858e+01
3.337386685576650081e+01
3.522685035582641433e+01
3.431826992875960514e+01
3.351356822937216862e+01
3.490403392863434107e+01
3.214570358313780218e+01
3.223543513016304018e+01
2.812593193662226554e+01
2.938298780935789978e+01
2.502824561844048645e+01
2.735800811033504942e+01
3.231121882334505813e+01
2.857576943443175566e+01
2.979109282768997957e+01
3.247174520645099705e+01
3.305183158457722215e+01
3.287854011945513122e+01
2.891088434442727007e+01
2.698457800171577858e+01
2.070377880918214686e+01
2.025999260445064820e+01
2.027955321667912258e+01
2.418960590842612035e+01
2.190829494206066741e+01
2.283163297127512337e+01
2.540641013404801996e+01
2.235060260112257779e+01
2.553423572760472737e+01
2.870235190249906054e+01
3.050204309382047896e+01
2.882483359329684802e+01
2.840509152898876977e+01
2.891367381252288027e+01
3.150318306339534757e+01
3.408536678426754918e+01
3.428485366900329723e+01
3.532270016721413697e+01
3.387452946200851045e+01
3.052306544672862643e+01
3.197223454157861156e+01
3.317548963566373033e+01
3.263298687499036532e+01
3.082938515091105103e+01
2.701999280700589168e+01
3.066968933170170430e+01
3.541335623927749054e+01
3.601404123558107528e+01
3.856526001727527131e+01
3.856342249985948456e+01
3.703782688228464082e+01
3.731443936228841807e+01
3.957970890177559653e+01
4.102291246108030265e+01
4.209631991752439717e+01
3.964322017374283291e+01
3.665937798513206758e+01
3.581498019155537804e+01
3.391448691853810971e+01
3.811601208960829013e+01
3.919728550543262457e+01
3.964239217267315496e+01
3.923723828002636083e+01
3.908809385996678998e+01
3.393731963788842876e+01
3.293223107131508698e+01
3.389827842529653879e+01
3.336515261992052217e+01
3.612725682495210577e+01
3.500746958818061216e+01
3.272041945527971052e+01
2.987877848389985758e+01
2.933422464391638584e+01
2.924196174261630787e+01
2.405613026588855519e+01
2.676094639146624843e+01
2.956873856356943975e+01
3.072351102072819629e+01
3.146367159224918808e+01
2.861427597911592713e+01
2.567920665045937767e+01
2.307469555549381113e+01
2.177351932547778546e+01
2.555358882754698158e+01
2.913305584107781243e+01
2.998742024045181864e+01
3.143313971247442495e+01
3.027557923315241339e+01
2.816014347959920983e+01
2.741683340021199911e+01
3.353371317114145000e+01
3.525302978786156416e+01
3.611888639115738187e+01
3.387738558656550936e+01
3.262261854023731900e+01
3.221075137157950508e+01
3.197462151712921141e+01
3.241750945847290666e+01
3.764879063745122778e+01
3.803232052280466746e+01
3.862639236057633241e+01
3.833621992600230044e+01
3.778933653792146430e+01
3.675206612765809666e+01
3.582958570221161665e+01
3.373418757919067446e+01
3.625636538858602620e+01
3.958701031553783167e+01
3.992298126794067059e+01
3.951410816160394290e+01
3.578455283938719589e+01
3.615098776365220345e+01
3.775313760894211157e+01
3.951377489107288454e+01
3.834625735045100470e+01
3.788213788834025308e+01
3.914875471685878949e+01
3.769187619604227280e+01
3.714769488919950646e+01
3.356676205034396787e+01
3.011663875789863809e+01
2.894907884467338377e+01
2.904667231908501179e+01
3.219900375376236212e+01
3.579682407071493344e+01
3.607869658663945245e+01
3.403019621165802988e+01
3.461132852437862084e+01
3.517353659123908471e+01
3.321684754081518776e+01
2.707690784488770319e+01
3.511583287844571544e+01
3.364987266179471703e+01
3.785938562500665228e+01
3.749618440026751642e+01
3.973701469419771826e+01
4.255240708196983235e+01
4.188618569502557420e+01
4.069234162357216178e+01
3.860228154674722845e+01
3.550109883177456283e+01
3.583662791704903583e+01
3.847688837151562069e+01
4.018875783834759829e+01
4.029184191582419317e+01
4.072569522389821373e+01
3.488857157831230893e+01
3.523235842103201776e+01
3.249735156457914798e+01
3.136063600016782615e+01
3.656960150227656925e+01
4.138775162609844926e+01
4.164264572222792538e+01
4.158376251264805035e+01
3.910114869501111912e+01
3.044023446451586068e+01
3.435701330017229793e+01
3.577847446783819407e+01
3.593523205896859452e+01
3.355270885090095589e+01
3.165548024496537138e+01
3.172296809830290698e+01
3.285566461309627329e+01
3.499416601978020935e+01
3.767733512844149857e+01
3.804726709790631389e+01
3.717953828335104305e+01
3.535299409465963549e+01
3.110057709781118973e+01
2.888223082210119586e+01
3.121902116044248032e+01
3.444648946711281923e+01
3.612736008288582923e+01
3.679913257525125658e+01
3.658646650736184824e+01
3.473009706805726893e+01
3.243193319121167661e+01
2.963436291565575331e+01
2.975660394969510492e+01
3.479342749137504853e+01
3.798562303359405234e+01
3.760792715225652216e+01
4.141318600132940730e+01
4.142631024700133935e+01
3.936787876767677119e+01
3.681464933361512237e+01
3.585727268083036989e+01
3.746058568616810902e+01
4.283697079194422486e+01
4.330199966125739053e+01
4.224811953819721566e+01
4.173888038457661054e+01
4.034310355929579828e+01
3.949023767312597499e+01
3.387871597767411203e+01
3.707665071236105803e+01
4.203134585308538362e+01
4.265206816825696734e+01
4.190498686571810083e+01
3.969817105671614854e+01
3.975348842594215881e+01
3.534773743380701205e+01
3.574404550911437894e+01
4.106926970942603816e+01
4.169937136374512932e+01
3.943724335391016922e+01
3.754822743243597927e+01
3.408364802378825686e+01
3.684827060714876268e+01
3.460671945284073558e+01
3.353348758867947765e+01
2.950737639784661326e+01
3.098518173162160494e+01
3.375267519641657543e+01
3.319805349024365171e+01
3.668648915929501442e+01
3.657871125158812475e+01
3.505212625009163929e+01
3.570884503303832247e+01
3.490189280313238385e+01
3.950757436970788916e+01
3.891828724969612807e+01
4.006768912852648157e+01
3.970362533356001222e+01
3.679691128790796029e+01
3.499271041439445895e+01
2.977158302760382469e+01
2.549505491788924871e+01
2.946236457968161204e+01
3.347312899765071137e+01
3.414311887333074935e+01
3.462317748151119901e+01
3.296674157595229815e+01
2.509457118786172813e+01
2.725024408197246828e+01
3.094474275562261312e+01
3.573792056201361333e+01
3.694545223180500670e+01
3.794940316806429337e+01
3.834136176684916109e+01
3.722671162113294230e+01
3.709599131373228431e+01
3.395773695914242296e+01
3.596230538048635594e+01
3.891347350191566790e+01
4.056955426063240822e+01
4.017544987123234534e+01
3.918320761182763334e+01
3.711048815492677022e+01
3.437443505395626886e+01
3.195330366354335538e+01
3.533515994547752825e+01
3.825288725104514498e+01
3.884272621296394590e+01
3.872738114441177260e+01
3.709724326206839606e+01
3.720778850803615967e+01
3.622042996088867284e+01
3.933409956168626564e+01
4.047170336059082274e+01
4.107005858277417332e+01
3.872691994940951332e+01
3.939778854046294043e+01
3.490649191345136160e+01
3.621815961526932171e+01
3.454234482442582532e+01
3.437511067989056102e+01
3.414679101181776844e+01
3.352200178641397343e+01
3.567906428895353343e+01
3.774320199528045094e+01
3.843479913721390062e+01
3.519831739145410410e+01
3.585905304967809570e+01
3.629028273884635070e+01
3.586164517426277598e+01
3.540781048064830827e+01
3.517368020257238470e+01
3.580740583161970392e+01
3.690699001094736786e+01
3.582684534257543874e+01
3.592482569645535762e+01
3.677019386984053995e+01
3.917639656531941483e+01
3.495068185384579351e+01
3.567920629786156894e+01
3.518412184925008290e+01
3.113463125170973811e+01
2.234386865793635479e+01
2.580200341260418284e+01
2.983038340365558483e+01
3.063290614097136455e+01
2.838170600777573327e+01
2.607926583917467411e+01
3.180871204049552858e+01
3.531656385997469272e+01
3.604424717787541965e+01
3.579387951885625085e+01
3.684114718799207111e+01
3.057725024767462330e+01
2.793620153692721431e+01
2.790418629459114541e+01
3.048834649715517031e+01
3.613606111281023914e+01
3.628201577368430009e+01
3.624432497718726154e+01
3.691286941525186194e+01
3.384227319359575148e+01
2.949574318265849016e+01
2.898107945267877383e+01
3.037778814851541753e+01
3.422361496989375240e+01
3.593124971185649486e+01
3.713965255871377025e+01
3.405912236893080802e+01
3.376990842315387198e+01
2.965453406116097668e+01
2.568050409512533960e+01
2.475046303173795081e+01
2.191331426159121776e+01
2.437037368563089501e+01
2.965231626605694970e+01
3.252838607737470511e+01
3.446757632741791610e+01
3.471414140798054859e+01
3.401467886949215114e+01
2.983932706516456079e+01
2.865440888133110775e+01
2.599577147025258483e+01
2.811177721725874079e+01
2.847242171411927103e+01
3.273384270565816223e+01
3.494524392167885196e+01
3.541963819484094245e+01
3.541387810254133939e+01
3.477685092352799501e+01
3.451483844506599752e+01
3.337606698811168826e+01
3.257663035860956313e+01
3.008278650698279222e+01
3.079880953116003894e+01
3.016380737495914488e+01
3.424866622576961106e+01
3.396782857271538347e+01
3.454015928315295980e+01
3.438666353473691117e+01
3.276334192098644849e+01
3.092922054755978678e+01
2.578390471026228781e+01
2.284271903470182963e+01
2.685687429137107785e+01
3.053692771561793862e+01
3.475325629830189200e+01
3.628889212239879214e+01
3.518013446095700658e+01
3.327051585014547896e+01
3.122626481950396737e+01
2.978190517712109298e+01
3.004568079489542853e+01
3.623204601380831491e+01
3.795051990328849456e+01
3.821857479519874801e+01
3.848310271640286118e+01
3.887014038530814020e+01
3.955860585948372687e+01
3.947103629229899724e+01
3.583155566911017331e+01
3.453869418904765354e+01
3.347107849702587856e+01
3.050026132175592863e+01
3.614007822331358710e+01
3.689179311765826697e+01
3.687501828804960269e+01
3.619374309248281918e+01
3.213379549259989432e+01
2.924735941138576933e+01
2.738561933464647780e+01
3.352353671946330138e+01
3.508228211920459927e+01
3.638152791824302312e+01
3.977922992730812268e+01
4.020710589139960689e+01
3.932390105865388819e+01
3.670768156894428813e+01
2.952359363797192060e+01
2.698642014599961669e+01
3.505653264251237289e+01
3.638549122044149442e+01
3.573548476290796572e+01
3.288911634324428235e+01
3.190768368242473940e+01
3.522725858496695395e+01
3.618688271421024183e+01
3.521927419672090309e+01
3.611759806278212892e+01
3.545382827646704271e+01
3.372984697684434963e+01
3.432360587759468729e+01
3.491067991687116745e+01
3.386750423224766848e+01
3.320275614778614681e+01
3.326906241462431524e+01
3.137758873725485032e+01
2.940289460509126229e+01
2.758192333471990665e+01
2.486343928051574892e+01
2.585619536858501277e+01
2.821558938990109766e+01
2.999188300774991944e+01
3.224294172357049604e+01
3.221424281395450606e+01
3.273360333487329399e+01
3.096318212996525787e+01
3.004325726766762372e+01
2.218745001301517306e+01
2.103139343528701488e+01
1.961134154445027633e+01
2.555642970478942644e+01
2.891740347310943804e+01
2.849107516491649150e+01
2.766661269121740574e+01
2.497970668625798751e+01
2.394019761844806027e+01
2.517648381969508620e+01
2.635587141846265169e+01
2.720693338344919709e+01
2.504860602791655566e+01
2.512084364924109892e+01
2.395672046610651051e+01
2.366688878364804083e+01
2.348813276938511763e+01
2.246764415673928283e+01
2.485856713084701042e+01
2.453016348956963810e+01
2.558806232910612266e+01
2.297003872084580678e+01
2.098664640403406523e+01
2.271168874349754319e+01
2.381892852362159374e+01
2.151821514492750964e+01
2.736030795830355444e+01
2.692175816130740529e+01
2.663774785062122419e+01
2.901580068200321350e+01
2.643380982622911901e+01
3.010317388135934280e+01
2.979611731270651731e+01
2.973820584810813372e+01
3.079737082977192131e+01
2.933506296796179669e+01
2.968750510412623100e+01
2.985173050673204642e+01
2.834552547549910884e+01
2.505070751036581811e+01
2.463852739725561847e+01
2.725016592767081747e+01
2.845724373570188348e+01
2.936004901608157169e+01
2.930069157135074676e+01
3.171060535525335311e+01
3.255986595398729122e+01
3.205130541889973017e+01
3.145939047692909796e+01
2.887611136795310429e+01
2.601482452315905647e+01
2.484743390853653722e+01
2.482891675483104166e+01
3.301597001758761962e+01
3.333544191476946850e+01
3.535806311354670584e+01
3.578150797592989107e+01
3.525376309566335209e+01
3.323163159693089597e+01
2.574628013008976524e+01
2.673552897002245032e+01
2.999022121636350846e+01
3.445413916622718631e+01
3.706094391988952452e+01
3.781343571548548255e+01
3.738808045070075536e+01
3.421574433336631671e+01
3.049600873897097131e+01
2.441977738274326626e+01
2.838579754295193069e+01
3.089515435570863389e+01
3.527744891560927698e+01
3.719794673109167604e+01
3.726611092689336147e+01
3.546813504575132470e+01
3.197510736493366323e+01
2.616403466280591417e+01
2.481243431428135082e+01
3.263882579043365695e+01
3.653024448792253054e+01
3.669417730122482624e+01
3.731818389694059590e+01
3.820573212247539630e+01
3.797049400629024518e+01
3.555588358323984721e+01
3.029755714056175009e+01
3.017548259050812476e+01
3.426322757284435738e+01
3.552433883317244323e+01
3.668251443154550628e+01
3.702023729514968409e+01
3.706468289581185616e+01
3.560190892964362774e+01
2.922949468740165457e+01
2.653923540768889922e+01
2.785947192331201805e+01
3.150254495159739676e+01
3.304740346825817454e+01
3.434164695296417591e+01
3.188209606184534550e+01
3.237019306481757042e+01
1.873902365694127425e+01
1.741388464401979519e+01
2.566462696489811535e+01
2.690956068068003759e+01
2.991564119262712396e+01
3.104538323508163700e+01
2.342131769913962813e+01
2.384173174961996722e+01
2.203867000366472340e+01
2.327255706573867045e+01
2.920093427286544951e+01
3.274488150177394630e+01
3.104979108101846208e+01
3.165622829095094914e+01
3.032136546985919168e+01
3.099255749483619127e+01
3.000620171667534919e+01
2.283026137788911569e+01
3.056799200802486993e+01
3.355080855595500111e+01
2.896005366168781592e+01
2.690704814431245495e+01
2.791148630193445257e+01
1.701147334444522130e+01
2.104782330669258528e+01
1.424254579752804872e+01
1.819466377470160268e+01
2.137790528251428768e+01
1.411763604088141477e+01
2.692149667330625817e+01
3.053375616311538110e+01
3.134972482105510139e+01
3.137408480025708357e+01
3.143372754803685964e+01
3.016475425023806523e+01
2.764695857405979140e+01
2.751536818619504743e+01
2.586706316615587298e+01
2.107259989005795475e+01
1.902285805240376959e+01
1.978227084611530984e+01
2.597461394591723405e+01
2.897369232946712359e+01
2.889310976119051588e+01
2.949568275021308494e+01
2.857533868038218827e+01
2.862991423028431370e+01
2.710999101408883405e+01
1.636912678737889948e+01
1.873266015029273390e+01
1.413550184131638687e+01
1.923087503297059442e+01
2.494782590142743928e+01
2.770723750999302837e+01
2.901211041938160662e+01
3.139379875327256997e+01
3.204547132877581817e+01
2.542786683141346771e+01
1.935543030368296868e+01
2.784506055065746466e+01
3.017799088347070224e+01
2.978084298010789155e+01
2.977592186339646219e+01
2.932895893065049719e+01
2.905437627906493958e+01
2.586689019369034526e+01
2.326939740102491783e+01
1.625037772784923717e+01
1.360752798971786959e+01
2.160246489948004012e+01
2.638309408865390893e+01
2.686349221044965319e+01
2.971677255864420530e+01
2.973776640133344173e+01
2.506625272791420400e+01
2.249187135843275342e+01
2.230555120406390301e+01
3.115997426653401448e+01
3.582065728129845184e+01
3.512803653653781311e+01
2.549054604325082352e+01
1.951628208681447063e+01
2.778074022353398931e+01
3.524805704634003689e+01
3.543568467302445413e+01
3.483263764811088237e+01
3.348926452559044264e+01
3.291842397917670837e+01
3.013645823052052108e+01
2.632906232830359627e+01
2.459658159141932643e+01
3.252516115694725585e+01
3.285129023341849575e+01
3.330961068464010566e+01
2.772000783931817836e+01
2.769992201373019469e+01
2.584061725934687814e+01
2.906923144265973846e+01
3.000752685052402668e+01
3.095916698154425006e+01
2.695325688493692695e+01
1.758977260394745556e+01
2.008006441030554612e+01
2.646261578925629721e+01
2.610176651923008606e+01
2.534863078975119066e+01
2.537444638735262359e+01
2.200343915885539303e+01
1.970220371764107625e+01
1.632900309230734948e+01
2.569878971768384091e+01
3.177422809982063967e+01
3.377629792979257672e+01
3.343471675599601411e+01
3.396494591142185016e+01
3.186072326765799900e+01
3.014024313909046526e+01
2.550071859320590306e+01
2.356597582887087583e+01
2.278430696373687425e+01
2.488396744586830778e+01
2.553093379760414194e+01
3.099824877068286710e+01
3.133852207888991970e+01
3.186745069426507015e+01
3.050114880208152002e+01
3.023884215022400213e+01
2.794829661108648367e+01
1.797650029278154449e+01
2.985107762283335830e+01
3.174117018583829264e+01
3.224557507981134563e+01
3.163952020826015854e+01
2.796531590248642729e+01
2.657289326583140365e+01
2.442003925283021815e+01
2.467227297225912608e+01
2.680222915323392741e+01
2.747205994895952941e+01
2.840525141276540566e+01
2.752648553561688516e+01
2.643050085774930480e+01
2.570415399532592460e+01
2.483447267289889027e+01
2.498280612914389565e+01
2.754422288002908559e+01
2.638495797107351493e+01
2.641051517274304672e+01
2.633876727189266020e+01
2.500956707745788066e+01
2.375568295449504674e+01
2.562362219634189131e+01
2.641092230127314977e+01
2.720792443369898450e+01
2.728614934990011065e+01
2.785354008659095015e+01
2.888862392553600955e+01
2.631764883842538794e+01
2.630042005155406670e+01
2.488073756543986548e+01
2.512971516781700032e+01
2.796919041787331395e+01
2.828019457628869304e+01
2.969494140309860697e+01
2.964646369098739243e+01
2.907841247139766239e+01
2.682812944439386627e+01
2.156619631826067263e+01
1.845324607670903916e+01
2.506186361255993589e+01
2.660340907855984938e+01
3.096394851364699363e+01
3.086940604763841023e+01
3.053700795815137070e+01
2.799495570433140657e+01
2.457406645833343362e+01
3.227842510327627679e+01
3.405722501136856550e+01
3.373074019618285035e+01
3.238005367999545570e+01
3.300485147474029191e+01
3.231241268135087097e+01
1.431595745501689976e+01
2.725139014577951357e+01
3.157682008814166963e+01
3.051284129093148323e+01
2.589394724770659906e+01
2.256089056273808779e+01
2.831886830328787141e+01
3.226743923776523104e+01
3.347719704398848251e+01
3.187825582604065744e+01
3.110812130182420177e+01
2.311354653486209187e+01
3.027994414969262493e+01
3.537670540339792069e+01
3.527803270760858823e+01
3.576677079780264279e+01
3.639982642576147498e+01
3.307275254412920162e+01
2.874218001648048215e+01
2.525469715003275795e+01
2.774084748504512277e+01
3.234316480132578420e+01
3.526542959427825963e+01
3.696120582123068488e+01
3.743764550035258765e+01
3.728342859784304153e+01
3.690462571102934675e+01
3.662558034349694225e+01
3.149831354109868187e+01
2.931931883534225847e+01
2.618924874931429514e+01
3.076384451005207055e+01
3.390589477016649766e+01
3.453949874017102672e+01
3.259892392433626895e+01
2.922816166269238636e+01
2.380155979277380141e+01
2.175433962071698346e+01
2.987482556720978977e+01
3.283651623726065338e+01
3.450004721779569650e+01
3.533933634186237072e+01
3.567291585363820161e+01
3.480191876792717665e+01
3.381753723475818418e+01
3.222830785252574515e+01
2.859614369663793809e+01
2.217687949633943845e+01
2.161846325564543037e+01
2.639807224173188160e+01
2.847823641340493950e+01
2.974461717502352798e+01
2.684592791691248337e+01
2.471324344839693055e+01
2.213666872960456544e+01
2.725974085860883989e+01
2.794294411846805559e+01
3.032035464959594862e+01
3.181373922873947890e+01
3.280661666476534322e+01
3.037532607591912637e+01
3.036941385491399359e+01
2.800135703412944821e+01
1.760858977581209217e+01
1.489166899157934409e+01
2.251072920191787929e+01
2.807567983697133229e+01
2.628533294847024138e+01
2.257204324793777417e+01
1.897395379772724056e+01
2.143958668634572007e+01
2.957703675384351172e+01
3.004961290914298999e+01
2.919636512814238216e+01
2.561827482821789914e+01
1.989611947748615961e+01
2.350773340708520820e+01
2.694098461690190405e+01
3.281394618523729179e+01
3.412645470153838545e+01
3.274110381257522562e+01
2.880329667387147552e+01
2.323963773996319304e+01
2.544536124444585212e+01
3.341278737761582107e+01
3.587494330566146772e+01
3.531944688790859033e+01
3.388121941560545025e+01
3.169704617621654208e+01
2.192245879193505331e+01
2.972162598852474957e+01
3.158373409421439604e+01
3.441879056927072611e+01
3.623230993189387306e+01
3.687132872124656302e+01
3.665440760639454254e+01
3.542461602615568950e+01
3.248318403794907283e+01
2.827920620358394643e+01
2.750329124929773528e+01
3.013415652526624200e+01
2.916722467941720964e+01
2.840872861329767929e+01
2.524266702857450895e+01
2.086550291458707562e+01
2.118856332799643027e+01
2.509448158492811132e+01
2.853512990107345360e+01
2.943459316914432833e+01
2.959280433126758680e+01
2.988364679461500728e+01
2.851000119679502376e+01
2.657917739722644868e+01
2.621174304998353577e+01
2.496949710323955429e+01
2.581894604884347899e+01
2.781713696269018499e+01
3.082962220251940266e+01
2.979014645876547718e+01
2.099750608115166983e+01
1.939038710190246562e+01
2.724131392787532135e+01
2.978886789789856948e+01
3.090691232993431470e+01
2.686186832722349749e+01
2.410562976793347545e+01
3.063646420941434556e+01
3.479644117083542199e+01
3.475857300143250939e+01
3.252955108213599544e+01
2.563716737010917512e+01
2.972863693291292009e+01
3.491967690846600192e+01
3.742096520948073390e+01
3.790621970777178973e+01
3.767289326744796085e+01
3.309491821586948390e+01
3.022160115720669182e+01
2.677431445674746158e+01
2.749699784640197464e+01
3.374834704754844950e+01
3.588005096247544401e+01
3.697235254833273643e+01
3.739648129672679033e+01
3.669786251729264137e+01
3.366875948619019709e+01
3.120093231688921520e+01
2.131869516614523619e+01
2.833166159155288000e+01
3.106020414469159974e+01
3.112971765213463726e+01
2.883072572858574034e+01
3.051438218060695107e+01
3.164977434091927222e+01
2.842844440680423901e+01
2.534658782977523472e+01
2.238159164505330523e+01
2.993290649177861340e+01
2.849106978869236428e+01
3.033363031689776079e+01
3.217001001805821403e+01
3.211808367934528974e+01
3.129033331880966529e+01
3.218140750760914415e+01
3.195028906380318645e+01
3.224029268992504882e+01
3.230360007904317143e+01
3.323510500430345616e+01
3.164191225024417875e+01
2.796063742253477358e+01
1.728882266300656312e+01
2.308845491396788674e+01
2.597763313680257724e+01
2.677415983901776997e+01
2.727606953325896200e+01
2.451001130076214807e+01
1.944517563477091215e+01
2.134727286440884342e+01
2.703643805907788433e+01
2.770504298188565784e+01
3.259916807113870618e+01
3.226545332253576248e+01
3.258870632045808691e+01
3.250317158604848089e+01
3.253490792340923576e+01
3.142599526491114403e+01
3.079460237320516214e+01
3.051772853836877175e+01
3.075899270722631229e+01
3.147209787304941386e+01
3.361326100777914405e+01
3.032102414908198185e+01
2.844878262389591939e+01
2.355594589350351598e+01
2.579700387634023429e+01
2.965525601208053175e+01
2.708925997500959326e+01
2.767242449821190320e+01
3.383472253026796039e+01
3.256546933742706074e+01
3.079991484450351891e+01
2.904150755719820154e+01
2.417260408547473105e+01
2.318451432971407655e+01
2.951054094794197624e+01
3.405372241314552184e+01
3.370857068024834291e+01
3.497501378502217761e+01
3.417194772286603666e+01
3.246842984050704217e+01
2.876423594375673432e+01
2.829440056288432004e+01
2.646278841541796112e+01
2.972298320268720673e+01
2.991065289767508162e+01
3.395994679065023547e+01
3.435382184214055457e+01
3.420032453579779741e+01
3.384751987240858995e+01
3.360865894066347437e+01
3.216227315147683896e+01
2.824531221869820641e+01
2.249718309399174032e+01
3.072259501044461771e+01
3.370577795650213915e+01
3.359318598200672312e+01
3.341582403156285608e+01
3.248927209185305998e+01
2.308049984208276584e+01
2.496770576216475135e+01
1.634522832292530126e+01
3.066677135821610989e+01
3.435395613346062760e+01
3.545452724075913409e+01
3.441822760254898128e+01
3.028405366474827076e+01
2.872572139182625861e+01
2.989071263078265162e+01
3.391787608917062613e+01
3.381146292749483706e+01
3.428163055632458622e+01
3.443573121384525138e+01
3.436805667576204115e+01
3.274552082214386672e+01
3.057996501619592067e+01
3.100745048236621670e+01
3.097528227818585478e+01
2.864366208848601403e+01
2.908106083490948635e+01
3.079562922017533921e+01
3.243818534366300810e+01
3.322691313701935201e+01
3.391393190788257073e+01
3.044253570762141692e+01
2.600810114816072627e+01
2.608635611744902150e+01
2.946357966332095657e+01
2.938535451795175746e+01
2.809737957638040484e+01
2.886597266705397757e+01
2.889157969029621853e+01
3.033488420183221734e+01
2.865917208503659452e+01
2.347967073027587048e+01
2.288995994277847501e+01
3.158262999529473447e+01
3.173619344685175392e+01
3.268551878212272044e+01
2.918378243181316378e+01
2.892881290805564731e+01
2.779026810750060861e+01
2.653010069098562695e+01
2.868645330574920393e+01
3.220455564785155644e+01
3.353974630500712806e+01
3.393311902972109095e+01
3.331238873559267688e+01
3.327016797822941641e+01
3.114768384940396828e+01
1.989639109391802307e+01
2.250375746333675764e+01
2.654985627751803179e+01
3.005837789134698568e+01
3.181948661124219058e+01
3.369393082360508629e+01
3.315600522185754784e+01
2.860031252982522787e+01
2.712472367381566585e+01
2.068940630803658109e+01
2.048094648703061793e+01
2.532641876211947718e+01
2.861099170278322390e+01
2.873313461481091124e+01
2.472803682607059983e+01
2.039829560101497208e+01
2.590164089028438354e+01
2.662072986750005299e+01
3.021085476899585842e+01
2.757295584916619546e+01
2.163381338899216644e+01
1.332103361381844486e+01
1.377922007801982751e+01
2.114237879918001539e+01
2.284025699902834816e+01
2.526437162267416880e+01
3.049992369161748940e+01
3.294785620563439466e+01
3.247829913498860321e+01
3.095373688690285618e+01
2.805002729044340271e+01
2.697646339264852955e+01
2.347109924484628607e+01
2.389343134483413422e+01
2.840458575493482130e+01
2.906159333052495697e+01
3.209961341809123780e+01
2.960105902415829249e+01
2.186857873766324545e+01
2.348714732594233467e+01
2.658747304457882876e+01
2.936729324489827775e+01
3.111315341645965660e+01
3.013417796413193628e+01
3.016968713155741710e+01
3.056334860051470770e+01
3.002168529928610852e+01
2.986431746187856362e+01
2.946614137440434078e+01
2.915727167138556553e+01
2.887439078645292057e+01
2.789040607369139835e+01
2.824398921629850534e+01
2.911744048430593068e+01
3.228353100288021693e+01
3.227744974999848182e+01
3.068398521510087562e+01
2.828069365877149011e+01
2.271392449353017540e+01
1.495962133259927107e+01
1.714661421593877222e+01
2.625548033391044456e+01
2.757552956054039939e+01
3.040316975567350966e+01
3.035807484299303383e+01
3.181616833503882447e+01
3.009374795670637681e+01
2.692970837632458014e+01
2.599545118236243724e+01
2.315995480749815982e+01
2.395683470311340457e+01
2.718931517225949790e+01
2.987458040955278449e+01
2.833970453402458389e+01
3.161141931965603646e+01
3.268050790932666416e+01
3.130995974022021500e+01
3.104787633452884421e+01
3.273360613894233495e+01
3.235630384977494600e+01
3.152540162493547982e+01
3.012036811929278102e+01
3.045822013790909111e+01
3.194063800649890084e+01
3.226635417860988753e+01
3.379004134292727457e+01
3.139580205011129266e+01
2.915463011848700248e+01
2.833385104325794401e+01
2.899696912264230519e+01
2.707083999950784303e+01
2.443868911020386747e+01
2.712755988985535183e+01
2.731011827554320348e+01
2.836157304189975292e+01
2.732756330369714703e+01
2.506739469403505183e+01
2.185358883632055793e+01
2.069668768230084765e+01
2.282376912718909523e+01
2.248976095120227114e+01
2.262260705407519978e+01
2.341752711975670920e+01
2.270941326146796868e+01
2.284247354571201072e+01
2.213822836965607976e+01
2.013701781793407974e+01
2.234138820754972699e+01
2.113457759776136413e+01
2.258048137563569213e+01
2.737866091342155528e+01
2.775099106693130580e+01
2.869409496842773422e+01
2.842844924312427324e+01
2.829691250459410412e+01
2.651746645708278649e+01
2.288442577734337391e+01
1.134624021868539856e+01
9.415557966378901966e+00
1.716024189682195811e+01
1.362928011368031278e+01
1.338648560664101161e+01
1.751076535203526419e+01
1.419718873458446673e+01
1.699749917761436890e+01
2.049390197919989021e+01
2.214558378481390477e+01
1.777353232991060139e+01
1.797769645311156239e+01
1.931017036143402876e+01
2.104333328929402569e+01
2.245997866425802414e+01
2.419064589109247976e+01
2.389744135762827071e+01
2.260094849480332257e+01
2.108125706850994874e+01
1.669753423993419617e+01
2.043293441123557486e+01
2.474078343888848508e+01
2.792066095445415286e+01
2.954164128069414730e+01
2.951838525228327370e+01
2.857539842503018690e+01
2.733561716343541192e+01
2.598835261090321680e+01
2.644002431144243914e+01
2.912087881816025714e+01
3.065572222316991713e+01
2.890877491961984092e+01
2.255664330758165548e+01
1.878958153120274233e+01
2.194048168884097549e+01
2.621126828092840100e+01
2.554142728273992802e+01
2.666971602220362669e+01
3.025370292224717517e+01
2.987398755163161113e+01
2.217283175812682572e+01
2.285507892162334187e+01
2.422922476995331564e+01
2.320098380157126883e+01
2.556107486808782170e+01
2.611372861322667305e+01
2.468149664502093543e+01
2.569307900217386731e+01
2.755704453479657445e+01
2.968110905977012237e+01
2.917215029208612620e+01
2.940800500902499337e+01
2.939375463534919675e+01
2.778426492485146326e+01
2.586192632796461055e+01
2.591479658972426492e+01
2.088029351412729540e+01
2.012792393342390795e+01
2.529781687366737941e+01
2.922372930021738924e+01
2.981112634683759666e+01
3.040138737141452907e+01
3.186601135231992998e+01
3.157349786630296506e+01
2.863248519471384057e+01
2.624691677652180033e+01
2.291624471653607387e+01
2.176355723878639381e+01
2.429264391646895405e+01
2.784028403307432953e+01
2.983237486391026749e+01
3.114678202014238906e+01
3.113790736169767115e+01
2.739316872033561978e+01
2.668166484968587682e+01
2.628293415154884372e+01
2.856696875887022813e+01
3.010781452714900297e+01
3.147175123965655530e+01
3.188800104769999422e+01
2.974518763441601621e+01
2.457369854282618249e+01
1.996613836192437219e+01
2.684152125552616042e+01
2.907360289104397566e+01
3.353938504906426488e+01
3.324354417797038508e+01
3.170559044644878099e+01
3.004877681741385587e+01
2.388958874715664038e+01
2.335689889907536099e+01
1.789083493760496424e+01
2.884571392583344718e+01
3.211305195108808164e+01
3.238290880150486828e+01
3.219272517868526506e+01
2.973757796671702280e+01
2.885954576891296952e+01
2.266401307449087454e+01
2.488976634938985200e+01
2.840471665054645101e+01
3.082621313793520201e+01
3.200275602661778152e+01
3.254606035656651386e+01
3.074799229115055965e+01
2.980123154306842181e+01
2.931278040305805277e+01
2.744321858603429476e+01
2.501362479346992629e+01
2.214355860687554767e+01
2.567953118826562076e+01
2.658950669819837742e+01
2.694826603057090963e+01
2.512241164440575858e+01
2.472990947417670426e+01
2.554766961586824436e+01
2.593233874404718620e+01
2.805775533858833271e+01
2.569776363540934483e+01
2.303240388848256259e+01
1.458119731802337604e+01
2.038449081996985157e+01
1.837102452120326035e+01
2.352563911390160101e+01
2.632811442437511218e+01
2.870189523118830266e+01
2.989205844226643194e+01
2.943498195471828183e+01
2.940016468183790366e+01
2.659139433939929020e+01
2.242515362309423921e+01
1.843175499892329228e+01
2.308039293968055716e+01
2.378726433571822696e+01
2.610720799064763398e+01
2.722858153049282137e+01
2.205242372542253548e+01
2.299775175314817233e+01
1.995309295383250259e+01
1.805150208780683485e+01
2.110323007615710367e+01
2.143751477113965365e+01
2.173315602359708976e+01
2.133666016402685983e+01
1.997741043622657742e+01
2.327305360989037553e+01
2.682642243777484836e+01
2.950662702712954655e+01
2.848804322509310083e+01
2.854640655078683409e+01
2.536182158531328312e+01
2.645997493890932972e+01
2.761906508167471230e+01
2.831052471250128377e+01
2.882272666168686825e+01
2.925211995084519145e+01
2.995973484349652693e+01
3.012940068966298668e+01
2.965680649488535892e+01
2.638788000535239320e+01
2.164057224962638770e+01
2.310337197729573688e+01
2.121020289315185181e+01
2.392631297813661462e+01
2.790665386848322527e+01
3.003627014639636172e+01
2.881138240854952670e+01
2.791343241761093452e+01
2.352528204592662320e+01
2.304304144858185310e+01
1.529481226933702231e+01
1.639964485946188688e+01
2.236979789925547024e+01
2.115130346305114983e+01
2.237767622226941810e+01
2.097180076893878109e+01
2.147796921499116252e+01
2.239843574839487417e+01
2.557974480456387312e+01
2.747347666575155500e+01
2.752240049277981626e+01
2.695274161942672464e+01
2.636328047411989672e+01
2.534411348396811903e+01
2.362067191381521880e+01
2.228070309899244705e+01
2.500121880925519235e+01
2.624526848220868658e+01
2.623790255135698857e+01
2.634522011385472595e+01
2.616587384909789904e+01
2.548176470795610982e+01
2.522562739081581640e+01
2.493989473434582749e+01
2.320356200509050026e+01
2.348599390794264608e+01
2.381490600125686541e+01
2.400663989841855894e+01
2.389706231476898068e+01
2.487080107949540064e+01
2.746834893231584829e+01
2.782429743868934224e+01
2.667758863116721813e+01
2.611000115615807005e+01
2.514390780287664384e+01
2.615470717497460740e+01
2.728763370147398248e+01
2.749474029700614608e+01
2.922529356508266574e+01
3.119745315140433206e+01
3.072475048627008576e+01
2.945270361869616238e+01
2.805121507966597960e+01
2.069692663303989733e+01
2.023400083222866641e+01
2.404014685705766041e+01
2.658752143765077136e+01
2.876929096011428300e+01
2.921973428579645926e+01
2.424016048889932051e+01
2.324112339228009105e+01
2.057476290793484708e+01
2.449780128046425176e+01
3.039233317642942822e+01
3.015104145616040654e+01
2.964666639233323053e+01
2.936683354113252165e+01
2.848923471584916101e+01
2.835753205813803746e+01
2.410392206768375445e+01
2.394755668768064893e+01
2.568670484754429495e+01
2.562943535207228152e+01
2.768869474481284954e+01
2.649846320373311670e+01
1.988099946023941911e+01
1.893649852812097834e+01
1.931656475826024888e+01
2.476249124806244239e+01
2.468190037058170816e+01
2.646655832033733802e+01
2.824147490879555633e+01
2.488965766430769833e+01
2.540362547546721217e+01
2.329961466775989010e+01
1.593052997558346284e+01
1.410389815270917602e+01
1.574590775522733566e+01
1.771279638754253938e+01
1.319770618017970243e+01
1.592449440663706461e+01
1.098858535466221475e+01
7.486470532925542543e+00
8.480388938126607101e+00
8.101056104168634420e+00
1.955952705093913124e+01
1.927836757250795685e+01
1.776518716618015148e+01
1.728038541580169252e+01
1.716763107519961196e+01
1.565828801599705855e+01
1.232045974090281959e+01
1.211938721745596226e+01
1.250825784132576679e+01
2.085226113309800766e+01
2.063115106433217250e+01
2.686305784730451762e+01
2.887893869716642214e+01
2.846027385328193660e+01
2.744437880300112198e+01
2.633112346203379417e+01
2.617737590076389509e+01
2.133249004070569299e+01
1.821627062265814700e+01
2.380962769293574866e+01
2.584663278622700844e+01
2.617586872384683971e+01
2.732436630648477660e+01
2.715999326757517096e+01
2.488500210379973154e+01
1.929843987658196625e+01
1.641686067285250061e+01
2.376862660126004201e+01
2.978563473707791331e+01
3.000512897804077284e+01
3.154689412925025138e+01
3.146779686928932307e+01
3.062583238760866067e+01
2.700858397118441445e+01
2.319764132798684386e+01
1.818432305840674346e+01
2.333592264103802805e+01
2.680499120923712297e+01
2.788165850087687403e+01
2.875735419478517940e+01
2.947840895833876118e+01
2.653605595499627867e+01
2.254443101348049794e+01
2.399456730825312434e+01
2.176366075595544203e+01
2.510601027009347774e+01
2.932098904758539959e+01
2.977482431497584514e+01
3.074640769958394060e+01
3.075471839086013048e+01
2.808072328553688379e+01
2.640666922095118707e+01
2.509114580129760697e+01
2.773401632778729109e+01
2.727167851037251012e+01
2.823794941941742209e+01
2.926750640675819426e+01
2.994206728328602196e+01
2.983007102715655279e+01
2.951327910659917109e+01
2.893782098287897497e+01
2.813924094032728362e+01
2.833453714307522375e+01
2.760018371509307400e+01
2.803090053312235597e+01
2.940350723739589966e+01
3.033903773161807393e+01
3.030055630774322495e+01
2.999724989638442452e+01
2.613345483731119145e+01
2.575183257948317106e+01
2.608452369466556675e+01
2.545364971920093922e+01
2.561599067887298631e+01
2.688933074103244536e+01
2.774836147186333335e+01
2.775775037323476369e+01
2.775322123565299037e+01
2.875821839504881439e+01
2.823868829294388760e+01
2.556837895984909537e+01
2.150143057887076026e+01
2.658299005768910561e+01
2.612886304757691036e+01
2.670805466506226367e+01
2.228792285670399664e+01
2.177254189704384402e+01
2.166703634146902147e+01
2.014965468771046986e+01
2.264298736603143425e+01
2.397529140952307714e+01
2.117994073581158077e+01
2.164736787000873264e+01
2.567906224913001267e+01
2.765230094178011555e+01
2.951841301297787368e+01
2.992198963651301469e+01
2.421071132686376970e+01
1.785173735784606919e+01
2.159462302109191256e+01
2.453363228032237586e+01
2.679690610835930897e+01
2.531853551157496440e+01
2.476935349307941436e+01
2.365552724401420193e+01
2.369498531888045534e+01
2.092225542011237138e+01
1.510256835205791504e+01
1.943998053881856336e+01
2.329963152621714073e+01
2.259393621040869249e+01
2.535268493160639025e+01
2.532569257206260005e+01
2.347661135502935537e+01
1.536519015361425922e+01
1.412138029439061171e+01
1.961390895871135598e+01
2.512512253548323216e+01
2.464962240546191197e+01
2.383962314794555581e+01
2.270654193602478088e+01
2.470423954627172947e+01
2.440568532521747613e+01
2.294448576209829227e+01
1.970574509368206151e+01
2.105754001504648087e+01
2.312471348229410495e+01
2.499247969802723546e+01
2.487252461222095334e+01
2.163881168746611650e+01
1.907938355998355462e+01
2.406255230676027779e+01
2.787318604977818026e+01
2.698517593519831692e+01
2.624336061892346805e+01
2.443155499381337137e+01
2.467868821603260798e+01
2.625799010390491262e+01
2.786272314259154825e+01
2.783342680869587582e+01
2.942848488169418886e+01
2.823857014937157928e+01
2.995038062925548417e+01
2.991908346379359074e+01
2.839112551763896519e+01
2.859470848574961721e+01
2.951037201168695034e+01
3.084263178579272235e+01
2.954991999182746554e+01
2.827555537683254627e+01
2.597038419714904123e+01
2.627260292478450410e+01
2.934163053543397837e+01
3.077503382050959857e+01
2.625860354874580693e+01
2.335260303537312865e+01
2.804247170160058289e+01
2.923407145215175262e+01
3.252970303663630602e+01
3.344225464162096273e+01
3.338062363236966945e+01
3.180491139433023307e+01
2.954458703397006047e+01
2.299036448834009505e+01
2.159496993128549036e+01
2.638368389828612948e+01
2.950568634612211127e+01
2.947037171622016416e+01
3.062127192882639903e+01
3.066316655511830547e+01
3.085625972077333756e+01
2.792271769254435299e+01
1.828411536867110598e+01
1.906697245954588738e+01
2.690184958373070145e+01
3.269445334165808248e+01
3.323618235801885135e+01
3.289999197574126555e+01
3.067850366766005266e+01
3.086806910194712827e+01
3.038091787983054104e+01
2.995357655421954490e+01
3.052970484913711147e+01
2.958243285438522463e+01
2.954905282904685748e+01
2.725247836486035879e+01
2.622394065605740110e+01
2.651586281248702903e+01
2.521457628645742233e+01
2.542273036734069080e+01
2.581116288199984155e+01
2.600760118140286892e+01
2.424715591115425539e+01
2.127842184566569017e+01
2.471283432443557615e+01
2.630865791611594062e+01
2.690353125788603705e+01
2.740053523363706489e+01
2.744183837567207007e+01
2.736469878988689786e+01
2.574673635155898310e+01
2.243306016414656057e+01
2.190365987646762846e+01
2.433862151017781628e+01
2.811228566842787302e+01
2.976989532092783719e+01
2.988298792901701262e+01
2.863373296691145242e+01
2.053412734394145289e+01
1.878892529913559883e+01
2.191142106666620748e+01
2.428324838824318022e+01
2.134338483810259035e+01
2.482968066086838377e+01
2.227430164085602016e+01
2.182076346188513583e+01
2.743156703740642399e+01
2.912553294976302354e+01
2.789106558507447176e+01
2.642564758279982584e+01
2.291653377807994829e+01
2.346558955832678350e+01
2.226449405226168210e+01
2.460906872187986494e+01
2.613511934562209760e+01
2.741614000870020718e+01
2.666595045035508349e+01
2.749078969351150192e+01
2.911895080346033637e+01
2.831865184668374269e+01
2.436307326515413152e+01
2.254898558287289134e+01
2.406023679318222008e+01
2.908588436061803151e+01
2.812904593556323718e+01
2.865645032881315046e+01
2.725674311119826143e+01
2.240741436367397199e+01
2.290578624112583839e+01
2.333914058670021063e+01
2.440588756333896825e+01
2.536712209540091578e+01
2.681273289170756158e+01
2.524542647332557266e+01
2.665836689336349252e+01
2.612078411111758314e+01
1.765596494641726366e+01
2.054710287198238561e+01
1.498306861993741457e+01
1.349913977467488735e+01
1.743894789504587095e+01
1.780690203269610450e+01
2.366603110174703062e+01
2.095451907963663984e+01
1.483849569066019924e+01
2.409634971043690044e+01
2.500664207288780005e+01
2.633421191542554141e+01
2.487531414997420498e+01
2.403234769711053787e+01
2.216730707915965937e+01
2.537317575385657520e+01
2.852322892893236883e+01
2.885574631742724705e+01
2.836439056947609672e+01
2.650030210282582033e+01
2.335748611539392527e+01
2.324344764159323518e+01
2.519402885910004741e+01
2.672288020288289800e+01
2.860205115086512251e+01
2.796139579599962133e+01
2.791811432467415699e+01
2.470793069326110469e+01
2.093983075424467444e+01
2.757798048290098691e+01
3.012251020433758342e+01
2.965897300239746670e+01
2.894910843218934460e+01
2.447976901370161329e+01
2.325813726385668190e+01
2.396352642837000957e+01
2.593524467009158485e+01
2.964989751813016738e+01
2.984573185201541889e+01
2.940874528903808738e+01
2.968879812914105187e+01
2.940174050185990851e+01
2.549811994380572600e+01
2.145506363698902774e+01
2.183738747468623842e+01
2.205512346854345296e+01
2.456710756596670464e+01
2.562993512326940859e+01
2.797529040994341187e+01
2.731718268412030781e+01
2.545027397519145396e+01
2.684579254553293026e+01
2.529311566053965521e+01
2.536559683278527544e+01
2.001700733085557715e+01
2.199936701490490165e+01
2.779460669009333884e+01
2.905278458350779047e+01
2.962050490604963215e+01
2.891259252903480359e+01
2.781817658861922382e+01
1.998337450926133130e+01
2.013861970795887046e+01
2.065442920179926389e+01
2.209904701469099209e+01
2.157861035085606716e+01
1.989739717043148204e+01
1.676815974587593772e+01
1.539988048582174152e+01
1.759309909101444447e+01
1.330318819174285672e+01
1.353424876666801424e+01
1.717599428170834130e+01
2.256327678461999398e+01
2.484533829813129202e+01
2.614718363160916326e+01
2.632337951399914999e+01
2.297475080197646946e+01
2.095252015650443056e+01
2.130029698626818657e+01
2.325767787005207765e+01
2.116192518014907620e+01
2.205134161787742642e+01
1.928163884643549153e+01
1.816074292255867562e+01
1.991106963130386021e+01
2.274080406468844373e+01
2.494211431363881815e+01
2.582374068434822334e+01
2.552854118383475779e+01
2.652020464662246368e+01
2.604943728580654394e+01
2.331640426837617497e+01
2.308788582363390773e+01
1.996594995521261495e+01
1.815205319608238099e+01
2.213907595800644756e+01
2.625494914437795302e+01
2.679874813524003585e+01
2.726275090308145721e+01
2.899941158428102739e+01
2.864705013478923945e+01
2.747476368515174627e+01
2.546955654912345324e+01
2.131066939652266257e+01
2.047298717004109037e+01
2.227793812954807251e+01
2.404163883606467067e+01
2.614392569576285652e+01
2.647066635146248359e+01
2.700885197281274230e+01
2.579570810371255618e+01
2.230938790531464022e+01
2.016321873793547681e+01
2.164932639138236681e+01
2.413201845777926380e+01
2.559910093765147465e+01
2.879459285047882489e+01
2.867095959116408466e+01
2.999478289152738597e+01
2.930279751112414743e+01
2.847360887104379401e+01
2.730107987527898317e+01
2.378684860012531033e+01
2.236059312083355266e+01
2.289859866529157273e+01
2.798072046688142933e+01
2.762823890152363759e+01
2.565506376525114973e+01
2.369535006721173787e+01
2.506882598936774542e+01
2.859483015646496895e+01
2.996181891284865628e+01
3.087084541159273243e+01
3.057341925529012983e+01
3.039320329283764011e+01
2.633414859410285302e+01
2.441376803031186427e+01
2.504667515339701467e+01
2.433451377174571206e+01
3.070349399674987723e+01
3.126675932741408204e+01
3.105506367067951601e+01
3.109966329323346201e+01
3.214389048271084448e+01
3.060727534673003092e+01
2.853942149246462279e+01
2.442448407831985335e+01
2.738791459627811875e+01
2.855688613454224978e+01
3.152983008830144129e+01
3.201419641772768188e+01
3.252598214339302274e+01
3.199561329698118683e+01
2.771425942687530508e+01
2.473075376623066646e+01
2.835968036858714569e+01
3.011049702562538499e+01
2.917967600863264721e+01
3.106543318126415798e+01
2.894195881974275153e+01
2.495451833562839994e+01
2.468849371787558766e+01
2.024500129543070770e+01
1.939127599286947401e+01
1.684315730163750402e+01
1.910247225271547578e+01
1.756652831975095452e+01
2.037139858471060805e+01
2.291434495869655308e+01
2.288540166266177067e+01
2.435333535807426486e+01
2.548374778602019575e+01
2.624801449814530585e+01
2.702929106906488599e+01
2.499428940816743960e+01
2.292960325374195563e+01
2.167132305919452051e+01
2.283721269506908413e+01
2.768588514635582243e+01
2.990818876219521627e+01
2.855126310002503587e+01
2.425704680718986594e+01
2.181367724940169595e+01
2.469260503761937997e+01
2.686577204793426787e+01
2.771585910989428214e+01
2.677603506637012742e+01
2.514329634028620220e+01
2.804172565542951645e+01
2.809555924308035557e+01
2.790824283446702481e+01
2.808912574996898570e+01
2.613338623325612531e+01
2.004521470239722447e+01
2.354830389599889173e+01
2.796280454286846862e+01
2.703807877373998281e+01
2.765095349133952496e+01
2.758723487110757588e+01
2.648569420478137459e+01
2.419216782288678047e+01
2.235736124891759147e+01
2.115565247221309164e+01
2.232499187727357892e+01
2.734812073355628570e+01
2.928315152721890513e+01
2.931449057368245903e+01
2.953656722525705902e+01
2.895247752469080638e+01
2.750704531540708331e+01
2.121119163775233218e+01
2.148479666151645517e+01
2.527330947595707755e+01
2.411854495226094386e+01
2.428695139607697939e+01
2.501797599192034482e+01
2.377043378864206247e+01
2.226123944521216913e+01
2.246137119877723265e+01
2.414757375646008342e+01
2.492368434518582276e+01
2.613251048188118730e+01
2.822052506572986630e+01
2.948866490610106084e+01
2.774163864344224351e+01
2.537271299592411822e+01
2.459752439649632194e+01
2.716166451373597823e+01
2.845986736213049184e+01
2.854326002436761911e+01
2.545661481442704854e+01
2.167972848587030299e+01
2.486091195015743693e+01
2.735841177695665039e+01
2.920009313993435285e+01
2.990409999137744279e+01
2.799893214325681257e+01
2.693360701931390366e+01
2.734028951391893969e+01
2.527496333523223626e+01
2.119669761216880133e+01
1.815032350079123091e+01
1.942703465376666117e+01
1.920015135883726032e+01
2.056527760050219555e+01
1.786031418454791009e+01
1.988116464745351664e+01
1.850939420698238891e+01
2.203914215279896283e+01
2.193928485201556100e+01
2.663184129580661974e+01
2.535808841754109721e+01
2.430258706087856524e+01
2.417329661888913250e+01
2.355160292390919707e+01
2.385392023776489268e+01
1.918242022883513798e+01
1.931729197912426699e+01
2.097905333639702263e+01
2.354620050557035071e+01
2.666099415545129148e+01
2.835810915818212763e+01
2.730034956983963923e+01
2.469903676631110301e+01
2.162429298501163188e+01
2.090216731926780014e+01
2.430037032584907308e+01
2.484268931357886956e+01
2.415833613591687268e+01
2.274668728456016709e+01
2.372106045030576738e+01
2.678034952665793966e+01
2.834363219362079178e+01
2.870766662107691403e+01
2.839051269708620140e+01
2.568305405013543563e+01
2.493434121661763925e+01
2.290693979795349833e+01
2.557309809693899894e+01
2.917985106951897833e+01
2.834856814094589339e+01
3.013738980527284284e+01
2.966420209766105387e+01
2.903842301947808480e+01
2.728303110080724281e+01
2.493678181229167379e+01
2.478337747912361522e+01
2.590975533016549548e+01
2.499528035115330837e+01
2.391030842493727349e+01
2.455043537395039266e+01
2.128802059865175522e+01
2.146656527052594754e+01
2.482973836634867482e+01
2.358841807999763063e+01
2.089261417954425681e+01
1.874302174533909593e+01
1.748017332665324020e+01
1.899521976220785291e+01
2.178260234280989138e+01
2.414530546502493635e+01
2.787860825420123589e+01
2.869192056980543271e+01
2.889106345924872343e+01
2.754342323869149567e+01
2.589249115516134481e+01
2.110389299297241195e+01
2.558427646423823631e+01
2.741752490306578949e+01
2.722338703403896076e+01
2.704015625397014233e+01
2.810432445564330806e+01
2.800275090561559210e+01
2.806528414379794611e+01
2.553536988221187798e+01
2.534472578105835794e+01
2.638414594463278107e+01
2.622066928208137782e+01
2.637786273075234078e+01
3.006217795370501022e+01
3.206129420009852993e+01
3.065891123344792746e+01
3.322768199929107880e+01
3.245456339316955052e+01
3.076156553328146970e+01
2.920324263699834333e+01
2.649761554717276013e+01
2.678762332940648605e+01
2.673803197938073595e+01
2.979904530955229447e+01
3.041101732098998056e+01
3.161141300358492146e+01
3.030993914533749489e+01
2.792613221174679694e+01
2.592135878826870155e+01
2.435040062131016114e+01
2.613263927509171936e+01
2.773259177844289880e+01
2.874128985979076134e+01
3.098878857197369996e+01
3.126293862375909782e+01
3.107868310582351157e+01
2.776833216613648858e+01
2.557622965744211641e+01
2.629183813372574718e+01
2.833627126204245528e+01
2.951367854520114875e+01
3.085492870486680417e+01
3.000959065945880155e+01
2.857821722297907030e+01
2.750739659057589392e+01
2.535442844834398812e+01
2.552657764268353446e+01
2.473964321137103894e+01
2.677554058366930079e+01
2.890346615961864174e+01
2.931435405165306207e+01
2.926176223101964879e+01
2.957440113551015415e+01
2.712771762270465814e+01
2.723366209008146654e+01
2.586692110269892098e+01
2.029450988551858259e+01
2.147556601880112481e+01
2.310473582080014054e+01
2.462420313660668469e+01
2.547698074489146336e+01
2.510193754370813934e+01
2.390017177960271155e+01
2.186710824819106591e+01
2.090472175502377183e+01
2.199878973949379457e+01
2.590154857669687871e+01
2.814603795629426486e+01
2.846378265746883329e+01
2.823360575237453318e+01
2.763472382346971301e+01
2.626346790037057488e+01
2.408707767164979785e+01
1.979734021298082780e+01
1.975351354280115146e+01
2.170433987819013311e+01
2.572499103502364193e+01
2.601808484929163967e+01
2.590574059881534907e+01
2.630035671899132410e+01
2.580379370011433693e+01
2.466071559972522920e+01
2.177570383169255308e+01
2.500382850502929699e+01
2.862779619996114988e+01
2.955535430195017454e+01
2.871248396079441179e+01
2.797236691132406250e+01
2.712543111456398037e+01
2.590697539301353203e+01
2.290859592374417630e+01
2.332158199884132088e+01
2.430808771539617652e+01
2.579318146893312047e+01
2.683612508466513802e+01
2.784916794691557840e+01
2.982683399845289429e+01
2.955413334021458382e+01
2.915943608224048234e+01
2.946453022533047772e+01
2.617222237524445916e+01
2.433448470186671386e+01
2.342697228090713679e+01
2.483690750671297209e+01
2.666885572587186459e+01
2.797348998465646730e+01
3.001255774773787977e+01
2.995713350428738408e+01
2.960322112608051981e+01
2.933976460301659372e+01
2.577865047527761533e+01
2.630041867004525002e+01
2.814716867113031284e+01
3.117717689308680917e+01
3.169222293436886417e+01
3.144107719624730635e+01
3.006263115941430897e+01
2.598980917513006617e+01
2.818475111751386564e+01
2.950594598541938041e+01
3.160988614343388292e+01
3.141615534703838364e+01
2.894373894579452156e+01
2.652984143202148459e+01
2.677024898709961320e+01
2.770491024447324691e+01
2.684198324587962148e+01
2.795218640386622511e+01
2.746550287117429434e+01
2.622679498029567213e+01
2.427082312010700349e+01
2.268741862909869766e+01
2.058877790052094525e+01
1.715071910530343757e+01
2.028310842010312953e+01
2.203760679962687163e+01
2.422719855399525102e+01
2.404641700947574634e+01
2.637920957480007900e+01
2.686790928341782347e+01
2.675460841462488304e+01
2.294111334491836018e+01
2.167488900435861510e+01
2.151036080191313005e+01
2.251865295387430166e+01
2.398465710839271736e+01
2.722531787295843486e+01
2.558910454766116871e+01
2.445582561222785500e+01
2.262685599083486920e+01
2.188819116132107112e+01
2.114138813064892730e+01
2.203471397571384571e+01
2.434752262739241857e+01
2.592279425754411903e+01
2.726968230486397005e+01
2.710383696186408287e+01
2.638450541648980874e+01
2.607811407090873956e+01
2.539439036095021862e+01
2.153543782483676949e+01
2.204538081279643080e+01
2.141786589368123828e+01
2.187083583592942304e+01
2.254284245709192191e+01
2.296783217345666372e+01
2.371015602923790766e+01
2.236525776700366919e+01
2.078279658051931733e+01
2.456328817502974005e+01
2.598232604060964945e+01
2.526343609262510981e+01
2.319830298542868974e+01
2.091457239879830610e+01
2.108792982398683336e+01
2.458513756123679883e+01
2.246845442729563302e+01
2.312995838268971127e+01
2.289845862298706791e+01
2.234784711589557560e+01
2.089346029702899088e+01
1.911421765641749460e+01
1.775807342534665167e+01
1.857288186851956624e+01
2.218755801568680042e+01
2.329219373632469825e+01
2.499294780800475380e+01
2.465405685316381579e+01
2.456108968934194081e+01
2.152678635812945274e+01
1.982917559642854854e+01
1.925239757204679591e+01
1.876601554421441520e+01
2.125840705722404778e+01
2.246508229339295326e+01
2.117280456237410036e+01
2.161769045727788097e+01
2.127509596218082066e+01
2.146901061950578793e+01
1.977036714764764369e+01
2.170141110178207455e+01
2.543362220057663237e+01
2.451658028227759800e+01
2.786597136898327776e+01
3.038772427569540469e+01
2.942673011271741501e+01
2.903652786651854711e+01
2.992428372047267970e+01
3.090150767792824382e+01
3.066252012398859961e+01
3.021576088495561052e+01
3.037154867324760232e+01
3.009906126686989225e+01
2.871012595900137043e+01
2.665976401528581619e+01
2.718042712140400496e+01
2.816990058307793987e+01
2.846699941116494870e+01
2.890701518158202177e+01
2.934553940803584737e+01
2.964994193865971184e+01
2.890349059322977254e+01
2.804783707541223237e+01
2.791513844155085167e+01
2.667699356740160965e+01
2.758748896624037883e+01
2.823215362634276104e+01
2.828561205300093206e+01
2.672749834960026050e+01
2.270133716340239971e+01
1.788041978326612380e+01
1.709043629394610164e+01
1.900670802474650500e+01
2.116323369765148144e+01
2.386440652496783343e+01
2.331384979504274213e+01
2.235064012165948100e+01
2.339511443062929885e+01
2.436640503135068769e+01
2.472639853947697119e+01
2.347986473636978388e+01
2.204543509190837369e+01
1.910742870121681847e+01
1.921088464433539045e+01
1.967094296667349340e+01
2.127985894684803370e+01
2.405939096997818893e+01
2.363475205330797735e+01
2.258896055666742697e+01
2.148388155915754183e+01
2.098781564689744172e+01
2.384991108897636991e+01
2.694653589766632606e+01
2.728954491844109498e+01
2.587884076754334473e+01
2.521586783243605723e+01
2.640056316697826944e+01
2.619737013167035755e+01
2.238570436223105276e+01
2.164707056814514274e+01
2.277308249959302344e+01
2.274411247374229106e+01
2.438221997456054169e+01
2.436400732346493925e+01
2.227355961286659181e+01
1.834203419798711820e+01
1.883769989912983789e+01
1.844447688447872835e+01
1.809062405772480275e+01
1.714479053366345340e+01
1.739785976505948994e+01
1.395565746161127940e+01
1.396000739000947988e+01
2.025976906431977653e+01
2.138491983571935506e+01
2.039379356924001385e+01
2.111840924837284916e+01
2.273073209756872970e+01
2.551568311590169458e+01
2.681180507665331447e+01
2.589478227094758367e+01
2.427665016543655696e+01
2.369949471997326640e+01
2.434318604417858722e+01
2.700389885210749696e+01
2.866367188685897105e+01
2.898356317689899342e+01
2.807885598697474450e+01
2.630078931421765276e+01
2.314307275302743960e+01
2.284172268614602785e+01
2.498821193141537123e+01
2.526469931714977335e+01
2.708902012291249051e+01
2.669561995787952213e+01
2.742341583381781334e+01
2.630691176734019976e+01
2.628682388638498324e+01
2.529447525221142001e+01
2.320944552504042946e+01
2.346006522301295050e+01
2.457932678480599975e+01
2.624920971392577229e+01
2.741228999016181334e+01
2.780501054092495394e+01
2.784132236968630281e+01
2.506906367841095218e+01
2.171236045389614588e+01
2.062186729739589808e+01
2.063137949436122653e+01
2.127458626818884113e+01
2.312873562526905147e+01
2.116516097264687701e+01
2.064338585906799040e+01
1.831326332233437526e+01
1.765381081422354370e+01
1.646220517059500921e+01
1.682063007989906467e+01
1.756368276949482521e+01
1.983348800921788424e+01
2.071426549007018636e+01
2.214494477313671439e+01
2.360479692166017429e+01
2.424600147885993806e+01
2.332209488552323151e+01
2.286112482760577436e+01
2.190427954310557013e+01
2.176855751550046847e+01
2.285776726781572421e+01
2.471737904764797022e+01
2.502876252215688879e+01
2.533275813421618494e+01
2.391514005903222539e+01
2.360574291485021803e+01
2.497197377917598970e+01
2.587202941066188799e+01
2.582553932012260844e+01
2.728434891872209533e+01
2.753789298203959035e+01
2.733917677165048588e+01
2.795927842595569501e+01
2.808269790970468804e+01
2.762892509652007078e+01
2.710211609553500978e+01
2.702003611433173091e+01
2.681691233830629528e+01
2.562678740529104360e+01
2.450787616253667167e+01
2.419136685605184311e+01
2.215838396407618660e+01
1.671764484321524336e+01
1.883279801309542023e+01
2.035063486499263163e+01
2.118942333504815423e+01
2.277633266558031977e+01
2.254649263646194157e+01
2.233530573002596853e+01
2.104675125111707956e+01
1.731276802349847799e+01
2.018202964909526642e+01
2.099211522855863876e+01
2.141196282365210379e+01
2.179506483197812727e+01
2.310173392321100039e+01
2.752670276495404877e+01
2.939230702552485752e+01
2.860870188579518825e+01
2.728019552672161652e+01
2.534451421678663507e+01
2.504771614567967930e+01
2.585682021822551135e+01
2.841989482646338416e+01
2.881134078498671869e+01
2.989089609611525589e+01
2.893788069689115972e+01
2.890573166104314851e+01
2.577191048902695059e+01
2.422979207239113464e+01
2.542527135066184485e+01
2.638119885971086731e+01
2.761665975558239339e+01
2.675550003721777870e+01
2.725279738384325867e+01
2.642280889288530332e+01
2.637785560441962218e+01
2.529180191702193525e+01
2.376137154446822564e+01
2.276297784113179290e+01
2.271880757633951475e+01
2.274776717912780555e+01
2.338135175461731308e+01
2.480361190483809963e+01
2.386302561978335746e+01
2.233097867595936847e+01
2.371459429674518304e+01
2.590959076632764635e+01
2.547793509738919226e+01
2.487067366025629056e+01
2.419795812290400505e+01
2.107844855858150623e+01
2.574813149735891216e+01
2.607544288187419212e+01
3.030217292999240186e+01
3.019999274241862253e+01
3.098129051414749924e+01
2.939437917492407237e+01
2.735414986459998943e+01
2.724647337653408385e+01
2.632238504075436225e+01
2.742666837590409656e+01
2.911108647422354068e+01
2.939083024982792480e+01
2.920775827725569940e+01
2.614863615554334331e+01
2.307419512543228635e+01
2.517990299152394940e+01
2.543700770725569882e+01
2.508950103581357638e+01
2.277386030530539784e+01
2.197442378076219782e+01
2.213331667872754593e+01
2.134728397582530945e+01
1.963865536040360382e+01
1.834084200421458277e+01
1.788300559295182168e+01
2.140600045730008105e+01
2.161227562817183667e+01
2.200578576452519641e+01
2.322116223249509304e+01
1.811338409052816445e+01
1.604675197586240287e+01
2.060477276486510689e+01
1.878550671997607679e+01
2.174082833649322666e+01
2.017835427156965267e+01
1.989038269632703049e+01
1.754577051235706264e+01
1.210957070821851644e+01
1.213881047266344737e+01
1.479806972867500647e+01
1.602418325188053672e+01
1.600220988749637385e+01
1.476137644407989313e+01
1.415248260651181056e+01
1.415108156129767814e+01
1.335683132729108991e+01
1.494735110070894102e+01
1.424889785978420775e+01
1.367855406602034307e+01
1.526631333386231582e+01
1.534135877394094294e+01
1.779524030685975333e+01
1.805214455576627586e+01
1.904095625859440233e+01
1.610825192883960000e+01
7.445438493397987578e+00
1.428240558665810234e+01
1.258053819862263012e+01
1.306726368516841319e+01
1.402509063421099356e+01
1.453235424401252374e+01
1.349192151743724644e+01
1.405336500054190019e+01
1.690125503053811684e+01
1.487426262677398725e+01
1.311962574678624271e+01
1.831926792603687204e+01
1.953190779141850797e+01
2.392168419547490998e+01
2.299768319619720813e+01
2.102733599805875286e+01
2.248085789286633940e+01
2.515406291186316423e+01
2.700033265099619584e+01
2.911612350665436111e+01
2.879509809084266792e+01
2.723062730665189335e+01
2.701921492056766994e+01
2.678235158708567809e+01
2.603726678736842715e+01
2.563685958106046314e+01
2.687810840459431105e+01
2.796062659734735334e+01
2.829861040698126473e+01
2.882399021002473916e+01
2.934921589555595034e+01
2.794037663228435164e+01
2.704996367466248586e+01
2.616203158134425522e+01
2.639397443786068109e+01
2.677043870062176367e+01
2.693154700920676348e+01
2.702705338155801584e+01
2.532323031560978066e+01
2.595837983607142263e+01
2.597901913347027403e+01
2.771666547074181253e+01
2.456711113004030267e+01
2.240781676999117877e+01
1.901075299245358607e+01
1.879101096322050068e+01
2.046715621205773772e+01
2.260874249883640275e+01
2.441995840323877331e+01
2.117592444951826636e+01
1.929754763192763534e+01
1.915053394920975904e+01
2.005927059257231804e+01
1.972163596854576184e+01
2.100869656849327782e+01
2.104717582142671972e+01
2.162045942247408448e+01
2.000155580178001102e+01
2.077203556082335112e+01
1.794960802766678398e+01
1.863566735556847576e+01
1.672493156281771221e+01
1.473636756286907534e+01
1.659493103151000781e+01
1.866745911685811876e+01
1.765795281869313271e+01
1.421682687751623142e+01
1.345361485621020314e+01
1.572076756715328649e+01
1.257166575119515528e+01
1.215495006175760295e+01
1.410052349147780859e+01
1.959518937777215797e+01
2.207166129686430622e+01
1.854581394882756484e+01
2.240682144165762679e+01
2.270046968822976297e+01
2.374892350976476862e+01
2.074442285356789739e+01
2.143914157401455967e+01
2.051698121467452651e+01
2.159202140527896319e+01
2.182511326401040819e+01
2.258648041054030031e+01
2.368985357708267259e+01
2.586409967827152911e+01
2.481170385868031758e+01
2.563426198543162826e+01
2.476653653459687021e+01
2.489662445290932169e+01
2.421245344151360257e+01
2.731776458871262392e+01
2.870512751117103534e+01
2.808096569611322124e+01
3.041673337772859043e+01
2.967210077573571425e+01
2.816284832927023274e+01
2.661883164241748645e+01
2.607860771710394232e+01
2.632127244396311738e+01
2.679895259162969268e+01
2.797774579258852867e+01
2.807290578527404534e+01
2.768418111417141247e+01
2.643968151524946464e+01
2.718982904863315753e+01
2.315832081310959722e+01
1.916535817349812731e+01
2.023749837196284673e+01
2.166013044038910351e+01
2.130132492068684513e+01
1.710237270319528946e+01
1.756981426447862304e+01
1.575288952703779266e+01
1.421614855525952237e+01
1.884826319521116389e+01
1.844376257665462404e+01
1.998751987568731536e+01
2.237368744512478003e+01
2.556794541695400369e+01
2.601307763433319309e+01
2.415024657539946418e+01
2.281556495639699023e+01
2.268281246323003231e+01
2.134931110698574486e+01
1.989715675387146732e+01
2.187105216151256570e+01
2.543290797725489227e+01
2.529821852239265922e+01
2.730709787851766635e+01
2.706340456191538379e+01
2.733017005276872169e+01
2.617631850606771948e+01
2.388319487860417567e+01
2.328907322404175417e+01
2.469125015474521589e+01
2.598419225124809273e+01
2.633958895965322000e+01
2.593041549905767340e+01
2.687888452431849373e+01
2.624239650783504274e+01
2.545387372878821353e+01
2.426040949443936512e+01
2.472300650829366475e+01
2.670191117519522095e+01
2.717744029514231840e+01
2.759150791757025445e+01
2.875423835867421474e+01
2.835852490777353907e+01
2.840434110138591706e+01
2.693824173011839207e+01
2.489367456076907814e+01
2.471798165259124858e+01
2.219788523585524942e+01
1.789497452876944195e+01
1.876593486628732776e+01
1.736690164789407120e+01
1.798516572887941578e+01
1.780268215006455890e+01
1.792753282906365087e+01
1.940437286623786406e+01
2.047160753451743531e+01
2.159758283571643034e+01
2.231980030036012508e+01
2.293493710726597712e+01
2.387523135304142130e+01
2.444322455614607392e+01
2.440564714313666883e+01
2.426506312038110735e+01
2.442646367285111353e+01
2.238167858708940372e+01
2.144080711166019526e+01
2.011608619898408890e+01
2.154147702413863996e+01
1.832427830667902668e+01
1.919867927986143741e+01
2.050781727429341572e+01
1.820117436480136774e+01
1.770376348202157857e+01
1.567065590373861284e+01
1.676811154379735314e+01
1.894225273908687868e+01
2.098720523568577079e+01
2.203034433938560355e+01
2.188716947319716155e+01
2.123622880900912691e+01
2.144888383169707780e+01
2.056096057832337465e+01
1.993859817275114921e+01
2.046104364706876311e+01
2.041705034936618901e+01
1.956399692906271781e+01
1.890174113953101553e+01
2.027455141695089935e+01
2.274066784175712286e+01
2.303626675372804655e+01
2.276117465077212998e+01
2.218034346573564619e+01
2.390482143935011905e+01
2.563603957702498093e+01
2.545014007112980892e+01
2.520651357605217413e+01
2.488069045621568165e+01
2.338888273244858240e+01
2.356679348324928114e+01
2.419237806195375740e+01
6.440914602691896107e+01
6.459153565235389749e+01
6.441877228114041998e+01
6.356890235563020042e+01
6.272764575944522392e+01
6.313221614251836655e+01
6.406408052858510871e+01
6.473809164115772319e+01
6.435084706415896960e+01
6.345374861023657331e+01
6.269088966487239389e+01
6.306275155458239112e+01
6.413751025837471786e+01
6.461620700490092872e+01
6.442387763492246222e+01
6.344762073600850982e+01
6.250406791187788969e+01
6.283396514854027259e+01
6.416083114349811467e+01
6.488751536914038809e+01
6.457261929340806716e+01
6.329829373087071787e+01
6.219797494157033668e+01
6.288132873753695407e+01
6.436905043407091398e+01
6.497648522973508989e+01
6.439167951439019077e+01
6.295455990681509206e+01
6.216022854862805502e+01
6.333270391669170607e+01
6.475009584379679950e+01
6.504876396480742073e+01
6.414256775210731121e+01
6.256336522470257222e+01
6.223826728798704977e+01
6.365831098975153424e+01
6.478782065308698179e+01
6.479525221389040723e+01
6.368565398818479650e+01
6.240409405620221150e+01
6.256761979920103300e+01
6.388844276615226647e+01
6.470937180980008918e+01
6.453800496549908416e+01
6.355142493196008502e+01
6.252090550645505829e+01
6.282877465055021560e+01
6.390986628178411166e+01
6.459497824727770876e+01
6.435914915863064323e+01
6.363041840990510423e+01
6.298843911877688839e+01
6.301854300789359797e+01
6.371827091717642588e+01
6.420195515908910977e+01
6.417118569182402155e+01
6.362353752071966539e+01
6.298523707631096613e+01
6.296959245095496982e+01
6.370433077094510566e+01
6.438362027628470230e+01
6.440598580177774579e+01
6.371395367344770477e+01
6.275539767258906210e+01
6.276795167174020662e+01
6.370469346033548419e+01
6.436909818290138219e+01
6.421124217972004544e+01
6.340430580450092890e+01
6.250370242910750562e+01
6.288088170119399933e+01
6.386122195647761401e+01
6.438643317782830877e+01
6.405092416034547398e+01
6.318843719412109294e+01
6.250396533601403348e+01
6.319863179338880599e+01
6.429927850503193554e+01
6.458661270172081004e+01
6.416761070464997374e+01
6.317972195165141613e+01
6.264527359086085312e+01
6.332865364267470909e+01
6.415329477310652351e+01
6.445119642976032992e+01
6.408392143494029369e+01
6.336913426493788393e+01
6.301664890554417298e+01
6.336366431945403122e+01
6.397497909124821547e+01
6.419931726146680262e+01
6.394842714654153326e+01
6.338715194157166621e+01
6.304915476661812335e+01
6.342489803400763293e+01
6.400788508117757658e+01
6.426503333143105579e+01
6.395966995608972638e+01
6.338310899030508949e+01
6.305805285486732714e+01
6.350609357733415550e+01
6.419261771884586665e+01
6.445105972670133099e+01
1.844655713198642388e+01
2.013197231339242421e+01
1.878502250402661033e+01
1.748077787450274201e+01
1.750371145823616814e+01
1.727164619346406482e+01
1.919474879669007805e+01
2.041861178360156970e+01
2.073406791730509724e+01
2.045147032612510074e+01
1.950729360367769516e+01
1.639616327113597194e+01
1.648500821333950839e+01
1.955154214256323186e+01
2.058526404073717231e+01
2.176876047895643396e+01
2.163962179858359391e+01
2.045975045840513928e+01
1.884109515669949886e+01
1.888634471608600762e+01
2.103167721984702609e+01
2.196219802408649713e+01
2.117534910842357476e+01
1.809643153192173770e+01
1.020847950090679568e+01
1.117890981692474206e+01
1.402910617738873000e+01
1.493454147740532889e+01
1.640826500465239590e+01
1.652833450841377072e+01
1.421462188604542121e+01
1.062221284074053429e+01
1.331011835900415008e+01
1.470087249260822659e+01
1.555035971580195309e+01
1.570688024528476845e+01
1.714960480885490313e+01
1.769360031900348673e+01
1.641581560099721315e+01
1.294020896832690681e+01
1.488984289449495613e+01
1.833813301420694231e+01
1.858466767793739294e+01
1.859998006565137274e+01
1.771773561705375144e+01
1.554916301940204981e+01
1.416452399022876385e+01
1.495629086164431243e+01
1.473339101177048249e+01
1.668803394839012100e+01
1.529879432737036815e+01
1.659939670777782439e+01
1.583771754206493299e+01
1.673107308914901026e+01
1.661447334828323719e+01
1.582990684137692838e+01
1.731015713143485257e+01
1.784289572760447484e+01
1.751135708025534754e+01
1.807143197195253848e+01
1.877188037719480462e+01
1.827882217278654053e+01
1.636268787021624149e+01
1.394687083200370736e+01
1.496584800311490326e+01
1.730773128893347490e+01
1.709324360720228242e+01
1.273678169365969381e+01
6.667031734376587693e+00
1.309235588108097303e+01
1.602491584853086337e+01
1.756399514683027974e+01
1.395996917111423130e+01
1.164919673627968955e+01
1.180829630355373894e+01
1.648352121017549266e+01
1.548820621110008489e+01
1.323536483147066178e+01
1.063364869690150272e+01
1.183513765371798421e+01
1.361642404307332299e+01
1.752964286257436299e+01
1.649718034080495244e+01
1.160641977818985282e+01
1.629811475534649290e+01
1.991929902495056481e+01
1.960935424641776592e+01
1.575838268689934552e+01
1.600254125119493054e+01
1.953313187473882451e+01
2.057013396904786262e+01
2.059178133020951407e+01
1.864517879947685586e+01
1.753897402973783670e+01
1.724029555967884875e+01
1.881795272893124604e+01
1.969713631585902647e+01
2.061824966188432029e+01
2.032123241062209118e+01
1.686736448332111138e+01
1.539723362250837013e+01
1.880033271522386684e+01
2.006977735447407696e+01
1.974658229536761311e+01
1.791213803245125291e+01
1.757095036097655694e+01
1.779817021360489449e+01
1.809032200196045892e+01
2.001471638579264223e+01
2.013118763303843650e+01
1.956299896413068851e+01
1.816831494856887375e+01
1.686673830155864806e+01
1.799787398640479807e+01
1.914420078697547822e+01
1.875521066646562574e+01
1.894103448674752244e+01
1.798218699650042751e+01
1.574647830797824355e+01
1.553254608352648880e+01
1.698593856028255544e+01
1.825999186730766866e+01
1.872336696351868568e+01
1.911662478608772275e+01
1.909065580136087803e+01
1.674808792229266174e+01
1.678345958522571735e+01
1.761705222644837576e+01
1.875599738625996338e+01
1.974527201204980642e+01
1.971886032598168725e+01
1.622016146971506600e+01
1.462008289601980948e+01
1.506711572442012326e+01
1.654362856345922950e+01
1.844815176355481157e+01
1.585812696981482794e+01
9.948104025934114247e+00
1.082144403498224783e+01
1.376841824438547945e+01
1.300646069971349306e+01
1.221081455769061108e+01
7.999664298639483917e+00
9.371405264279159653e+00
1.369764287375389422e+01
1.245785603587837898e+01
7.136651364463288516e+00
1.160265235220239610e+01
1.464100197200893660e+01
1.262840859221997114e+01
8.739870034791410447e+00
7.827191590689652756e+00
9.831841106090024596e+00
1.534623351769283950e+01
1.464460378003924212e+01
1.385427162873104301e+01
1.300006554811381498e+01
1.590109687413808359e+01
1.830287341707111182e+01
1.724655861455838490e+01
1.737065402585021090e+01
1.636508706376901756e+01
1.631200607487275889e+01
1.503818845129409354e+01
1.823129442761671015e+01
1.994231596384973315e+01
1.961576354983941783e+01
1.858880569337160082e+01
1.785217549300723761e+01
1.752885755309081617e+01
1.859718482281688523e+01
1.935766348238116663e+01
1.897312495563979340e+01
1.820910060247835105e+01
1.864683062460018093e+01
1.932529342633245761e+01
2.068239752988771585e+01
2.086560678937981450e+01
1.911530081172416118e+01
1.610459639293304690e+01
1.297491237437776057e+01
1.435138884891810562e+01
1.565212812626613470e+01
1.720676155724401468e+01
1.822655119355768605e+01
1.853382921736232447e+01
1.571148674328261485e+01
1.301090062005708425e+01
1.391432810347947324e+01
1.355540913130434966e+01
1.375311345330391610e+01
8.702757606556545511e+00
1.229535923781702067e+01
1.424773887138016448e+01
1.555799951481957599e+01
1.493223731389917930e+01
1.323284402910651636e+01
1.739385069971861242e+01
1.830554425012025632e+01
1.950607305502200717e+01
1.885786278508875924e+01
1.912617970531582046e+01
1.552664297321447506e+01
1.665720012934140470e+01
1.726921113317938961e+01
1.939343317456726012e+01
2.033652949444231695e+01
2.094639318279775608e+01
2.071422571492225728e+01
1.952042942678598436e+01
1.925735888548708274e+01
1.997522997503162401e+01
1.995454663040174026e+01
2.072317340329007251e+01
2.116727176399528787e+01
2.077705644980706268e+01
2.013215718422381428e+01
1.942250732286935033e+01
1.988035123034186569e+01
2.040123233112341694e+01
2.117604150020188314e+01
2.230469437675799327e+01
2.145160470222911897e+01
2.059654673651114365e+01
1.852919160512000474e+01
1.930304966400968070e+01
1.951178822330211560e+01
2.010717546965567237e+01
1.832839110653281267e+01
1.505344191144775223e+01
1.375924640765575546e+01
1.281059369344533039e+01
1.638323375684703365e+01
1.762139071807623480e+01
1.837851946938935299e+01
1.889549595097804158e+01
1.355259007597000931e+01
1.039102081496580254e+01
1.184453747412018743e+01
1.485711302494839003e+01
1.562441874310827572e+01
1.365490824702142270e+01
1.247302708326189347e+01
1.392772488362337135e+01
1.394002975963981150e+01
9.689286617867400864e+00
9.156812516090907295e+00
9.803277252986298151e+00
1.246226513568086602e+01
1.435609697120813522e+01
1.336875822030309457e+01
1.270439611621544529e+01
9.209862393299118821e+00
1.679186083227808979e+01
1.711862878148709299e+01
1.653185667988440954e+01
1.315636644513429054e+01
1.342552890764499196e+01
1.578354264355897740e+01
1.816432864066833375e+01
1.840446087238671424e+01
1.750946403586895173e+01
1.720944179124069251e+01
1.793212758421534048e+01
1.871755523152561906e+01
1.978937495003044944e+01
1.973467550640208756e+01
1.936500805066296493e+01
1.808910426057823173e+01
1.536155613519913032e+01
1.574047252698555610e+01
1.672356116891448607e+01
1.775308064427488119e+01
1.810372400983940722e+01
1.826587714051633782e+01
1.775896384005795170e+01
1.846173457333268786e+01
1.847183075140444686e+01
1.884041182179964125e+01
1.854843412564856209e+01
1.893292054600995300e+01
1.873583434198926767e+01
2.101189898815670531e+01
1.900440592788276817e+01
2.006025754468127786e+01
1.967342435703436365e+01
1.994917482618234317e+01
1.983254253336412276e+01
1.876986570269015786e+01
1.698528980337984606e+01
1.878447703896117460e+01
2.099007773071454253e+01
2.110060609357990202e+01
1.977463212142356852e+01
1.697245850866291406e+01
1.578168406905881405e+01
1.910994519576619055e+01
1.978866644383588635e+01
1.497911848020605241e+01
1.148129339064277588e+01
1.440813288551908400e+01
1.696819105848560838e+01
1.528453520732695914e+01
1.132307379399716751e+01
1.678534443958143640e+01
1.904460221721439339e+01
1.753621923912458413e+01
1.599301050862191609e+01
1.551397711678560221e+01
1.643131237457079408e+01
1.827882288798583588e+01
1.827188877571662573e+01
1.702089218350464606e+01
1.723775204533139060e+01
1.548022518527946900e+01
1.402427269785960107e+01
1.708440137537915149e+01
1.671994941785559874e+01
1.229387893058462566e+01
9.774006571563909063e+00
1.446582918540778451e+01
1.270226173949790827e+01
1.475424314513802848e+01
1.809260145970736744e+01
2.119442701012804875e+01
2.093771136545833400e+01
2.235414406595783277e+01
2.255877662860543609e+01
2.371140399881729977e+01
2.332132810042814697e+01
2.315676532196022919e+01
2.369821478149693661e+01
2.436242282161480688e+01
2.507086234808927827e+01
2.475645213604200734e+01
2.485083009100995000e+01
2.448729545637055693e+01
2.455749689951057491e+01
2.491067016680037938e+01
2.477378963002071188e+01
2.440693264133609830e+01
2.341955128913536299e+01
2.300576824643057350e+01
2.319052604179954358e+01
2.357616579960252068e+01
2.305970469221481878e+01
2.271908676156477469e+01
2.058275072575700193e+01
2.010618682176528438e+01
2.056824979961226774e+01
2.017916303157664260e+01
1.988662184073989891e+01
1.537755035417740679e+01
1.499530223039601395e+01
1.503502900178893853e+01
1.666553427535745158e+01
1.730462479662861242e+01
1.803182060002602327e+01
1.284917364399695394e+01
1.389716362285922990e+01
1.637489631528420730e+01
1.873675870916930464e+01
1.678293557039060246e+01
1.482998972567685314e+01
1.779700696127343917e+01
1.925987882642504445e+01
2.018196695691137421e+01
1.998453330777218540e+01
1.904219572515931702e+01
1.729024252799868577e+01
1.390335545388291116e+01
1.578127721959411467e+01
1.738756669417608336e+01
1.658674079681286173e+01
1.572541697051125809e+01
1.308607065631897548e+01
1.262150913432559030e+01
1.416494180595691610e+01
1.569462416760752177e+01
1.649525274220238558e+01
1.169493383247765017e+01
1.521961186767032004e+01
1.855938789581144022e+01
1.898282163620227081e+01
1.771277279098459800e+01
1.737813342368029268e+01
1.628276760048160554e+01
1.842655328817727067e+01
1.966509116198472995e+01
1.916162357058345833e+01
1.704607420795055006e+01
1.685765566376142743e+01
1.731266966573708999e+01
1.845050739173801091e+01
1.910972777016863589e+01
1.744167558961807529e+01
1.693237165636134378e+01
1.602667059556156204e+01
1.740339966945221661e+01
1.825959205263444929e+01
1.880708844091912013e+01
1.795520988537459672e+01
1.718369999775536527e+01
1.788552395147137730e+01
1.677558846073996435e+01
1.559090590791378617e+01
1.370544152983327280e+01
1.179483650797350514e+01
1.078927068480567186e+01
1.238655247868829434e+01
1.569539754181578139e+01
1.615582972829320951e+01
1.488709952150014182e+01
1.338916438998759517e+01
1.250595413268044709e+01
1.296928223282410286e+01
1.405756693737614782e+01
1.621126823468625844e+01
1.567721768213569078e+01
1.743855407778984201e+01
1.902003667759320393e+01
1.964627688120992133e+01
1.963391025324879990e+01
2.025169900439914628e+01
1.951971258358965500e+01
1.867322645074120402e+01
1.879932345722316001e+01
2.209405409981920698e+01
2.302227425822799489e+01
2.270622307924227457e+01
2.104983190262942472e+01
2.155037041608409965e+01
2.340157105931452008e+01
2.409687842534506430e+01
2.413993603308011515e+01
2.384783174886838353e+01
2.142840709717930991e+01
2.087660706585287684e+01
2.195465971639950453e+01
2.327159513870731189e+01
2.383616506310601579e+01
2.336441298963799085e+01
2.149281484763186967e+01
2.081310581305043428e+01
2.220785694715698355e+01
2.445589664015408360e+01
2.468172237498983890e+01
2.439021440826444120e+01
2.308524487951038040e+01
1.969790490603951483e+01
2.059908639400116925e+01
2.109461798114688236e+01
1.990219427809212860e+01
1.734745496386797470e+01
1.543455472744673607e+01
1.602172113588619595e+01
1.612526391034515783e+01
1.559524368686300733e+01
1.609870186318486418e+01
1.753974135136953905e+01
1.899672776272538854e+01
1.839601214068739310e+01
1.868382633820076322e+01
1.818829762293842833e+01
1.891155636554626085e+01
1.974368964442671626e+01
2.116931196501660040e+01
2.149196370727526784e+01
2.112667421174132087e+01
2.029734254297727247e+01
2.009578051258151277e+01
1.887942946989380033e+01
1.962349223081957561e+01
2.139286396258206224e+01
2.092545586148251857e+01
2.065492289466213194e+01
1.994497839553006457e+01
1.940998295082285807e+01
2.102378518343889624e+01
2.265128582426570603e+01
2.231465777712179488e+01
2.098229865531520488e+01
1.781319623487456738e+01
1.436802019671684505e+01
1.630952084481552333e+01
1.618236510657003180e+01
1.506834296753076963e+01
1.367483782258901215e+01
1.349010172182575218e+01
1.536040586752998749e+01
1.575004097131812131e+01
1.647990255424550909e+01
1.734396930538351711e+01
1.681363081422762207e+01
1.537435321354757889e+01
1.308754423087838958e+01
1.276421371057251619e+01
1.381949662879349816e+01
1.554076208865591369e+01
1.514748882175264555e+01
1.550198129781079892e+01
1.567438038818512247e+01
2.023249783316148864e+01
2.062010372012998971e+01
2.143747542724372934e+01
2.257356835862225353e+01
2.218553876772032396e+01
2.190859556241537476e+01
2.252652194502636718e+01
2.301595009730277397e+01
2.253099165373450674e+01
2.130191475177936056e+01
1.886103526114558093e+01
1.956840972467344741e+01
2.073758968146101012e+01
2.073243092051700742e+01
2.148842770046928052e+01
1.898121439151039169e+01
1.905832584594470092e+01
1.920047784231174504e+01
2.006956845117591115e+01
1.797815608254618169e+01
1.214136306320889425e+01
1.356835370483251246e+01
1.512088759110474001e+01
1.510553309276797940e+01
1.738117143182310187e+01
1.821239224225293185e+01
1.706941773097729609e+01
1.648944468263978891e+01
1.822983236889829683e+01
1.952274643170537161e+01
2.017121781413480974e+01
1.882235209531483733e+01
1.671014879552603816e+01
1.812098971749048459e+01
2.024846061297852273e+01
1.929629874707213943e+01
2.001090580254524554e+01
1.892842623946421554e+01
1.896078961738875535e+01
1.990511829206189631e+01
2.068333281502651388e+01
1.837620351161232790e+01
1.427288103695489241e+01
1.142178986254902284e+01
1.143306681735471564e+01
1.247520039820357951e+01
1.450274861258946046e+01
1.263580867998238055e+01
1.546313204263830698e+01
1.468168586576760859e+01
1.552886078944422543e+01
1.944731511880932118e+01
2.165364486592288173e+01
2.184054977556264276e+01
2.165321670829271028e+01
2.254371279833481978e+01
2.215779491850899774e+01
2.233166072540284119e+01
2.235606574153914394e+01
2.253931721652517695e+01
2.269566597100172345e+01
2.261384851925920003e+01
2.414224557184891395e+01
2.376953527934650623e+01
2.330185864750482594e+01
2.050973659520363057e+01
2.133511003919375781e+01
2.226668984075850588e+01
2.208617974344739565e+01
2.204960708830381577e+01
2.050772312257181085e+01
1.986242440445733592e+01
2.119098639437943987e+01
2.070773756248855335e+01
1.674577312127607343e+01
1.657295529809615431e+01
1.624483711134691433e+01
1.635923366526423095e+01
1.691579738294039359e+01
1.554505864150758754e+01
1.461746049697428873e+01
1.610334447805944080e+01
1.760197916085576963e+01
1.814216394543359812e+01
1.714964753204285230e+01
1.555605367712067633e+01
1.581181734371879521e+01
1.827296077024324106e+01
1.835130352800219811e+01
1.853557087975302409e+01
1.923755286873871029e+01
1.862656828080896076e+01
1.762966984296343753e+01
1.807862687375427058e+01
1.954981930018178460e+01
1.872934550150592159e+01
1.726641084894448852e+01
1.569218091246587221e+01
1.515586738196502026e+01
1.568753377567273510e+01
1.698350996850032857e+01
1.661169196275184134e+01
1.857938193186315345e+01
1.546940613080599292e+01
1.166849472524527442e+01
1.249667252631420489e+01
1.173416337771420892e+01
1.359293364746644350e+01
1.244317240146840575e+01
1.235144482661217680e+01
1.221934169845954443e+01
1.800852038596769589e+01
1.951850275916681809e+01
1.875622845912024417e+01
2.084753100186385666e+01
2.175702527094675176e+01
2.177183983682256851e+01
2.239149735446888911e+01
2.185845876619730177e+01
2.151375047457806033e+01
2.129872624396118397e+01
2.202228862178538549e+01
2.214613467549648718e+01
2.250441771043739436e+01
2.267189576862296718e+01
2.220883918633920473e+01
2.134646578352117530e+01
2.212168283323217466e+01
2.283266196752163779e+01
2.303506997582448435e+01
2.301629361093595705e+01
2.181646129679559820e+01
2.172779106382192538e+01
1.936657728021074831e+01
2.069390915445588064e+01
1.891107117805823279e+01
1.836826911255851869e+01
1.827374093656796461e+01
1.944644365556012033e+01
1.969521132933982699e+01
2.110707188911847254e+01
2.070791918459935488e+01
2.156248037681617902e+01
2.216070884383046291e+01
2.255236585423266860e+01
2.212652509375376297e+01
2.011605487165853745e+01
1.919929928104672001e+01
2.111006204996012769e+01
2.255389785096599908e+01
2.218869136410980403e+01
2.129518760853791193e+01
2.026665040441718801e+01
2.044570407436624748e+01
1.950946142212948686e+01
1.653161495988289076e+01
1.726507015740781270e+01
1.518559476930625962e+01
1.585207896793009930e+01
1.602769436711982820e+01
1.446212050227261692e+01
1.449821520946760955e+01
1.607659381325520087e+01
1.754603406897567197e+01
1.789802164014459152e+01
1.963926904921242311e+01
1.885408133187149105e+01
1.955719837177603182e+01
2.197209235425394525e+01
2.312898165994110045e+01
2.290635970201968519e+01
2.228128213501397425e+01
2.123368201330749017e+01
2.123340565963605187e+01
2.153977281880823824e+01
2.185720935260174969e+01
2.145205070713441486e+01
1.981174703009321192e+01
1.789955537126554219e+01
1.644021217375417621e+01
1.721506161270213298e+01
1.909117671076525724e+01
1.972675197360555543e+01
1.897477006683654466e+01
1.853243646541897505e+01
1.549038711936160162e+01
1.563434187696353384e+01
1.770521681464468600e+01
1.855309848024307939e+01
1.749983135462113282e+01
1.733669402766256695e+01
1.430347602547579022e+01
1.413845946738809900e+01
1.523414979202389397e+01
1.620482366331467716e+01
1.668486322029925972e+01
1.693116272549589496e+01
1.652733213756673081e+01
1.623016710624199632e+01
1.422233316458930652e+01
1.496575830287815378e+01
1.742293526579521767e+01
1.667473939646252035e+01
1.685721637064502332e+01
1.724346472761512672e+01
1.737048370449305779e+01
1.949522240785041660e+01
2.052584087848079264e+01
2.081724626445749848e+01
2.147185855678106847e+01
2.203193539953832669e+01
2.202011398442988366e+01
2.145125801496758555e+01
2.135765262603603531e+01
2.122448261142933035e+01
2.119408214248510802e+01
2.222929875808004141e+01
2.179861864526222348e+01
2.227554964880955524e+01
2.224053768685925192e+01
2.208364419062494832e+01
2.147230426272328430e+01
2.135729478446480201e+01
2.103424017123420242e+01
2.058274508382271861e+01
2.073290389863128524e+01
2.094836424290224386e+01
2.193385592138216822e+01
2.183643562138037453e+01
2.189761549511338146e+01
2.212717280950253240e+01
2.179952729575493109e+01
2.192884624180438635e+01
2.161481807438972780e+01
2.161220824566573029e+01
2.208061187108793888e+01
2.220503369669820515e+01
2.183671577093661753e+01
2.190761114318043568e+01
2.139234505950998511e+01
2.115968610917395409e+01
2.154484688927647795e+01
2.153242561671444832e+01
2.184625342281146132e+01
2.135790233126047610e+01
2.133010401545724832e+01
2.116640286074034449e+01
2.111183241939024313e+01
2.178104055824380225e+01
2.141499719501358001e+01
2.160406081291861113e+01
2.158492029541329771e+01
2.051238351632122203e+01
2.048656543109495232e+01
2.119335749019166215e+01
2.131881801672914634e+01
2.215619807341310477e+01
2.066018109707387396e+01
1.879034673125279653e+01
1.731322592429501128e+01
1.621910502510658247e+01
1.348161302674725626e+01
9.844575051514185660e+00
9.080661397114623057e+00
1.027338532275029692e+01
1.221483937027167777e+01
1.044180538789888502e+01
5.061007910126109621e+00
9.521628786419737978e+00
1.051050072452995643e+01
1.010569086166429109e+01
8.482023818311340335e+00
1.244613888868037144e+01
1.535082959665801994e+01
1.572749663678395926e+01
1.590873808379230248e+01
1.479617856387844910e+01
1.381438192816520782e+01
1.650034003479554912e+01
1.658739471111906738e+01
1.631153720984507771e+01
1.506995350076345552e+01
1.790582747335520608e+01
1.713023080654419061e+01
1.923058146293864468e+01
1.821835119461375285e+01
1.892394714017616408e+01
2.015960678161181363e+01
2.139278655006618735e+01
2.206064954216139284e+01
2.108498268814336285e+01
2.019983634261130945e+01
1.986708777487407218e+01
1.935619078411281180e+01
1.988530751954130338e+01
2.001052955887803364e+01
2.050037183458258738e+01
2.060136306461823352e+01
2.055704116230533884e+01
2.022028619879116462e+01
2.185389123140792478e+01
2.208613357889572271e+01
2.243462283719532380e+01
2.256374156654459640e+01
2.201146538898873928e+01
2.160298014532971322e+01
2.160349788745848798e+01
2.129853364272587513e+01
2.164250767876426451e+01
1.960743460640257041e+01
1.999065639716441467e+01
1.865482454203448981e+01
1.837406030214434338e+01
1.687552120495853814e+01
1.780351363711898216e+01
1.858238710151919548e+01
1.748247261455086488e+01
1.555962871525052016e+01
1.533256813121712092e+01
1.559890461768335079e+01
1.289635396122265298e+01
1.309472591186960422e+01
1.328786081909227690e+01
1.290137658849068103e+01
1.527736352222607508e+01
1.924803496754906718e+01
1.960361445240969402e+01
1.911274689205461641e+01
1.918862866852925464e+01
1.882735756743936761e+01
1.887739503295821564e+01
1.795395136706364525e+01
1.754841323770085637e+01
1.763842484937466892e+01
1.744528014018751705e+01
2.005518830084803383e+01
2.125554199519473642e+01
2.173122027967336578e+01
2.208152384631223697e+01
2.237593745015257696e+01
2.229580212351209667e+01
2.105196425055054021e+01
2.007892790151662155e+01
1.958708431078328616e+01
2.062642113357876283e+01
2.093885408857027386e+01
2.088755846065215849e+01
1.822607007477803975e+01
1.585233166279011385e+01
1.508190468089724590e+01
1.396477013719707116e+01
1.360534844980301905e+01
1.344602367689463307e+01
1.360736431687295855e+01
1.359804402314981076e+01
1.348340744111365019e+01
1.272087386791745445e+01
1.503549856595991052e+01
1.820870851548707847e+01
1.961991153530921750e+01
1.936421880227743841e+01
1.966781951947512397e+01
1.933362978243341956e+01
1.895068480243051567e+01
1.878631840138934450e+01
1.896189780421117277e+01
1.889141352609205882e+01
1.905120214880409080e+01
1.915162720341018598e+01
1.881597754206545048e+01
1.852432627216682093e+01
1.815089120709371429e+01
1.871532855999333478e+01
1.862424776105598312e+01
1.906305501471208430e+01
1.932101532251495968e+01
1.880067994325273517e+01
1.929684553281370896e+01
1.986804507954519039e+01
1.938207589796414965e+01
1.825476298563868127e+01
1.836577938280458966e+01
1.841584539008876575e+01
1.911937921788149453e+01
1.894004356333271488e+01
1.825128010470447393e+01
1.607660268897710765e+01
1.470934080662788013e+01
1.621475674424385360e+01
1.627095734499191693e+01
1.549972974015624416e+01
1.483785790698606633e+01
1.512234047767832479e+01
1.488545803540436019e+01
1.452538649882401778e+01
1.434284808464285277e+01
1.499596198697112470e+01
1.480342753922704446e+01
1.467763744363216105e+01
1.417839578643104304e+01
1.513424269620829321e+01
1.666516380139364983e+01
1.726489963515469839e+01
1.738666621136384194e+01
1.681334037809811832e+01
1.613746093106864521e+01
1.605412967256243206e+01
1.635107726240351411e+01
1.613742444900574569e+01
1.537335534344892274e+01
1.491259580593358081e+01
1.600830501069697220e+01
1.560154836017913027e+01
1.560714777717322477e+01
1.617562234472395488e+01
1.658695700968309694e+01
1.671697970904184061e+01
1.640233013812927254e+01
1.535846901366596029e+01
1.435250418870801070e+01
1.354481761102442228e+01
1.222450977769869240e+01
1.191651365706455934e+01
1.154559914826024603e+01
1.257781155343604418e+01
1.439771782072207529e+01
1.423883480518307643e+01
1.393233736548467938e+01
1.371251872323824550e+01
1.282948381007648919e+01
1.206520947483810602e+01
1.232947234959728178e+01
1.160185990157727609e+01
1.182917515687618604e+01
1.116033229057200771e+01
1.026524244864384805e+01
1.108472861182659841e+01
1.328430191507863789e+01
1.354647418315119189e+01
1.121494135626671884e+01
9.184910244149815384e+00
9.960444473480166039e+00
1.338330268822744529e+01
1.592008922408595950e+01
1.818873753246915825e+01
1.875911681055958979e+01
1.932907139917665162e+01
2.158104180193958754e+01
2.196354795329538589e+01
2.126224716375644874e+01
2.155473269128875557e+01
2.218681259946791684e+01
2.239843155942612896e+01
2.240461034360479076e+01
2.205618127361852743e+01
2.163624730564936272e+01
2.204372172488708514e+01
2.234801039916792931e+01
2.295156570832092058e+01
2.323784330495672990e+01
2.303180997067049063e+01
2.287184458243247676e+01
2.271969817409521752e+01
2.284480647234774153e+01
2.299939212191225124e+01
2.124154646869229524e+01
1.951131311687483816e+01
1.862487094857678471e+01
1.841892255759324470e+01
1.692149642479153115e+01
1.768482060509638032e+01
1.776843377400842883e+01
1.894132527021006496e+01
1.633729539642078166e+01
1.484305649824626627e+01
1.667755933862991569e+01
1.500866904292002602e+01
1.539747682598403777e+01
1.386473260082921932e+01
1.359201825568154831e+01
1.166841560790999388e+01
1.166229011366510804e+01
1.378330412705932773e+01
1.402044671299730716e+01
1.637869477262711015e+01
1.618214857410686847e+01
1.618627198838609971e+01
1.585103649508748092e+01
1.509999636375535914e+01
1.573434999158957126e+01
1.497334847057276264e+01
1.484325631156572811e+01
1.523298376872686433e+01
1.361232241435176249e+01
1.313430816184956740e+01
1.247967913565159748e+01
1.279875952423055807e+01
1.352193434515567994e+01
1.418716644782009340e+01
1.283110704534465185e+01
1.149957410470738495e+01
9.360071206979128533e+00
1.021917675934355074e+01
1.352766867520365679e+01
1.663807505793228358e+01
1.767960968442150715e+01
1.760380327189225369e+01
1.780819464156864029e+01
1.748622325091353247e+01
1.706011704540856755e+01
1.576484303724036451e+01
1.559512427643931609e+01
1.536519403782033777e+01
1.573371011010041443e+01
1.680977417029020060e+01
1.774004317533019304e+01
1.762061219248486665e+01
1.758521812969971165e+01
1.743934643040784849e+01
1.727606987892011148e+01
1.728492957189502732e+01
1.694026325215257955e+01
1.614188970570059922e+01
1.714303423622893519e+01
1.876369214204720848e+01
1.976371249840960687e+01
1.917162483758730929e+01
1.917989263906441977e+01
1.919906150887628016e+01
1.946926130294074042e+01
1.949831586253192128e+01
1.981241381335933838e+01
1.982307903059820475e+01
1.972599256476684815e+01
2.008877423922012895e+01
2.043536477199803159e+01
2.011062036044417667e+01
1.994595667077801693e+01
1.866376452343508774e+01
1.906638467920547342e+01
1.845344622340601148e+01
1.725877621964650999e+01
1.683199638651178631e+01
1.633271212252819282e+01
1.587806101936740077e+01
1.512251092545943187e+01
1.527599020379542161e+01
1.690119250673242135e+01
1.786131008984308366e+01
1.718324646946591017e+01
1.717282737602544884e+01
1.760805138591900487e+01
1.834490745042092996e+01
1.559923626676722819e+01
1.463362566825571243e+01
1.386615704735371679e+01
1.235062631484985474e+01
1.011388014735514140e+01
9.996899980715689082e+00
1.034053706067366463e+01
1.162595680651416608e+01
1.168070948306973023e+01
1.475630547786490254e+01
1.527516424798910144e+01
1.816643829653151343e+01
1.790558789706276244e+01
1.964656205423644408e+01
1.995290952928852590e+01
2.015523466775313111e+01
2.044090990769574745e+01
2.045202653609290522e+01
2.061941688608499490e+01
2.075682818072345270e+01
2.043650955550472759e+01
2.026497944381724636e+01
2.010926862025989692e+01
1.979119591384537458e+01
2.028551989433378822e+01
1.973033331548184321e+01
1.867387867729792816e+01
1.816850184434157711e+01
1.448558835900029429e+01
1.387045987520003720e+01
1.180263177109788231e+01
1.257198930018863336e+01
1.399596177292599464e+01
1.444102608777241947e+01
1.553851047842733735e+01
1.684237497153336349e+01
1.682726561399081433e+01
1.792039516543915667e+01
1.899955264438707658e+01
2.040103325584496119e+01
2.068831636651230355e+01
2.018973184799893517e+01
2.022204838193101040e+01
2.079629931474966753e+01
2.092805154043593774e+01
1.971479983715083506e+01
1.851953396490993242e+01
1.664705769002703306e+01
1.395386650949270546e+01
1.248420784999175481e+01
9.530718755397550979e+00
9.065556316053127617e+00
1.157252384653258304e+01
1.427410974675750133e+01
1.538002437595975280e+01
1.783369129623783067e+01
1.638464974667579099e+01
1.731478934032890038e+01
1.724172763295757704e+01
1.911838546557356011e+01
1.941988914543217248e+01
2.002567843871780084e+01
2.013011131254783592e+01
1.923539621515170595e+01
1.936795341717580143e+01
1.913143230270119233e+01
1.826586359455457398e+01
1.747513037790150037e+01
1.772160530500902453e+01
1.746647589923304977e+01
1.799851175077452581e+01
1.784830058897206584e+01
1.763504292134490825e+01
1.772153279653863578e+01
1.762126856367416394e+01
1.872753320004592581e+01
1.931315129121413321e+01
1.967542043700003873e+01
1.905065306236322442e+01
1.828686798045513484e+01
1.791198986118875780e+01
1.795092641071737916e+01
1.878723859286670717e+01
2.029974492790007901e+01
2.068830031715985740e+01
2.257428812519412986e+01
2.244171145188105143e+01
2.179289894068245559e+01
2.245205802678492546e+01
2.232692852894699342e+01
2.216542356300210059e+01
2.158166727725497225e+01
2.100092765603663736e+01
1.947188767150493049e+01
1.873472046636667798e+01
1.826384503752351662e+01
1.634381685864490308e+01
1.632641824599249603e+01
1.706403819915130882e+01
1.601937257429520400e+01
1.563114791981780627e+01
1.163301424277873863e+01
5.807836729665845077e+00
7.537511532451453888e+00
9.042285348607087769e+00
1.028134627271878188e+01
9.515688752856231503e+00
1.363958296057980490e+01
1.364047575122779854e+01
1.473427999621478435e+01
1.425965597269038199e+01
1.451217482031068151e+01
1.581280527131086444e+01
1.649065621142796090e+01
1.629175891016225819e+01
1.614662726234870505e+01
1.580867789485589014e+01
1.554834292226575165e+01
1.536513043886846930e+01
1.523164495982919320e+01
1.472047893010902442e+01
1.554553011598169654e+01
1.615972183853098443e+01
1.665969708024442397e+01
1.726249539489481677e+01
1.835173733869570967e+01
1.897850144376795001e+01
1.981515290104481508e+01
1.987569417574947295e+01
2.004005305033274453e+01
1.994393519778778057e+01
2.045606355288904865e+01
2.076192362856701124e+01
2.131706106036894965e+01
2.186399343610302282e+01
2.197483013170920785e+01
2.177394399099067357e+01
2.254418347175372261e+01
2.276650345966169908e+01
2.281508041048261504e+01
2.262252661515477570e+01
2.199819787288197404e+01
2.146614130939741472e+01
2.225045688631611895e+01
2.132369814858684265e+01
2.154124968507275639e+01
2.193263975043370806e+01
2.125520374559913606e+01
2.146316064105046451e+01
2.192932354146294927e+01
2.110919165096437666e+01
1.969577299322261155e+01
1.974558350203633950e+01
1.978231466103775915e+01
1.726488958257693795e+01
1.718261830051443084e+01
1.719264264145213161e+01
1.743734184855005154e+01
1.656768825292260416e+01
1.582315804871558385e+01
1.643804589533415239e+01
1.793471275208301208e+01
1.786917937326264649e+01
1.786467186890618208e+01
1.874195824396618448e+01
1.847913113309172317e+01
1.811683608234849530e+01
1.836944701917954959e+01
1.858588433583331678e+01
1.818455761438123375e+01
1.751333895397141660e+01
1.750644288336406973e+01
1.843605513091875991e+01
1.739556760321812945e+01
1.758834894765906043e+01
1.687911020785985627e+01
1.442925314118530977e+01
1.318124349946463703e+01
1.433803584025504563e+01
1.402132780430481773e+01
1.633030037249089972e+01
1.636700178538991324e+01
1.858993074993025374e+01
1.878463738175979358e+01
1.901476479920395946e+01
1.961086844734949963e+01
1.990703295555011110e+01
2.002776286630487235e+01
2.077196495971237766e+01
2.094086652076045496e+01
1.980928394392649139e+01
2.031935780568791117e+01
2.143392356153497502e+01
2.153724243513713787e+01
2.204021692396324639e+01
2.135124963235124085e+01
2.073050894591396798e+01
2.047808352440227608e+01
1.842881353866907190e+01
1.893770053925033636e+01
1.885177343648040349e+01
1.647776286443190941e+01
1.598142073391078988e+01
1.550093770861627362e+01
1.515196177243608666e+01
1.589955807771741902e+01
1.562225089091540298e+01
1.777840312696707059e+01
1.787762764514884495e+01
1.926934714746487742e+01
2.016217168748085697e+01
2.036286293177620621e+01
2.058617368218733645e+01
1.990881690770200407e+01
1.968453721560461744e+01
1.969449919926129766e+01
1.957220578393654264e+01
1.962803365759831919e+01
1.969684045051529964e+01
1.800261623760197693e+01
1.697673501447074074e+01
1.570330775651793509e+01
1.642279227243019690e+01
1.797930569796998412e+01
1.601347765582780980e+01
1.599442992203281300e+01
1.603834425763595561e+01
1.606452864329606101e+01
1.474044090527408457e+01
1.494575216397331197e+01
1.625096013141009976e+01
1.347562766166081971e+01
1.399589475572113528e+01
1.686417988414619984e+01
1.762857684940138725e+01
1.921194950829088555e+01
1.877488389178707706e+01
1.684747130568295859e+01
1.770506574048353343e+01
1.666258998210771480e+01
1.432150691625885308e+01
1.595285268835245418e+01
1.754938222115492152e+01
2.018126413534807995e+01
2.053804598594365061e+01
2.175864854917010405e+01
2.221909387156167170e+01
2.220560836283758022e+01
2.203824174633073341e+01
2.159668561631347927e+01
2.165875781063259709e+01
2.149146999024984694e+01
2.164608525381053283e+01
2.196302652791642274e+01
2.180655506704057700e+01
2.147397886803497613e+01
2.097844131239401477e+01
2.076427694375296085e+01
2.089957799000195848e+01
2.103992330915038167e+01
2.065115571981106513e+01
2.085542050114399970e+01
2.037318319870594507e+01
1.904009589668610403e+01
1.959102923617112069e+01
1.894006394708256735e+01
1.678160222561162840e+01
1.423316086363050914e+01
1.531017953738645332e+01
1.559941989836807252e+01
1.531397120081736674e+01
1.532874776065912670e+01
1.451024998868733462e+01
1.443569389826766525e+01
1.456474470870208826e+01
1.471477769747715492e+01
1.463660622522556309e+01
1.489612219225842438e+01
1.401840861446772024e+01
1.405351959146516094e+01
1.518622099299753003e+01
1.580997898400326562e+01
1.663916142468555392e+01
1.774962168303017052e+01
1.748739061774274717e+01
1.646644668540511347e+01
1.625154198871611300e+01
1.390885257851398649e+01
1.202644252307582562e+01
1.217312615340059168e+01
1.233602973950981685e+01
9.013470236942332292e+00
8.361499306667845133e+00
1.156163937026730437e+01
1.309869764281911131e+01
1.342599356865986238e+01
1.743325747685041804e+01
1.783576893498443994e+01
1.721842554488677024e+01
1.630527068257249823e+01
1.686581002237659987e+01
1.682353474147591754e+01
1.479862449673619729e+01
1.542701749982952997e+01
1.644424918336578401e+01
1.677247958662599459e+01
1.738766264967469510e+01
1.868002579380676664e+01
1.861447909610751239e+01
1.888547592041902234e+01
1.850977842010559371e+01
1.831160675836115104e+01
1.809967556727039195e+01
1.799088855800998843e+01
1.800940544276460642e+01
1.761364682202029286e+01
1.748694102253832838e+01
1.791379325341172546e+01
1.751080363922604022e+01
1.698383822144267086e+01
1.671180068495060311e+01
1.760048730568129471e+01
1.706830563426436953e+01
1.678516429637003071e+01
1.519777925799861151e+01
1.537211203394795156e+01
1.556699653144873174e+01
1.638486819800754191e+01
1.642223164184499140e+01
1.674434409894226405e+01
1.686076331501847392e+01
1.552518888742469372e+01
1.567531072271011361e+01
1.615749797365246820e+01
1.533933737754841609e+01
1.480389657229057221e+01
1.523094596903662001e+01
1.583722675547350356e+01
1.827733117490288350e+01
1.932765581716056147e+01
1.893273297250787834e+01
2.059236333962513754e+01
2.046669382154590267e+01
2.140472603331925328e+01
2.128858849213157356e+01
2.153197923966169824e+01
2.156302422049525092e+01
2.077560232114899819e+01
2.028414176387410350e+01
2.101140231836505023e+01
2.096376354020748067e+01
2.166376941070456041e+01
2.221351874065928200e+01
2.188015786962111875e+01
2.122734605801573693e+01
2.138063979818338112e+01
2.192295844436430485e+01
2.215184310466419504e+01
2.215187352023103529e+01
2.386057027674196362e+01
2.378854339743460500e+01
2.382266959128884665e+01
2.332908285792642644e+01
2.322005296304920563e+01
2.292381469849739517e+01
2.183597079501168281e+01
2.013209611204638350e+01
1.951375348981132163e+01
1.880151868728111708e+01
1.913987113124424511e+01
1.943184256007227617e+01
1.881598085774999518e+01
1.927236166447426058e+01
1.619263690708520187e+01
1.675042785756281916e+01
1.731334494675221691e+01
1.561501745507152705e+01
1.576267688460066907e+01
1.641377661743865346e+01
1.741947795145981459e+01
1.759830150336398091e+01
1.748037926482057713e+01
1.745563319846201367e+01
1.770971552094781387e+01
1.717624994044617992e+01
1.654640493554765257e+01
1.646083543753590206e+01
1.593915308189354008e+01
1.603685929475321004e+01
1.544591445925534856e+01
1.544494477205812011e+01
1.499335457154485063e+01
1.403489447907763754e+01
1.217306907750700873e+01
1.185368125497279124e+01
1.280507390704985937e+01
1.263645392769245035e+01
1.306975636001613239e+01
1.325968994241994814e+01
1.408814697979049768e+01
1.562527561857640279e+01
1.596638151033729081e+01
1.565645142971438908e+01
1.457991013402221014e+01
1.501050113553504062e+01
1.515333862558601474e+01
1.476774789246728048e+01
1.605155558359026102e+01
1.648643034804751295e+01
1.642937435058610873e+01
1.686721617584053234e+01
1.765184622566276573e+01
1.789293172502663865e+01
1.851642466455597358e+01
1.856989633718004384e+01
1.847810780127061392e+01
1.810652917637962389e+01
1.828706189222894807e+01
1.856553621662837017e+01
1.828418459033254351e+01
1.829405575628566183e+01
1.790340189888346956e+01
1.882430655957604060e+01
1.913636907386588959e+01
1.838743816674358555e+01
1.902212884458197450e+01
1.883942990179658850e+01
1.812134951367098523e+01
1.728171483965419952e+01
1.668311336485047747e+01
1.357953782530966791e+01
1.376821306404740319e+01
1.505038507434927553e+01
1.618668190509214710e+01
1.682374488892295261e+01
1.732217048452403674e+01
1.523441889305816588e+01
1.522026445971554409e+01
1.365695498438385869e+01
1.212546823030664100e+01
9.528127621614185472e+00
9.198115178695704941e+00
6.756437168063933463e+00
7.645143235423037531e+00
7.577952184840386352e+00
9.651510515315795402e+00
8.899121354508451986e+00
8.169301869601408583e+00
9.587545633660269573e+00
8.961231763163441499e+00
8.461786274700260790e+00
8.370262320403803358e+00
9.097088283305883039e+00
9.701397346087018647e+00
1.085811561569063954e+01
1.222490019728838639e+01
1.183305625238386405e+01
1.025994748267176249e+01
1.014480588782611115e+01
1.406207087720170179e+01
1.692032655559296117e+01
1.583180665918268204e+01
1.781626675591380149e+01
1.642666713773889597e+01
1.845579540451837630e+01
1.958870378992241967e+01
1.907427913288651666e+01
1.893628802447400261e+01
1.870653484916316955e+01
1.993443757848766396e+01
1.994698064832351037e+01
2.066874831332633633e+01
2.047603538427985015e+01
1.986564726009417114e+01
2.043310948558285389e+01
2.072448591079512425e+01
2.087059512677473094e+01
1.947264623228314662e+01
1.715197625123185432e+01
1.630415979297188045e+01
1.624383354343994057e+01
1.419203882097391656e+01
1.182583081224385602e+01
1.228166847194775713e+01
9.844070922188805639e+00
9.895719651218968238e+00
6.125549563342735482e+00
8.587149838413507652e+00
1.161993023068299813e+01
1.585282016179539788e+01
1.404034717055715120e+01
1.526620345337104290e+01
1.664940788715522046e+01
1.822518089495262217e+01
1.781003707283822379e+01
1.798529557716346616e+01
1.841368762568253103e+01
1.784368284889428580e+01
1.702646784881303077e+01
1.763535498787752687e+01
1.740334469773204518e+01
1.767560846763574034e+01
1.763711085604358431e+01
1.760297098231151480e+01
1.537744486585224735e+01
1.550499025392072738e+01
1.515342414482445399e+01
1.611983211652062664e+01
1.603578495327725406e+01
1.671032266577283920e+01
1.768216691865475454e+01
1.762975102933739890e+01
1.783040309415726199e+01
1.547041225942218645e+01
1.694108519483571484e+01
1.441157769374155073e+01
1.611118279813130627e+01
1.212133401051451287e+01
1.223360464635526412e+01
1.200666084338721973e+01
1.296185091182135096e+01
1.008503163625157484e+01
9.863227866576680825e+00
1.061224025827101158e+01
1.022393462550288490e+01
8.604363885704477966e+00
9.879836373997733290e+00
8.992835464357511910e+00
7.504830900100021296e+00
8.157347436866116297e+00
1.189600558304846345e+01
1.430323988044245809e+01
1.404098672744864018e+01
1.434382304256130425e+01
1.528288490280013079e+01
1.431286904111930269e+01
1.495102068156738540e+01
1.479553807498724538e+01
1.480049509849169809e+01
1.506013553778771197e+01
1.475371768709013409e+01
1.493184938446817256e+01
1.520407964765596098e+01
1.526166432567050357e+01
1.535565344355579498e+01
1.407143902890294029e+01
1.315777113783968488e+01
1.455008233961552122e+01
1.644991283206090316e+01
1.739665224964059576e+01
1.627257743524476297e+01
1.744681224821264109e+01
1.866695953857840351e+01
1.827477414887948370e+01
1.768907097574550136e+01
1.710968207912797112e+01
1.778300784788525846e+01
1.792266111256648387e+01
2.549158856898957737e+01
2.535042012454778160e+01
2.545959978410817826e+01
2.582682521205354575e+01
2.659072603348882780e+01
2.708436020678144018e+01
2.729955591539530246e+01
2.735014697576634290e+01
2.671592508874994820e+01
2.444098865138289867e+01
2.398341109157279050e+01
2.475509937985641784e+01
2.544230164028610375e+01
2.546384740042425676e+01
2.395494790444774225e+01
2.386193389604745363e+01
2.261651393525072251e+01
2.256942146734029109e+01
2.249617772557071049e+01
2.094809519167428391e+01
2.102164233869078558e+01
2.090767559532623920e+01
2.092066238811989365e+01
2.169493182630644412e+01
2.214294519996681743e+01
2.103273988884339474e+01
1.884278468759421443e+01
1.826345738538875096e+01
1.917413206272496495e+01
2.067395803304977520e+01
2.073986341174840931e+01
1.918986871064750943e+01
1.763592420667349359e+01
1.676250175103262663e+01
1.771515110290181738e+01
1.807286620088810380e+01
1.755248402760361515e+01
1.679403058141541649e+01
1.560345375685603564e+01
1.657939382016827778e+01
1.627380203319575003e+01
1.675429194056351889e+01
1.796722724138899352e+01
1.749078830113095862e+01
1.631599132120420848e+01
1.565440511302502102e+01
1.671236870385276418e+01
1.535285006743586855e+01
1.584099147674694841e+01
1.928263582722233238e+01
1.905547123145178645e+01
1.952050160559401348e+01
2.121751835609238057e+01
2.174332459855534339e+01
2.122600852443255093e+01
2.093797770171251926e+01
2.128059909671673822e+01
2.116375446514957659e+01
2.215316691352715850e+01
2.312446247619737960e+01
2.194819264067854547e+01
1.890226776654895602e+01
1.959433449495037394e+01
2.014396218505579483e+01
1.858581208832378806e+01
1.894637168259886906e+01
1.836657282340074104e+01
1.802046587812474598e+01
1.751307166446746422e+01
1.898207395885819082e+01
1.938361600647003868e+01
1.787503290543877910e+01
1.831287206884354291e+01
1.822542793699042463e+01
1.863951872416867062e+01
1.752978516671372589e+01
1.795037096194435122e+01
1.851976538390444560e+01
1.850342553695830716e+01
1.755853625297417864e+01
1.699890867347974321e+01
1.606181447628709336e+01
1.969068320837723718e+01
2.233393996577075313e+01
2.283416341942990258e+01
2.470982167159654708e+01
2.670911448723940396e+01
2.644399702299079991e+01
2.660335937240074600e+01
2.693641642931421387e+01
2.669866281091021776e+01
2.673303670135550192e+01
2.692470374577988679e+01
2.729909896252051027e+01
2.795955365662858938e+01
2.814840881296500541e+01
2.822420133979944978e+01
2.728749448989024984e+01
2.748258463397134932e+01
2.781837615417486376e+01
2.730890831114834683e+01
2.709225800771755033e+01
2.755357142181292573e+01
2.721711438159549346e+01
2.742004754381351006e+01
2.778892067692549972e+01
2.705445401159083829e+01
2.630600740756455735e+01
2.653263977883378999e+01
2.657729629081067202e+01
2.571541844730323589e+01
2.595699325587972695e+01
2.498928062248291582e+01
2.495054230011766094e+01
2.246301820445668795e+01
2.085673840048766436e+01
1.863958357145080669e+01
1.722051022894417827e+01
1.503779488551569621e+01
1.186921594818120340e+01
1.704257819452651290e+01
1.864778734848557207e+01
1.838596900968987313e+01
1.874921993488672811e+01
1.763338492359536502e+01
1.701585999062192300e+01
1.829376363937938876e+01
1.986225478967988423e+01
1.883260853725798256e+01
1.750224092127543685e+01
1.295563117866801406e+01
1.404072868747350000e+01
1.445097747539864486e+01
1.671462203890698817e+01
1.672893838647026499e+01
1.724191386441288287e+01
1.857019696988901103e+01
1.949369803556638558e+01
1.935602722667595899e+01
1.850116958610544415e+01
1.996733173473457867e+01
1.899435105564717219e+01
2.110212706300177388e+01
2.092632707933712766e+01
2.302706588783444630e+01
2.347639860032582249e+01
2.315884104260285881e+01
2.307674598075681871e+01
2.200249295731595467e+01
2.094355383193139630e+01
2.133004906874614903e+01
1.958564930161990247e+01
1.913198079117408668e+01
2.001916722985504293e+01
2.075230359532942259e+01
1.993300074200752903e+01
2.060553028270902587e+01
2.085286586185833357e+01
2.156356492874262543e+01
2.202091185946556706e+01
2.177501077065731039e+01
2.212776396061345707e+01
2.343047704420424537e+01
2.343142165661022958e+01
2.406857298850654558e+01
2.425527063200723177e+01
2.402070327387724546e+01
2.331282942138246383e+01
2.219270084004358878e+01
2.022956943875392710e+01
1.891101697806502813e+01
1.936733809289449582e+01
2.031898640282772206e+01
2.116719921853546182e+01
1.999814664961764166e+01
1.989317923162586155e+01
1.795113113048608255e+01
1.536787225226199105e+01
1.776027052519140170e+01
1.758698259817423803e+01
1.867027101600880457e+01
1.761964083630870448e+01
1.725811808922470192e+01
1.647624821850340027e+01
1.482585082822446410e+01
1.651703151680950299e+01
1.840431481644803213e+01
2.114429769654105939e+01
2.219646971359050980e+01
2.227703801373660042e+01
2.399471061930683291e+01
2.334633554997983751e+01
2.403166454561866416e+01
2.237312233162665009e+01
2.365004754775241835e+01
2.339537371700732393e+01
2.425741740750089548e+01
2.457406067068145816e+01
2.369420197231933400e+01
2.597034595053062134e+01
2.525174706444127892e+01
2.524537655861264085e+01
2.600325139986832568e+01
2.640427472818295485e+01
2.630864202837389954e+01
2.654980503559627181e+01
2.655542764370292375e+01
2.668599985325668555e+01
2.656356160701864866e+01
2.573128319528947472e+01
2.480809948101836326e+01
2.372496333738574492e+01
2.182594760358771424e+01
1.734810572097131498e+01
1.595643841725516943e+01
1.490436510831726302e+01
1.584056623839038380e+01
1.854728327320616188e+01
1.667624813294449027e+01
1.515779692480420593e+01
1.616028478256600920e+01
1.755647666634784088e+01
1.955272913707928595e+01
2.178327477029821324e+01
2.198745028831793036e+01
2.205109381319416784e+01
2.162150460088068371e+01
2.234893322949119110e+01
2.236253845148732466e+01
2.184937521979420794e+01
2.208408661110987481e+01
2.259636452874531187e+01
2.268245606443187867e+01
2.289423846506170790e+01
2.236110045837369142e+01
2.228703672774613764e+01
2.267511247185309387e+01
2.322393461200871201e+01
2.317923166134518098e+01
2.288630488932432172e+01
2.190633272526522646e+01
2.058045883588441072e+01
2.221387054948745288e+01
2.230769497019779379e+01
2.044371335723278449e+01
1.842682641880296757e+01
1.639157119606483448e+01
1.686800838448887774e+01
1.822603384896597234e+01
1.853234778429323626e+01
1.773228934936847878e+01
1.771090087271396030e+01
1.856836506211577387e+01
1.895457783229705484e+01
1.896270450794700224e+01
1.923563427259218983e+01
2.019332823934479748e+01
2.195634972262352136e+01
2.237310726327438459e+01
2.196789969398155762e+01
2.098308241098255778e+01
2.044526814658697589e+01
2.070547854952376809e+01
2.174361623387374820e+01
2.219969567364295671e+01
2.180644942499585426e+01
2.165101396173592718e+01
1.993668421595669571e+01
1.920301251679346777e+01
1.914968415198139695e+01
2.025674304590134867e+01
2.032651334919572150e+01
2.001091431583061464e+01
2.212792197904181890e+01
2.323021241813606608e+01
2.350566236405448350e+01
2.345080163954101238e+01
2.316306112615439616e+01
2.337531204468430346e+01
2.417117448484702891e+01
2.577402884093273627e+01
2.609525329669122229e+01
2.654373961834454931e+01
2.645094870239704932e+01
2.651274738344903881e+01
2.706463061790418578e+01
2.741865054430861903e+01
2.739615782393261156e+01
2.580607318507203018e+01
2.530643989223535328e+01
2.361567737844201176e+01
2.282728896613900815e+01
2.134325637511430429e+01
2.024014187003676568e+01
1.906683101376238554e+01
1.622539636397734597e+01
1.619078058401295195e+01
1.749205058160250204e+01
1.863762894832865413e+01
1.799016827764507909e+01
1.550119674564439620e+01
9.769190409388590624e+00
1.298907061589740231e+01
1.283688401921840949e+01
1.361069056374943465e+01
1.354799167511578872e+01
1.442814719206674567e+01
1.684495006967301478e+01
1.843795031406616403e+01
2.078197800628042557e+01
1.888478377882803727e+01
1.939283569254832074e+01
1.979403445899120229e+01
1.991138754277488943e+01
1.945046457044899668e+01
1.907632964850815327e+01
1.961474863311445915e+01
1.939915436380827884e+01
1.995135016271589024e+01
1.951429758838315109e+01
1.730855313774375048e+01
1.712067282736895990e+01
1.579400432422086809e+01
1.751402825726807677e+01
1.532802350257661672e+01
1.609311744787184395e+01
1.730002696948243468e+01
1.553990085182624981e+01
1.616394359161589378e+01
1.911230966600287218e+01
2.215532408812905629e+01
2.261679366199535934e+01
2.365526856492893515e+01
2.391246598161301051e+01
2.380412107921786458e+01
2.447109785657251280e+01
2.499117988987809369e+01
2.496313993416601207e+01
2.504731238970486018e+01
2.517297019735240227e+01
2.507840793936512469e+01
2.523425976433282614e+01
2.532091714367181723e+01
2.547422784292032816e+01
2.474174252910646388e+01
2.492803598182421609e+01
2.461449824266173891e+01
2.377999618166156637e+01
2.373431746911167295e+01
2.389174328439781902e+01
2.488975249241123677e+01
2.461566023336360232e+01
2.344991345987412501e+01
1.987216414045787616e+01
2.034353391630963515e+01
2.164504691561337069e+01
2.080756113106961891e+01
2.182508978508769815e+01
2.239422846833073777e+01
2.004102921120982472e+01
1.624444820712487214e+01
1.573870524834740614e+01
1.722104232292247517e+01
1.614067799638327116e+01
1.616852279966235173e+01
1.620301314144465366e+01
1.547984880250514017e+01
1.672603059748859522e+01
1.622830872842605032e+01
1.638462134470856668e+01
1.616127560179597822e+01
1.807321928917443188e+01
1.658554959402275486e+01
1.681421591834632778e+01
1.607649807594631497e+01
1.521825885532465072e+01
1.661482066987741391e+01
1.626825392161794070e+01
1.532358799910148228e+01
1.401665859330601727e+01
1.147463132035775324e+01
1.114063848606890872e+01
1.127981110718104851e+01
1.365861103077688377e+01
1.477189034754234598e+01
1.810050620548270928e+01
2.126861839182953418e+01
2.281126516781685964e+01
2.339668122191110911e+01
2.394031118636890199e+01
2.573137305790632468e+01
2.575241124503855161e+01
2.593961000213999313e+01
2.537866730439636953e+01
2.491589099886605041e+01
2.530865808281911455e+01
2.566667857331425751e+01
2.506606992645683363e+01
2.391860699505454235e+01
2.334001613661960661e+01
2.177992605761471623e+01
2.308227256309888986e+01
2.395872375427451928e+01
2.024073897669694233e+01
1.452736753843321615e+01
1.660245972176957707e+01
1.918598066568468496e+01
1.841265438725108794e+01
1.706440923792185060e+01
1.688981686286291861e+01
1.635156831308348302e+01
1.594319269438354425e+01
1.792709813305223321e+01
1.589645262612391718e+01
1.500297170044893491e+01
1.665885965664886470e+01
1.868466186119354333e+01
2.121479675676940602e+01
2.114024284363624773e+01
2.099390321777585555e+01
2.158780754814603497e+01
2.277547958387931359e+01
2.350239432218283042e+01
2.351853704883618690e+01
2.366306606137923652e+01
2.371214281082566799e+01
2.331844254937012195e+01
2.275890484309670825e+01
2.142913316874590635e+01
2.120767580226760884e+01
2.179472860024946357e+01
2.259821253446430944e+01
2.322350068760712460e+01
2.322642905566575422e+01
2.317728719651480773e+01
2.078676016122502190e+01
2.089546473477976463e+01
1.948859475594520063e+01
1.731393433121392889e+01
1.553005436804464878e+01
1.478443464169045285e+01
1.490337405290908634e+01
1.492937299309185306e+01
1.382331213352935251e+01
1.532932077389521019e+01
1.695998403625687700e+01
1.851708760819600741e+01
2.032600834334393980e+01
2.206442935016783125e+01
2.187003689537859685e+01
2.272231419479517811e+01
2.358012419291610939e+01
2.273332308412077651e+01
2.257192810140930561e+01
2.227086214883577497e+01
2.292156437411978942e+01
2.312998807455684869e+01
2.269085546829088784e+01
2.141387620467753905e+01
2.298301681806727004e+01
2.484190523712378251e+01
2.553826778238004991e+01
2.566283883601646210e+01
2.543870875511665020e+01
2.545976173686631228e+01
2.473619894631456262e+01
2.377169255416735894e+01
2.435850726724760307e+01
2.356695091683977239e+01
2.432568446076005841e+01
2.401507065700384658e+01
2.293980365510121189e+01
2.251493600052851818e+01
2.254410616837684245e+01
2.133351729213885406e+01
2.019575006512748416e+01
2.141881620901121863e+01
2.177507055790742996e+01
2.223162090716283501e+01
2.194567480250830371e+01
2.140023236188277167e+01
2.032485133322640536e+01
1.923596376531981988e+01
1.995874554971003789e+01
1.955309081183730413e+01
1.789555812897871689e+01
1.747911411560652084e+01
1.943159263928528091e+01
2.053447171537385785e+01
2.073297156881945469e+01
2.016005114225886885e+01
1.988586231458357290e+01
1.947430570533612126e+01
1.949897546021957950e+01
1.943018813228090735e+01
2.033761853241514217e+01
1.908985544996531303e+01
1.930523024503211715e+01
1.914770915001388119e+01
1.748346393772824570e+01
1.785714763849588849e+01
1.885569109606446148e+01
1.726993661885702380e+01
1.517600274838784458e+01
1.449627221716643177e+01
1.147593492324770104e+01
1.221940756915711290e+01
1.227248679013872845e+01
1.098796626608939064e+01
1.490504461378994172e+01
1.696066599083039961e+01
1.871605959776227834e+01
1.800585421196731062e+01
1.897702944671678438e+01
1.969680355135055549e+01
2.002828428084352552e+01
2.157425926930993754e+01
2.099466037183958278e+01
1.884846029535974665e+01
1.705323396338227582e+01
1.571513575977970767e+01
1.608302865834450301e+01
1.716934942950010878e+01
1.838433779860024941e+01
1.720629378720300551e+01
1.737697245114988931e+01
1.932359944214124781e+01
1.838323378029840427e+01
2.000727032174120268e+01
1.955004437779740201e+01
2.064035478336548834e+01
2.246750247206206197e+01
2.343016892033901399e+01
2.253036485010146350e+01
2.463170986796177075e+01
2.403940001339676513e+01
2.601166497720101489e+01
2.646294720498758579e+01
2.622433709951595304e+01
2.560118805512686180e+01
2.566477788485642719e+01
2.665499370492103992e+01
2.685890946695789694e+01
2.698394752273821950e+01
2.697741272675832391e+01
2.659284726125352805e+01
2.598689617541463903e+01
2.672977688103620864e+01
2.731793377617359653e+01
2.755813313986285351e+01
2.717220610640040235e+01
2.713233114239215737e+01
2.716729164011984921e+01
2.701973657081496327e+01
2.684314344718758960e+01
2.622700214991090206e+01
2.388977821208464292e+01
1.979747382255314392e+01
1.891867986911877608e+01
1.753052743879358744e+01
1.922324745975558002e+01
1.800609610834444752e+01
1.581108444388930501e+01
1.601563570774027312e+01
1.307019623190277002e+01
1.187031494068703452e+01
1.170849839227605393e+01
1.349637506500204509e+01
1.368431445830906590e+01
1.618011190208543226e+01
1.792965694422405676e+01
1.881637482244667225e+01
1.790224522061793166e+01
1.606681693905636266e+01
1.487037333069581990e+01
1.524491768306877404e+01
1.627659913214765908e+01
1.640438086909613702e+01
1.770454812911660980e+01
1.948179783487558936e+01
2.123263366182714051e+01
2.142004915364436357e+01
1.987814164249009963e+01
2.019581996552036429e+01
1.930383755293248527e+01
1.879266358880200372e+01
1.820848787060540275e+01
1.940152080632262255e+01
2.026587209520861421e+01
1.997905897258176822e+01
2.063249172348216121e+01
2.067843853218124650e+01
2.006231405969124282e+01
2.008825991965844793e+01
2.033061142039695568e+01
2.078666716477966858e+01
2.095230000366797896e+01
2.131001864744433760e+01
2.118263348221117326e+01
2.101325220107199598e+01
2.147436668523246794e+01
2.161676347809304843e+01
2.192352137495974063e+01
2.184343469255593817e+01
1.958800559681560216e+01
1.903690373931668489e+01
2.062965551521656593e+01
2.180946336082320158e+01
2.123445788857610950e+01
2.095041039321054654e+01
2.160242173936999421e+01
2.175336406845329051e+01
2.205014942643746423e+01
2.178775289492085321e+01
2.118023290968614702e+01
2.157276861792566081e+01
2.154161593044411660e+01
2.094007295110232292e+01
2.132981771736981003e+01
2.162500289211262228e+01
2.243508388818227672e+01
2.324504346615046302e+01
2.311273893067362195e+01
2.324983442048954174e+01
2.335208014011715605e+01
2.333399078274261740e+01
2.306622026239013579e+01
2.278794929923403600e+01
2.323083502480069029e+01
2.306349821753636320e+01
2.367831653923337498e+01
2.271861355880740874e+01
2.245249557809330199e+01
2.268082101332529632e+01
2.313415790706635988e+01
2.301919752380315742e+01
2.272609283903481980e+01
2.207952712460102518e+01
2.220849966130352371e+01
2.280526441525679360e+01
2.298299018889267131e+01
2.232104719286625993e+01
2.080100506938403981e+01
2.109884733210126129e+01
2.192014245497369274e+01
2.267266040299468699e+01
2.230476499179633265e+01
2.205607054161749403e+01
2.117170966159415713e+01
2.184442194364733325e+01
2.300547446971351206e+01
2.307703813093601397e+01
2.264921818179301738e+01
2.194172342983419455e+01
2.159216600002256214e+01
2.115505436940664907e+01
2.189026250983947008e+01
2.090664268703831041e+01
2.075560649290007120e+01
1.976013958288836392e+01
1.808668622492708522e+01
1.743313894146978527e+01
1.768859889360415494e+01
1.762374832140766046e+01
1.763479702691936168e+01
1.793219751682703844e+01
2.352979561066006653e+01
2.301123502889414851e+01
2.300613879587590915e+01
2.420251044264409046e+01
2.598357388276525626e+01
2.615157080256508237e+01
2.644891514987081749e+01
2.577636557168082732e+01
2.876066871602827746e+01
2.774273955765382738e+01
2.913030353016605645e+01
2.968247739208040059e+01
3.091866386137508727e+01
3.075043083916532538e+01
3.164663858120839279e+01
3.153285496453359826e+01
3.142674324645397377e+01
3.153479956440511600e+01
3.150499025605662240e+01
3.129261924152198304e+01
3.127867270748720330e+01
3.096049729005310525e+01
3.078143358322968126e+01
3.036621747549123285e+01
3.052640326760661438e+01
3.042346420454340006e+01
3.044003763598217205e+01
2.914198671832699006e+01
2.952738414653644483e+01
2.967952165564893363e+01
2.971359467201753901e+01
2.994097293056864117e+01
3.018329460543647258e+01
3.000726833096795687e+01
2.902644396870373455e+01
2.936275822956649151e+01
2.572303564671779341e+01
2.104908079289353751e+01
2.015345021014859483e+01
1.972758679884025312e+01
2.076742264063745580e+01
2.085171565185758169e+01
2.162539328540853845e+01
2.264547132487586012e+01
2.253264938388742777e+01
2.176987778353298353e+01
2.232915806273937065e+01
2.414933564725110671e+01
2.650507527832933974e+01
2.771003149682675826e+01
2.808121705088623443e+01
2.759585968661273014e+01
2.740549052547002162e+01
2.666908507101658188e+01
2.467325320706478209e+01
2.436074294858810774e+01
2.577330851848891058e+01
2.550434078372697755e+01
2.451464602994624542e+01
2.108212379435431671e+01
2.047136843786189431e+01
2.046872702957471901e+01
2.178962407296541315e+01
1.964452422380222174e+01
1.785452400807405837e+01
1.783749527117185352e+01
1.745474740171052730e+01
1.781920713872609952e+01
2.070096369756227972e+01
2.109027634964253295e+01
2.137218155876947989e+01
2.111004012015845888e+01
1.928053950733922761e+01
1.789028607564792850e+01
2.285458688923917947e+01
2.217257892101009986e+01
2.403299280071284727e+01
2.466087276422282315e+01
2.497498652077084103e+01
2.622695061172017361e+01
2.721373173792555633e+01
2.788235722585076459e+01
2.787881608866198491e+01
2.763745932103766378e+01
2.814339802145334346e+01
2.796177727291420112e+01
2.868260273280687045e+01
2.903238614866430822e+01
2.871811199098154788e+01
2.869193590188422149e+01
2.930093633710281509e+01
2.956014231807687764e+01
3.020469684877710748e+01
2.924330300086573331e+01
2.939263114662348642e+01
2.977603391881342532e+01
3.000085487205275214e+01
3.062376348257002689e+01
3.050742193951531434e+01
2.895578930868096279e+01
2.754867298034212908e+01
2.709185705912392805e+01
2.714710264513298910e+01
2.748942089889316875e+01
2.684044294638660233e+01
2.684798180250253807e+01
2.633593972018429241e+01
2.528688944253858750e+01
2.223278396345753194e+01
2.402909715243956157e+01
2.075329239007173143e+01
2.240801531728526186e+01
2.173386282756386123e+01
2.192701200173443965e+01
2.129954933555892183e+01
2.212603629026446939e+01
2.094864295925928488e+01
2.070003811918845216e+01
2.063669100922163580e+01
2.191892254027229114e+01
2.228771785403036532e+01
2.348100907111871294e+01
2.288946361514120298e+01
2.077107470559148794e+01
2.078178254513587930e+01
2.052307244382919293e+01
2.142762367274425728e+01
2.268870210123991171e+01
2.502316834415955071e+01
2.678358007714339806e+01
2.706856177025949961e+01
2.595571288239987595e+01
2.602767740838032040e+01
2.649138068447511074e+01
2.772617194941296859e+01
2.812203318613711645e+01
2.669012263697073450e+01
2.400638872861916795e+01
2.445185572938496676e+01
2.219082507358526968e+01
2.059216193183246446e+01
2.027897051395623151e+01
2.166286798780016198e+01
2.264615720010635513e+01
2.576274178562313111e+01
2.660242018565607935e+01
2.876908654567980861e+01
2.794378720883379330e+01
2.987072626771415074e+01
2.937065507528272335e+01
3.042449311094409836e+01
3.055710515927452775e+01
3.042091472649986628e+01
2.991168956266717416e+01
2.926571010379400661e+01
2.804740403048733199e+01
2.910705861206905354e+01
2.944300987384410817e+01
2.875440882080029681e+01
2.701122887974627318e+01
2.548244454668147085e+01
2.198024103533522933e+01
2.470967769374587419e+01
2.593747657540957263e+01
2.526056674874768504e+01
2.309685935162514525e+01
2.247500696685415988e+01
1.917883929559143752e+01
1.410523869407367314e+01
1.600914174202642215e+01
1.480571539005989479e+01
1.802067368516602386e+01
1.853668253056126503e+01
1.636951796053049790e+01
1.838924131884004964e+01
2.000751761962288811e+01
2.003219573780367213e+01
2.087442509267019375e+01
2.153791223802976162e+01
2.291035067580991935e+01
2.312728397390938184e+01
2.190071260067921344e+01
2.172867135588655074e+01
2.241171415545123224e+01
2.181081302601554484e+01
2.219562371204371232e+01
2.278741648269797082e+01
2.328716197120725084e+01
2.265690124314481935e+01
2.255712282874077346e+01
2.419584689594774929e+01
2.643464480233978620e+01
2.799688237521955259e+01
2.733654719382315434e+01
2.748082175704899299e+01
2.834389260969352620e+01
2.890760508359178615e+01
2.854242305143838365e+01
2.850813347455800084e+01
2.857470892868355961e+01
2.808839768712985929e+01
2.885347461369633493e+01
2.958942608118989881e+01
2.933956056030930881e+01
2.922068690466318941e+01
2.927002036187900558e+01
2.887282513595732070e+01
2.881612385157722755e+01
2.927176450220847670e+01
2.867472061246592929e+01
2.721047282789070820e+01
2.603257950532727349e+01
2.653722133338398947e+01
2.652373183419793179e+01
2.601055571177214887e+01
2.476605643491293662e+01
2.449972685227429281e+01
2.335172265592157004e+01
2.224382751702887262e+01
2.125731654964391737e+01
2.244527927820961466e+01
2.388425237375608745e+01
2.429479568005420731e+01
2.336943498670369479e+01
2.387925668339433827e+01
2.564260353597927278e+01
2.579553181062958345e+01
2.567221038958940227e+01
2.551862074386139412e+01
2.583982588304244388e+01
2.501024679407594675e+01
2.484503792384681731e+01
2.288242406792678096e+01
2.175893638678062203e+01
2.268217121609150766e+01
2.347836318485654061e+01
2.378845232300897194e+01
2.466870896570393157e+01
2.375208521296211472e+01
2.329536361359661356e+01
2.279583203212642672e+01
2.399828111483585502e+01
2.464894544167194113e+01
2.448031007242340351e+01
2.449548344364567143e+01
2.365914831816706965e+01
2.236701782190433718e+01
1.994265743830549553e+01
1.828285746324371885e+01
1.895522314743615411e+01
1.912310422765447981e+01
2.003524848329515251e+01
1.814836388708893722e+01
1.898699320760418630e+01
1.873415318032258625e+01
2.007830683279173556e+01
1.777412402156786797e+01
1.916427144842829478e+01
1.624184859779932566e+01
1.667297243891102099e+01
1.723802564740411469e+01
1.799618591203970297e+01
2.205273883906969701e+01
2.624123938454017946e+01
2.786609188469363474e+01
2.859010115324247536e+01
2.872331287825869595e+01
2.845026694216614160e+01
2.840752654799839050e+01
2.768101719033845143e+01
2.807870658430916677e+01
2.794588468067998122e+01
2.846924712911837574e+01
2.983362643519555490e+01
2.984034013976044264e+01
2.987091681794935738e+01
2.964553453900239788e+01
3.053059423676107542e+01
3.024787879860784301e+01
3.047942728744144603e+01
3.074181846461193857e+01
3.090287809477715086e+01
3.011365060698841489e+01
2.852506907183039431e+01
2.788345049493128158e+01
2.611209310377881820e+01
2.437406857400592486e+01
2.544969909121428842e+01
2.347363521225584648e+01
2.261422470428597364e+01
2.189313480754604768e+01
1.955327022935707504e+01
1.939086156795957550e+01
1.962783171437792262e+01
2.269731041859925114e+01
2.391345946274480028e+01
2.289904813695926933e+01
2.353327685603835562e+01
2.319209890259532969e+01
2.333754016175603141e+01
2.130951406839180962e+01
2.180222534923391464e+01
2.257108803282783782e+01
2.288834443266958729e+01
2.145621417384983687e+01
1.821070326906279746e+01
1.609087686515546167e+01
1.454626536718042829e+01
1.539615563506359663e+01
1.600428138342256545e+01
1.573320947762081090e+01
1.802626905333111651e+01
1.941930634179698245e+01
2.071704360170437553e+01
2.166660295722038398e+01
2.173362928852538900e+01
2.127807156919540787e+01
2.194511176118962936e+01
2.202802855084002687e+01
2.398146691509102624e+01
2.560712136772706060e+01
2.588981865500490898e+01
2.593086926538152071e+01
2.544958771167108225e+01
2.541079924117728694e+01
2.349959941827101773e+01
2.242935367637732469e+01
2.197027676174006672e+01
2.157060851304098392e+01
2.372749943764269176e+01
2.511943009117312187e+01
2.625424586024271534e+01
2.706428709802547772e+01
2.739981500040984841e+01
2.860381120592032644e+01
2.860869546264227736e+01
2.861717680370750827e+01
2.857170636981383183e+01
2.957833166930198132e+01
3.019271990997410882e+01
3.035341865748538837e+01
2.994765143604057656e+01
2.894434806264781201e+01
2.845226091005135061e+01
2.874059647735879963e+01
2.866464143594591008e+01
2.733405648658615661e+01
2.641714904564074828e+01
2.331652223159663606e+01
2.194627859414633519e+01
2.270248780927188292e+01
2.053132222942724638e+01
2.096801080724286948e+01
2.090029462119336401e+01
2.019808211349212002e+01
2.089427218425685240e+01
2.083019874134195248e+01
2.020336876790183567e+01
2.218834966290113897e+01
2.322045050771794905e+01
2.561917885239881088e+01
2.594500206109110962e+01
2.564523622988792084e+01
2.522908009971745713e+01
2.551166473730282291e+01
2.645405468159072626e+01
2.644414155484149376e+01
2.698417578286342078e+01
2.762636323544870720e+01
2.712310641748408102e+01
2.746186509640850204e+01
2.704671926730136988e+01
2.756581386291092173e+01
2.689796343737886275e+01
2.581980093627002759e+01
2.501400222590333300e+01
2.571173787179645842e+01
2.402072120765478047e+01
2.253853438386240526e+01
2.161296156344544528e+01
2.282327583208536126e+01
2.404866833271046289e+01
2.367242767511220336e+01
2.212851865417045616e+01
2.223389436717849321e+01
2.327437710677446958e+01
2.205771359867430803e+01
2.161547794236955511e+01
2.149606137585420385e+01
2.018966934537227331e+01
2.167285778257295448e+01
2.358224893723710025e+01
2.657464690833832321e+01
2.729614776306416601e+01
2.765690561067740916e+01
2.762848383576097078e+01
2.744655279086859423e+01
2.702210483517885109e+01
2.622174301675650554e+01
2.617756906721866272e+01
2.609354650341122550e+01
2.690534275438796286e+01
2.731519502535679322e+01
2.741640525099067105e+01
2.790725234072498750e+01
2.791963415663021308e+01
2.744648781184306330e+01
2.596083486090554970e+01
2.444911356971000060e+01
2.059836184982731311e+01
1.784908203475893629e+01
1.843868577875443648e+01
1.923341186247520085e+01
1.737182524904422820e+01
1.829426644466962770e+01
1.696247251109491572e+01
1.663472800331021872e+01
1.761569621071584280e+01
1.857709759842165198e+01
1.813620178783581594e+01
2.074819092402665888e+01
2.187031930430577731e+01
2.116470839787048064e+01
2.191776661136254489e+01
2.332045290512367330e+01
2.329078625992908158e+01
2.243320345839209295e+01
2.105199566380257181e+01
2.136972826211231435e+01
2.172278987515170456e+01
2.075196060885573246e+01
2.094439067080841355e+01
2.126529026768914221e+01
2.141865033490179826e+01
2.121412917975879253e+01
2.107634058066993887e+01
2.071135380989259644e+01
2.235994436712483946e+01
2.386600839366004578e+01
2.328207020365269386e+01
2.393956757580758321e+01
2.381687861413453078e+01
2.641846618752633802e+01
2.681184725118558276e+01
2.750581541374303995e+01
2.832070724887798008e+01
2.803237859011376898e+01
2.815230540055619812e+01
2.832311971552663010e+01
2.869934759042686778e+01
2.924351926711976546e+01
2.989600843933244434e+01
3.055917045148081712e+01
3.108929395241186455e+01
3.122814293153457044e+01
3.059746427762986087e+01
2.948464886441873745e+01
2.914752826416103204e+01
2.992245047634358457e+01
2.957672992340270568e+01
2.767320036018437435e+01
2.478516901902272451e+01
2.428847261453347173e+01
2.381825205934019607e+01
2.504747777524002927e+01
2.319895181821751251e+01
1.921709327188120398e+01
1.589259724416703712e+01
1.684133370149576336e+01
1.748240048666158941e+01
1.717025106583173510e+01
1.655776638593854244e+01
1.938888249231673910e+01
2.242217273605252714e+01
2.201937705294168879e+01
2.171234570098497585e+01
2.386558281038356100e+01
2.470491017291882230e+01
2.501153883501789466e+01
2.377976411029090542e+01
2.331725041817293231e+01
2.197682842479164123e+01
2.278923006747977098e+01
2.128812592773113721e+01
1.800727152314954793e+01
1.701193330833077511e+01
2.089575712419831177e+01
1.838873769186416141e+01
1.613651950770404397e+01
1.397685915872426321e+01
1.445647151158580890e+01
1.586948981558214555e+01
1.582906318498887188e+01
1.572081237480636950e+01
1.711369864849805822e+01
1.759230350662387110e+01
2.012993956397130546e+01
2.047858408578676759e+01
1.891798666687199315e+01
2.173336701042828167e+01
2.230419694642730377e+01
2.391827739916918105e+01
2.484532444488049308e+01
2.501518991178608076e+01
2.508884634425485416e+01
2.595580159579009560e+01
2.564459742543703413e+01
2.677078976882149419e+01
2.676529859313296456e+01
2.786684224816342947e+01
2.915326118286384371e+01
2.915964395851094437e+01
2.924417624391742976e+01
2.918165185934022077e+01
2.877838959864459412e+01
2.864112683400956882e+01
2.839495053099895117e+01
2.817185732604258064e+01
2.811640595732636427e+01
2.917274648073782117e+01
2.980734253006221834e+01
2.976978026981937475e+01
2.995237326141428014e+01
2.992239399536803646e+01
3.015014444897825641e+01
3.012022674232886388e+01
3.014981880908968748e+01
2.962375103855862335e+01
2.852243742819780792e+01
2.687413579414629083e+01
2.644393429778033067e+01
2.461853856688691167e+01
2.549020746905011592e+01
2.584076286445214166e+01
2.585457542516756035e+01
2.548450756911637427e+01
2.517042723146521865e+01
2.244576409482370494e+01
1.982416453570828807e+01
1.647988438282814627e+01
1.573676444442858724e+01
1.756890963048101995e+01
1.734155514301778922e+01
1.922731593520151350e+01
1.996387859839727241e+01
1.958724287910247952e+01
2.033834088162525333e+01
1.988759884695645752e+01
2.053909117717644861e+01
1.990158705041234910e+01
1.991158369508838888e+01
1.889791352848835260e+01
1.861058183226695562e+01
1.831816502244489797e+01
1.876442147136959449e+01
2.012302511411107986e+01
2.164862330010213753e+01
2.170361271691147920e+01
2.288757351507032922e+01
2.428300856849012490e+01
2.528841578344302121e+01
2.436974900690632495e+01
2.413406459011964245e+01
2.495049708462593685e+01
2.382792700931160113e+01
2.499200828171007771e+01
2.502656416903530356e+01
2.663057489490340046e+01
2.631588919494893020e+01
2.634569200421542234e+01
2.544964609071441686e+01
2.508805599709135237e+01
2.515855346215407096e+01
2.719643017371243943e+01
2.749170508160552728e+01
2.822412679566778237e+01
2.824730632214098591e+01
2.778000822316694851e+01
2.769125773330550899e+01
2.747653872231080641e+01
2.701508530967315380e+01
2.637773503900054095e+01
2.512457096167270976e+01
2.294538305085971430e+01
2.276224001519252482e+01
2.252744356257766256e+01
2.113208895339478843e+01
2.212030519737854917e+01
2.192445173285926074e+01
2.169004282048279464e+01
2.102741483728933503e+01
2.027081212052659964e+01
2.094910227837616645e+01
2.065570442690824393e+01
2.003436023095795804e+01
2.027250859849109688e+01
1.995728319497110093e+01
1.920654994327506770e+01
1.888195693779029938e+01
1.793382534283937346e+01
1.933675735205202528e+01
2.291066686660434470e+01
2.350075151488326597e+01
2.469280039447674113e+01
2.362939259059156427e+01
2.391832819221587059e+01
2.667143824079727921e+01
2.544887507834931739e+01
2.379756895655854976e+01
2.295791206619387026e+01
2.484212431212550953e+01
2.648701490057423413e+01
2.480118442593606787e+01
2.620000816708084557e+01
2.667756175475809499e+01
2.664404201783809611e+01
2.728810803263750273e+01
2.932579389220698829e+01
3.026469330487305598e+01
3.017859596831520719e+01
2.982218198725968250e+01
2.952873613277821363e+01
2.834817433521691044e+01
2.865457543728268774e+01
2.806415869147636855e+01
2.569910663205199342e+01
2.255897343429634816e+01
2.389655120333595306e+01
2.351028934617317745e+01
1.927423944626605490e+01
1.879745982859224185e+01
1.652894955105762165e+01
1.802732591109927540e+01
1.861905774368159072e+01
1.798137318092557635e+01
1.966917710052134538e+01
1.834065014653110737e+01
2.024112575738085340e+01
2.186232429828793400e+01
2.292872014089411081e+01
2.308563746312343312e+01
2.304627505230980233e+01
2.302722175327131993e+01
2.368527984358840399e+01
2.494775954755126790e+01
2.702587541031983420e+01
2.738699873415835384e+01
2.775026558018625522e+01
2.733774257635504057e+01
2.717588220949902222e+01
2.705491894023478494e+01
2.700543729890632605e+01
2.712062955962766253e+01
2.743955053066903105e+01
2.787401784385131620e+01
2.797543672443767093e+01
2.752834128471359065e+01
2.719096348406247188e+01
2.786521941889536080e+01
2.800907044830661974e+01
2.748711545666981948e+01
2.671247459070061225e+01
2.602652166847759574e+01
2.421836390524116922e+01
2.463354275298540585e+01
2.210443255905950721e+01
2.167618134959974441e+01
2.121625620860793049e+01
2.164249633661062688e+01
2.195605428258159719e+01
2.183666533524909426e+01
2.089214685207442912e+01
1.943695798070151426e+01
1.900043691834168413e+01
2.021405063233206789e+01
1.967212077190746200e+01
1.937660163030189153e+01
1.961148879607787165e+01
1.995719090323777678e+01
2.121441768481581036e+01
2.129573556957087987e+01
2.128116369640491357e+01
2.044651573308907899e+01
1.817208392431637520e+01
1.894503748999217407e+01
1.868319681530682175e+01
1.901999232017046282e+01
1.611257961953084106e+01
1.414332359497843328e+01
1.398473934809245200e+01
1.566102506169681874e+01
1.630517609459973727e+01
1.650255079415506998e+01
1.594737088254201574e+01
1.623252967413998604e+01
1.749509120690743913e+01
1.808181010113626286e+01
1.909093560307430337e+01
1.895235016718240217e+01
1.880201919270837863e+01
1.723620718440451327e+01
1.832375906619523676e+01
1.768912752221740448e+01
1.790587775159762529e+01
1.811984519767341340e+01
1.936571012137177306e+01
1.902125798787379551e+01
1.860779211861232341e+01
1.851908138488078492e+01
1.750105736149016522e+01
1.654519525472138142e+01
1.626959453714798798e+01
1.700057945117424651e+01
1.774342850332952182e+01
1.837870317808528142e+01
2.074387387392484783e+01
2.340108913573971705e+01
2.400120351172127187e+01
2.443001361249010017e+01
2.265924515125636773e+01
2.517224243665296513e+01
2.638768705071756671e+01
2.695415624923766984e+01
2.755142009288867300e+01
2.768892828676327866e+01
2.744046317306139571e+01
2.801873555193836651e+01
2.832521998364328653e+01
2.878298927229325699e+01
2.867929368363281384e+01
2.803989159074580684e+01
2.798086834627742192e+01
2.792205985989079764e+01
2.777455569838077309e+01
2.786047978915563661e+01
2.724883658135620124e+01
2.713486967939608618e+01
2.518407490411549787e+01
2.538943996827147487e+01
2.376540836578571003e+01
2.142490321489830052e+01
2.182232396368895522e+01
1.826493751656110476e+01
1.628318680468722590e+01
1.199021618619227425e+01
1.442294802948518040e+01
1.574346699315273312e+01
1.590428412355235643e+01
1.749274223317534549e+01
1.674387527182042490e+01
1.735776214127393047e+01
1.788979155295259460e+01
1.718955877012834677e+01
1.602424916057165660e+01
1.677334046273482926e+01
1.792267962852686480e+01
1.942613974518003417e+01
1.992663359525457523e+01
1.994017756423970411e+01
2.000895219978792028e+01
1.929905799404501465e+01
1.917360648402472023e+01
1.944103864781592961e+01
1.937749903598577106e+01
2.015101052174421170e+01
2.036898500293705538e+01
2.068924843459552676e+01
2.058298744747627040e+01
1.933394996121579368e+01
1.877657926648934250e+01
1.869063805441743753e+01
1.844102323625752859e+01
1.861306598518098099e+01
1.937985139734422546e+01
1.861352017126197822e+01
1.916319485110003740e+01
1.900874906638852480e+01
1.887971537197451255e+01
1.810806963152472093e+01
1.856171538924824915e+01
1.802560541001608030e+01
1.877640711159086351e+01
1.834653273301236709e+01
1.869929639251746067e+01
1.915552902204238706e+01
1.956503797297072111e+01
1.966140143224194148e+01
2.020276368583414239e+01
2.079406557985107540e+01
2.080628172261427977e+01
2.084655022901007726e+01
2.049261803155750883e+01
1.950152646974057546e+01
1.862472837252885682e+01
1.858676814893270901e+01
1.960986129424497193e+01
1.871318799401083055e+01
1.843428430922443084e+01
1.856568509401208189e+01
1.891160976217510381e+01
1.925101933483380989e+01
1.933255138659803052e+01
1.911652241819956544e+01
1.893436574721378918e+01
1.838010406841523192e+01
1.697311018189564535e+01
1.706647554920766297e+01
1.895538931241963354e+01
2.129801992914918785e+01
2.199325350746325825e+01
2.318276344456641525e+01
2.314612101684507195e+01
2.357617931813013001e+01
2.371635256530182545e+01
2.364371828028573930e+01
2.336630518677249313e+01
2.310571296927816931e+01
2.338173857152951740e+01
2.331617231625896380e+01
2.391248631069182551e+01
2.434340414338372938e+01
2.487614061316097036e+01
2.435633874759726325e+01
2.377480346891026741e+01
2.425881258607505586e+01
2.356542491264731254e+01
2.399489484212353219e+01
2.440229594953976999e+01
2.432232528740291144e+01
2.312076791608585324e+01
2.239660042311841792e+01
2.204159146491551979e+01
2.204861867808471487e+01
2.244718899932664868e+01
2.121500910954807750e+01
2.092867268724165797e+01
2.192084074660803239e+01
2.131087730720925322e+01
2.151597567233645592e+01
2.145251580567484240e+01
2.054683324788147658e+01
2.127490122113116655e+01
2.156882961177747404e+01
2.211401922175658896e+01
2.213438428923638313e+01
2.177895256183770556e+01
2.115668144484801161e+01
2.178309882263974018e+01
1.918507374340706662e+01
2.055787012766239741e+01
1.868712740866356725e+01
1.849677028792070743e+01
1.900843454720518722e+01
1.827500334081455691e+01
1.917914082654973740e+01
2.029173318751645283e+01
2.017545172090990846e+01
1.905561789462321798e+01
1.895120035705060246e+01
1.799736908318692130e+01
1.752971981789026046e+01
1.505124177136222308e+01
1.660082422657904644e+01
1.566226910520752647e+01
1.714048713584444883e+01
1.712570109879412428e+01
1.773815017224408308e+01
1.869831889125057955e+01
2.041953285129570972e+01
2.084816164804724181e+01
2.054831837064590161e+01
2.196032236727524634e+01
2.180077372605028430e+01
2.229522831688905171e+01
2.313468868729755457e+01
2.299506315571633763e+01
2.339918443607957244e+01
2.347905382826953158e+01
2.354085107310451264e+01
2.276694817540722582e+01
2.259860576926386244e+01
2.135571805971563464e+01
1.908889190365627186e+01
1.606012488272333627e+01
1.441704654797658947e+01
1.455427863971684133e+01
1.598970466898570741e+01
1.592200101040818083e+01
1.581774224594298062e+01
1.741333467714103733e+01
1.712486854817154125e+01
1.874869695671764447e+01
1.973155182993772527e+01
2.073066140144495506e+01
2.029133371747870740e+01
2.205530728414972330e+01
2.418434155892706627e+01
2.406001655698105424e+01
2.433214462536818701e+01
2.488490884234269629e+01
2.471610241304004418e+01
2.437229977158967387e+01
2.449137012194895746e+01
2.393695093086887127e+01
2.278925528926360045e+01
2.281173129848901837e+01
2.187177852902415864e+01
2.114062235945205970e+01
2.185022919663155250e+01
2.107983061536644698e+01
2.040817468068291163e+01
1.906270175852409565e+01
1.645443383789081793e+01
1.644302726620276900e+01
1.717832558732182235e+01
1.711012614883509286e+01
1.560423611269502331e+01
1.330965753114150552e+01
1.323146952181303959e+01
1.465982692850353075e+01
1.590540570844186696e+01
1.650151016480941735e+01
1.640138481376103385e+01
1.551014055822967741e+01
1.532195342045601372e+01
1.650306195622257022e+01
1.674142920534217183e+01
1.618361584134594722e+01
1.577617349211470810e+01
1.638302508929429990e+01
1.665111300558741192e+01
1.595147113982383758e+01
1.660471004206279133e+01
1.690846626631801541e+01
1.880786072258651132e+01
2.028386230464488449e+01
1.858576068953576765e+01
1.951606809448973934e+01
2.002519135958842256e+01
2.103717684398763765e+01
2.015958682942062907e+01
2.119741598638839974e+01
2.119766264315259008e+01
2.188134301882076826e+01
2.212891036101946796e+01
2.404906735547157837e+01
2.467993581206827969e+01
2.436501556899538912e+01
2.441300323291643792e+01
2.406391374987980214e+01
2.416392249060012176e+01
2.465659272870949792e+01
2.463336601837909612e+01
2.432227100910966300e+01
2.422398299452006398e+01
2.423478928659516995e+01
2.428103062221682151e+01
2.437258967753653494e+01
2.443005248163471066e+01
2.409560271180728463e+01
2.349016429657253724e+01
2.281270347949639898e+01
2.298516322324202577e+01
2.251675660458534622e+01
2.194426255016842831e+01
2.091687403059109940e+01
1.953085156172321390e+01
1.902037990597894890e+01
2.018062590952428081e+01
2.081046901267822591e+01
2.096464823480426176e+01
2.121248023976787067e+01
2.019253367259010190e+01
2.009845956640986842e+01
2.008433701801113358e+01
1.910584587891919384e+01
1.901409751565418560e+01
1.791967549170563956e+01
1.908760935642893486e+01
1.765288932112886044e+01
1.700073553267057136e+01
1.702122363204937017e+01
1.689163080155569574e+01
1.584458007278537472e+01
1.486914282826372613e+01
1.462488274585076908e+01
1.554384224854048924e+01
1.703685357563694680e+01
1.797835830385578504e+01
1.814313086875998948e+01
1.811311176270376322e+01
1.834577354916990544e+01
1.845938255518161952e+01
1.905655299540595848e+01
1.869394735435925980e+01
1.826631683778646575e+01
1.821352229024618907e+01
1.912851975693512685e+01
1.934713355742607277e+01
1.957861703974984735e+01
1.962967462187296164e+01
1.946252909909618012e+01
1.926778273300884337e+01
1.947405515251783825e+01
1.861525492418516592e+01
1.725352988733174087e+01
1.799004013274548086e+01
1.720310878327754978e+01
1.453355837776556925e+01
1.245936453079587558e+01
1.289785524839253839e+01
1.273792302990979763e+01
1.164152353785098626e+01
1.030224707238759407e+01
8.825906436076383699e+00
8.605642530518638367e+00
8.502130122161142722e+00
7.465348422282302110e+00
1.102542236244760510e+01
1.134129217759608288e+01
1.167436336149209097e+01
1.645873792799208246e+01
1.662644270261823465e+01
2.024988349126769194e+01
1.929215430073839954e+01
2.056811728151439667e+01
1.914586466439880397e+01
2.051718099045132959e+01
1.956677901204195535e+01
1.792751253663837119e+01
1.992615992047203477e+01
1.990479261867890060e+01
1.945052236671004664e+01
1.952340358255641206e+01
1.933445075285814596e+01
2.040890703556563679e+01
2.144930999549542605e+01
2.178892898688900814e+01
2.246932124744561321e+01
2.248280870001274323e+01
2.331647213281948794e+01
2.379150942399007818e+01
2.399799908778614110e+01
2.425520833034527257e+01
2.296063880805227342e+01
2.273609801993471180e+01
2.205232050437261648e+01
2.182734535132911802e+01
2.144863100444188575e+01
2.007360577717168937e+01
1.915366129106497795e+01
1.957767423647379701e+01
1.966626979632496131e+01
2.013250009465192747e+01
1.970695643343062642e+01
1.906637958811827716e+01
1.883945013717671557e+01
1.949133218109171750e+01
1.996904932322562587e+01
1.992664537876041564e+01
1.956420132175708559e+01
2.051322886635701082e+01
1.966606514886360202e+01
2.047384634117139868e+01
1.959295462887698136e+01
1.879312658198610109e+01
1.842129172840479967e+01
1.723136149037799214e+01
1.652713201510278651e+01
1.737418816687465295e+01
1.489094864871307067e+01
1.627964037588482071e+01
1.621787835623145924e+01
9.536222263373852925e+00
1.048914111823233064e+01
1.168205724378687371e+01
9.543423552661277398e+00
1.033471068211794375e+01
1.470983778452297130e+01
1.552634638527339739e+01
1.598291335881957664e+01
1.793732839825693404e+01
1.895536360529100506e+01
1.912746633136172747e+01
2.102820250320428386e+01
2.119605519319264175e+01
2.074851554256324704e+01
1.935714303347783982e+01
1.716208401046759491e+01
1.603728705751667505e+01
1.366310523402917809e+01
1.357618161803945789e+01
1.546559043576346504e+01
1.862615777924787963e+01
2.016477399990146324e+01
1.958339872436347306e+01
2.175591336275190102e+01
2.188407235614247526e+01
2.258730546336698453e+01
2.251513937552012479e+01
2.220322344061523978e+01
2.282863164070098705e+01
2.333436188286715307e+01
2.364550618137628391e+01
2.375933918734160955e+01
2.366989032534883108e+01
2.395847163082452624e+01
2.412208145040698071e+01
2.372886776084292393e+01
2.373733719614700988e+01
2.368543028828634078e+01
2.267777833338582738e+01
2.201361024609796857e+01
2.317603951696160181e+01
2.256330234222042819e+01
2.244876259419005038e+01
2.233854147500505150e+01
2.200660974701892769e+01
2.207659184602978186e+01
2.214161416900468282e+01
2.198018967967339421e+01
2.259339662566427265e+01
2.117204072485460742e+01
1.903586090486751203e+01
1.715131523522081380e+01
1.625033165653982437e+01
1.336473852877645996e+01
1.252153424694862238e+01
1.248882214398779844e+01
1.179542258558305967e+01
1.283332382562033125e+01
1.678341613575807045e+01
1.713159146431309310e+01
1.768856242405031409e+01
1.914044746415589771e+01
1.898937952717444233e+01
1.785864808397764847e+01
1.889311595474185879e+01
1.869400372547545075e+01
1.786604989380272102e+01
1.766010837452668980e+01
1.803563291840772109e+01
1.972765608416875693e+01
1.990118199361541329e+01
2.093928745920173284e+01
2.150990570762452592e+01
2.266673836953638954e+01
2.274852135511103057e+01
2.216107771455353515e+01
2.168368106336557588e+01
2.162781299449513739e+01
2.056773864647897554e+01
1.970704107680144901e+01
1.971609745942512859e+01
2.014395700769965103e+01
1.970953372989498220e+01
1.948247744197925257e+01
1.999055157164492158e+01
2.053640349119403652e+01
1.897260940961479037e+01
1.816302259441295774e+01
1.712601164644425822e+01
1.785751364029050592e+01
2.132402257886712960e+01
2.297764440029771293e+01
2.246480461240836490e+01
2.128368395155040815e+01
2.223859806946374107e+01
2.150823903390523739e+01
2.077055175019524214e+01
2.052876963101268615e+01
1.999459381630280319e+01
1.964391470092753167e+01
1.972224251231925507e+01
1.858531607560622945e+01
1.775880663557977712e+01
1.898679464541211814e+01
1.839012507844519462e+01
1.821295971731007057e+01
1.831379335471975267e+01
1.921719113464659046e+01
1.895084471693006734e+01
2.036730271288723060e+01
2.211414425258247363e+01
2.224168806935123754e+01
2.174260323142448570e+01
2.133819591573970698e+01
2.151929229166257329e+01
2.098074027136754438e+01
2.124948891715742150e+01
2.042437437963283031e+01
2.005067548129868626e+01
1.900528924184856550e+01
1.822027640100969492e+01
1.772151210383088937e+01
1.733206616858911531e+01
1.704653806941857397e+01
1.737322691025464394e+01
1.854682132862551924e+01
1.693105258995348095e+01
2.018214010052320617e+01
2.217712551069835669e+01
2.201452737464256515e+01
2.350727403473133492e+01
2.299408033041033050e+01
2.357071678313034369e+01
2.550466170523137777e+01
2.562205730533769454e+01
2.560947931427285695e+01
2.616979607854071332e+01
2.664162132224188539e+01
2.685441844182516391e+01
2.693268835704063946e+01
2.687422763717424701e+01
2.659392376812435543e+01
2.658190533982738657e+01
2.667894947617780588e+01
2.676709854575351599e+01
2.615096367783669962e+01
2.381313450808537979e+01
2.407438651919641259e+01
2.366126491222614092e+01
2.233345584219706126e+01
1.926311891880416738e+01
1.892358629608777676e+01
1.268954149412128984e+01
1.271250230079734322e+01
1.422697120198693099e+01
1.341564169067602919e+01
1.547741466938607857e+01
1.470629373020468833e+01
1.366527567685809430e+01
1.381386873254545833e+01
1.395291954143137048e+01
1.382581160650567575e+01
1.387089188139146145e+01
1.659979027927828454e+01
1.551182508553991113e+01
1.532114005677485835e+01
1.463828854555680614e+01
1.483700654035210320e+01
1.745744345694263444e+01
1.749747433124704799e+01
1.827813651911073478e+01
1.882503448002704260e+01
1.906612697365736508e+01
1.893743993198044961e+01
1.780027216837622817e+01
1.823544310626801135e+01
1.874625493200352011e+01
1.739093509592893838e+01
1.667479728103782222e+01
1.645646385635930642e+01
1.744402600766416356e+01
1.793107087323799220e+01
1.748121930295710769e+01
1.749318611155738168e+01
1.638784975268854893e+01
1.582229114188900354e+01
1.566093557335232589e+01
1.571474052772401997e+01
1.462217969454617617e+01
1.622978654937589482e+01
1.761013625292522633e+01
1.785755767494922353e+01
1.775715283935683431e+01
1.711626382125056267e+01
1.422746697708676855e+01
1.511293367732649706e+01
1.601208455482413129e+01
1.747915949053525964e+01
1.666843169976245065e+01
1.557951027346891237e+01
1.689850696038852362e+01
1.744056953943591637e+01
1.675730186334074645e+01
1.760551850632611348e+01
1.881761872662742618e+01
1.905084018234497378e+01
2.149748702283501700e+01
2.124469437895967161e+01
2.238312204698856078e+01
2.391840639620255615e+01
2.401302563487686115e+01
2.394898605587138718e+01
2.396114128084178674e+01
2.371733617996456545e+01
2.347016445642182703e+01
2.331470870499781967e+01
2.351235370186167728e+01
2.329253025816680278e+01
2.319740792932034168e+01
2.355595631947161195e+01
2.404393205312129211e+01
2.415007746216807760e+01
2.353082116984153060e+01
2.343550736811474877e+01
2.257569698425180604e+01
2.265854431111362999e+01
2.297366676333475510e+01
2.228266557787563329e+01
2.172523212866648734e+01
2.101030798115256815e+01
2.030742501934842537e+01
2.054031398558160859e+01
2.045835021653915931e+01
2.059290361089886545e+01
2.079540198236219339e+01
2.110821473789277647e+01
2.122531714486885690e+01
2.062390729234589770e+01
1.782607624155009773e+01
1.755463864003694141e+01
1.803857518399345139e+01
1.766733075308129486e+01
1.507047997975774578e+01
1.265274716245978226e+01
1.202085892757925656e+01
1.387506871333557967e+01
1.519517814567997682e+01
1.483955116855962686e+01
1.588602031604505527e+01
1.768349180338062254e+01
1.726140889341530027e+01
1.752457448143311325e+01
1.884386651257894130e+01
1.878602796211520953e+01
1.699973839255036978e+01
1.670306893667578763e+01
1.681175191961311910e+01
1.778842506280609115e+01
1.122320071204685199e+01
1.135499565492677831e+01
1.018031272947653321e+01
1.014720029600673001e+01
8.048116573222950265e+00
8.306792481964727415e+00
9.002124633792709218e+00
8.309040695223147921e+00
8.231779780545231517e+00
1.070038687814489720e+01
1.112863146461801023e+01
1.157716512714994295e+01
1.427955677362960252e+01
1.610783953191102924e+01
1.792974728688407993e+01
1.868462001365213254e+01
1.886371611842257678e+01
1.837424972536524237e+01
1.819487897357770123e+01
1.761710952041106992e+01
1.704530933161837680e+01
1.684262474943433929e+01
1.608912460676422995e+01
1.358715012478563189e+01
1.092891219334575226e+01
8.010141817278800147e+00
8.370927615508614750e+00
6.903068559469573984e+00
1.162306402733206312e+01
1.309662658619353159e+01
1.333750801985996226e+01
1.571705312995981707e+01
1.732641728734505193e+01
1.729826444706790767e+01
1.752235623726733849e+01
1.850380570922661860e+01
1.865250748029435002e+01
1.844438447345608267e+01
1.837620719086281085e+01
1.779706777463513490e+01
1.714973568168485230e+01
1.739392265240195456e+01
1.750362154157649641e+01
1.657864766782494215e+01
1.576527788425478072e+01
1.534903974757679102e+01
1.478967895724789727e+01
1.495687347573697323e+01
1.528971509177826960e+01
1.603418212764355388e+01
1.601889687059457046e+01
1.576530233397145508e+01
1.486651529030378072e+01
1.423499778956385420e+01
1.186716747859779097e+01
1.107475888378073314e+01
1.087826302484696761e+01
1.085107783719024965e+01
1.069796170427641968e+01
8.941331921692684759e+00
8.620576965829458871e+00
9.019515189266314792e+00
9.889702886648981561e+00
9.737275849617763157e+00
9.557687430733141198e+00
1.064647666720063413e+01
9.417900974035632089e+00
7.474746337121103146e+00
7.175977551305866342e+00
9.589117591399960006e+00
1.297190242547414663e+01
1.284267215435516363e+01
1.375062996366390777e+01
1.428026471712851375e+01
1.408197337373054303e+01
1.483300116145963798e+01
1.678926152503420610e+01
1.699617480794965729e+01
1.716151122674244078e+01
1.769692599695779833e+01
1.774921758422713935e+01
1.857022124596593926e+01
1.870704660262433805e+01
1.855887139618499404e+01
1.739034211954881926e+01
1.686873592682209733e+01
1.695620137858607634e+01
1.780363219966942978e+01
1.812610986664977730e+01
1.764054557782848320e+01
1.718324908634783910e+01
1.763291996887618396e+01
1.793397098745539608e+01
1.796689757788523423e+01
1.752162728186765150e+01
1.700422298210550665e+01
1.564543379487805197e+01
1.485526089222852164e+01
1.490594818779077890e+01
1.493187514828162854e+01
1.548767632483512280e+01
1.515252107402951687e+01
1.380802895595262925e+01
1.291022472246249819e+01
1.286001626882111104e+01
1.191090636116085122e+01
1.188897158197367965e+01
1.211092843849845657e+01
1.284458097218090700e+01
1.212176471553935997e+01
1.240840762904047523e+01
1.205369690690137574e+01
1.212879956692039407e+01
1.354672808932624406e+01
1.431853798514774390e+01
1.401913861355513724e+01
1.399798607810494389e+01
1.461222507256627523e+01
1.509375466693421863e+01
1.514780907020117340e+01
1.444255681911293365e+01
1.395708456386918783e+01
1.365214418167246180e+01
1.271564482485595704e+01
1.320141464859440461e+01
1.243881515773108148e+01
1.203154589651605733e+01
1.225390219135274705e+01
1.149707240775372696e+01
1.020443040898334885e+01
1.064005846376137931e+01
7.033605704648592472e+00
5.861776513030937608e+00
4.341802952294703033e+00
1.000871675825086626e+01
1.044501440716317120e+01
1.435435589689866021e+01
1.612446131042134567e+01
1.737391689138517137e+01
1.693395307516459525e+01
1.819938403319729758e+01
1.772935757372391663e+01
1.789017248126031490e+01
1.783552507627373629e+01
1.736330290648300334e+01
1.717701991624794289e+01
1.832541070288405649e+01
1.800837849071698926e+01
1.849885732643209124e+01
1.897095474821813355e+01
1.835958899095461305e+01
1.813907468251506216e+01
1.972579396430700882e+01
1.956688806759117227e+01
2.102196717085324451e+01
2.092279435511898100e+01
2.052252341694513760e+01
1.951384826907433734e+01
1.881544800407191431e+01
1.768848726101275659e+01
1.771052943939490376e+01
1.626155915350000214e+01
1.709994459481077556e+01
1.675479341899232466e+01
1.585939333235270610e+01
1.617109531840983294e+01
1.596799985627840357e+01
1.314052309197404256e+01
1.259297311095652638e+01
1.194165624180159924e+01
1.372300943796038020e+01
1.193211346632646652e+01
1.261688506769366214e+01
1.126535440067966398e+01
9.244319974500731618e+00
1.047783393461796386e+01
1.160086400455772981e+01
1.193699562818191140e+01
1.061908267072141854e+01
9.991806818254392653e+00
1.090399829666966092e+01
1.070394389237885591e+01
1.173086222442877080e+01
1.204701849690542836e+01
1.066985011996484189e+01
1.067156052683105649e+01
1.024179155434381094e+01
9.752730017339825253e+00
9.332857176975601021e+00
6.359156825739229468e+00
6.240463239320898303e+00
4.942179843888045099e+00
4.613750047314615799e+00
6.254254537540559156e+00
7.239112913724722986e+00
6.991065686058366424e+00
8.630532894789990195e+00
1.118697483144677207e+01
1.295564898625125849e+01
1.211072364575752758e+01
1.414191606109723409e+01
1.450037744354393965e+01
1.538836081416940260e+01
1.569249390974837510e+01
1.638135439181489517e+01
1.713533707880676360e+01
1.679810731476616326e+01
1.695687319134756876e+01
1.715503792027309515e+01
1.619083271254981327e+01
1.568177350829526873e+01
1.487903744542005136e+01
1.544271258327986018e+01
1.547012402250033247e+01
1.549720619842256042e+01
1.509405418731384074e+01
1.544702403592653894e+01
1.546129793870284708e+01
1.632291350485345660e+01
1.699473782321231141e+01
1.641611879765015303e+01
1.485610497347804149e+01
1.438643343096756766e+01
1.438015508943465015e+01
1.142961424132441195e+01
1.127517207547809264e+01
1.388100905695741361e+01
1.275909262380698550e+01
1.412688658940871100e+01
1.439601079479034951e+01
1.410210597367759178e+01
1.441447740020884183e+01
1.483990785097411802e+01
1.474450131224786809e+01
1.564725483348427382e+01
1.632060604820659933e+01
1.652683011069281704e+01
1.620715745616675107e+01
1.620280863631979074e+01
1.569146799236236411e+01
1.533050839908184670e+01
1.567740280799491792e+01
1.535621086448859884e+01
1.342883644307212343e+01
1.286995808379212392e+01
1.284660634726962769e+01
1.420261570669154416e+01
1.411785257753644096e+01
1.470771955526362262e+01
1.481033014164358796e+01
1.479770181585277200e+01
1.473497416391277959e+01
1.289012807149813078e+01
1.154035806012974064e+01
1.033453687915965347e+01
8.818056086208667210e+00
6.852798735817038356e+00
7.955649434575018830e+00
8.401906276031345655e+00
1.060613265933725202e+01
9.765748125091956666e+00
1.216655461611239986e+01
1.314465955682310039e+01
1.330090276042517949e+01
1.278877569030511552e+01
1.425928552572955255e+01
1.548065598982459790e+01
1.578239807137831718e+01
1.716827037192739880e+01
1.808485212310162993e+01
1.898730646426650992e+01
1.803014837416645122e+01
1.814728397917524916e+01
1.856208555765237378e+01
1.902490549421299448e+01
1.836229742000010390e+01
1.659474101755569819e+01
1.499034393104969709e+01
1.047689403446181267e+01
7.711653146948567183e+00
9.602845858190940831e+00
9.608820485774300479e+00
1.101798772718054664e+01
1.325306897185014776e+01
1.353191128097292051e+01
1.344286744507069997e+01
1.396879752616537296e+01
1.395913092819271561e+01
1.230534630594880241e+01
1.357849685932080064e+01
1.453104447565276125e+01
1.518323905836152221e+01
1.541732265061133411e+01
1.519222176151953718e+01
1.518027002442670970e+01
1.430420484563208205e+01
1.248245867010379051e+01
9.506935996542697609e+00
1.014159865764776924e+01
1.174124482781102152e+01
1.049313723952616506e+01
1.160512155603463569e+01
1.216283052373465168e+01
1.171210189566764015e+01
1.139515532623643779e+01
1.253015873086637200e+01
1.359937395274450189e+01
1.236911763167926637e+01
1.322824862454894834e+01
1.416503562204518119e+01
1.494709796725837947e+01
1.479424097551375539e+01
1.371563756347752516e+01
1.354963529426444069e+01
1.326519030389303566e+01
1.345181439774158605e+01
1.273896338448510868e+01
1.251242021158311246e+01
1.218138495347089112e+01
1.213482395992989282e+01
1.449944356431550219e+01
1.543708376606011790e+01
1.678666399527436326e+01
1.636041593333489175e+01
1.701222660617618487e+01
1.804915905673083998e+01
1.850448086963376326e+01
1.836495881264728069e+01
1.836180115613628772e+01
1.790541201006473671e+01
1.776566072122729523e+01
1.775242313895199686e+01
1.747330580172867087e+01
1.662476365728226568e+01
1.546990320624074400e+01
1.528478138555088783e+01
1.371288346103273703e+01
1.357576462315782884e+01
9.528244506804870895e+00
7.033518503954921286e+00
9.123790411451716764e+00
1.017622351273896264e+01
9.077396448877809831e+00
1.041490284924475063e+01
9.670614227647620353e+00
1.178577218992582054e+01
1.329759201555980219e+01
1.353230213392249404e+01
1.392166821396184417e+01
1.462959099589515866e+01
1.526849230392508616e+01
1.524826814007848697e+01
1.536380432710522470e+01
1.556170136580883678e+01
1.507079987315259650e+01
1.509917325154195922e+01
1.494494612598007421e+01
1.359472296256516444e+01
1.302541798467336776e+01
1.251085389207227117e+01
1.316235032043051412e+01
1.396493359255920552e+01
1.430986414602597279e+01
1.467306307644997965e+01
1.503249949479673653e+01
1.466393950694445891e+01
1.354869350471855327e+01
1.297096098324892743e+01
1.266465398236887197e+01
1.338875544501051884e+01
1.327040031424439981e+01
1.343288378707932829e+01
1.320215155046589750e+01
1.399385439969315037e+01
1.497525810282084358e+01
1.534637312981981694e+01
1.539234804720185146e+01
1.488709966562711529e+01
1.412295050210450142e+01
1.447591378380060512e+01
1.499716764919815581e+01
1.488563534504978847e+01
1.495636181398455733e+01
1.508025298969418238e+01
1.714251239071581878e+01
1.773346984114288816e+01
1.758157560785871709e+01
1.746843077770544639e+01
1.692585584539229160e+01
1.749431770807105124e+01
1.764562552809711349e+01
1.716980827889573646e+01
1.703219999698874432e+01
1.700163663506372558e+01
1.649754828136296680e+01
1.655708066964428227e+01
1.680403177421133165e+01
1.724285079650809038e+01
1.745551146017704980e+01
1.731549208150732966e+01
1.703875470655928837e+01
1.753440447769284205e+01
1.602427009098781951e+01
1.615462797421334074e+01
1.394575197354787477e+01
1.301611439046459751e+01
1.355149772293109578e+01
1.210669429726358715e+01
1.233868740991177759e+01
9.114131509547210186e+00
1.097421534650735886e+01
1.041621706634686184e+01
5.995029538471420949e+00
4.454001829959469916e+00
4.549788818971859605e+00
7.515256925891527828e+00
6.634594335018634936e+00
7.911618127975767578e+00
9.530336224200164352e+00
1.066150795511735794e+01
1.071166431497468707e+01
1.049769714234523832e+01
1.055650294450586912e+01
1.229677913300178105e+01
1.267684592276017597e+01
1.227158976506748189e+01
1.223496670797984009e+01
1.397786137797007378e+01
1.418386426633872333e+01
1.395291697484186955e+01
1.452769343734241048e+01
1.455098911441631770e+01
1.435907803297587648e+01
1.381647938321289182e+01
1.620455856314885068e+01
1.667042579819089809e+01
1.682538334722094220e+01
1.819292787187384164e+01
1.866491606091384980e+01
1.839109695127688582e+01
1.824497245400759482e+01
1.829012162879753234e+01
1.808496935472692613e+01
1.809672549419990162e+01
1.847104621460906770e+01
1.858984551702414123e+01
1.887734913033160922e+01
1.851800426304832214e+01
1.824464714180301428e+01
1.855156918893939988e+01
1.860413190137169082e+01
1.827233771782342586e+01
1.817429287691270190e+01
1.729257217888512344e+01
1.638638576060894536e+01
1.584817303943711408e+01
1.503487363973192359e+01
1.528385528167602025e+01
1.304055012898869137e+01
1.109612832837674468e+01
1.000815218724986799e+01
1.194236264128513092e+01
1.178251903628347641e+01
1.019508539030075411e+01
9.880406333359539772e+00
1.026614188588472132e+01
1.222998150854061272e+01
1.382665551078863686e+01
1.340975113811819064e+01
1.458731023605574428e+01
1.489466381342899659e+01
1.403188203426016578e+01
1.452131343467305946e+01
1.543644228504152238e+01
1.547592788049860602e+01
1.449576888790848983e+01
1.166610688454397504e+01
1.136848506655391233e+01
9.924927114553696583e+00
1.031095739427707159e+01
7.202929752495940363e+00
5.635709294905707267e+00
4.415910992466466567e+00
6.969335274290486382e+00
1.074491213981372084e+01
1.074707080189165964e+01
8.374880671836200108e+00
1.126083460161695093e+01
1.218204666257044444e+01
1.399710111255464895e+01
1.481091229412197130e+01
1.643830692466917398e+01
1.723863942095887225e+01
1.744339377933943780e+01
1.748820407989763837e+01
1.772545904868700717e+01
1.828473847637126326e+01
1.847353263242610311e+01
1.772156625211779968e+01
1.697602121381159535e+01
1.661600498439115725e+01
1.704175626922443598e+01
1.717071620489076622e+01
1.731147252228394251e+01
1.714116805889737094e+01
1.746737464407697971e+01
1.680353839367938562e+01
1.650218097898383718e+01
1.604429139756840073e+01
1.313255125039013649e+01
1.304265139979495203e+01
1.398837833750246773e+01
1.354681464041439476e+01
1.378609115698343857e+01
1.406307984776703179e+01
1.380714728337364861e+01
1.403171088442746850e+01
1.436612879103316409e+01
1.473381676769939652e+01
1.404771144111561831e+01
1.440828503284529205e+01
1.503308015642583584e+01
1.214116472135313529e+01
7.961959025192864026e+00
6.233393706794721822e+00
6.097314902770635037e+00
5.505321397440567033e+00
6.235644859277860164e+00
6.380406089798958291e+00
7.353938517139583908e+00
5.582262623848450289e+00
4.261507494055670975e+00
5.443302167585846618e+00
7.417828511795031332e+00
7.158554752726948855e+00
8.202095944283296802e+00
7.857510545329475349e+00
9.441502324173100646e+00
1.002269982400057380e+01
1.040805974226498876e+01
1.016519002989193865e+01
9.570918623143233717e+00
8.781153835236541028e+00
9.078040210267717569e+00
9.053421681074517835e+00
8.054642167055542146e+00
8.133250407518984204e+00
8.327662865886312105e+00
7.839417441125231534e+00
7.871697819472728952e+00
7.757012575369848228e+00
7.913556140925393834e+00
8.868556030911005195e+00
7.643236819500522472e+00
1.043466037317278783e+01
1.135920393156069252e+01
1.349266814972712680e+01
1.509993805548102763e+01
1.483177413792515864e+01
1.462057281189433233e+01
1.478713105229689795e+01
1.432856430785581558e+01
1.430956881219517030e+01
1.443875476295203519e+01
1.489736479966385829e+01
1.500108087724091632e+01
1.457584416041895281e+01
1.433543706111612082e+01
1.444942251266674660e+01
1.434505698156965536e+01
1.346755683683472249e+01
1.222700604297488169e+01
1.179228468711293587e+01
1.262838136346223372e+01
1.232062389611565401e+01
1.120131333383604932e+01
1.011293001504527389e+01
1.102687556655136092e+01
1.037746652557296478e+01
9.829104052471267394e+00
9.840101091754451801e+00
1.061017696844568547e+01
1.240591056080283394e+01
1.444644714314298817e+01
1.547911207858171068e+01
1.528306232125375175e+01
1.576728666417082714e+01
1.666643050696516326e+01
1.720391963139704217e+01
1.752926858515284181e+01
1.770292503348998991e+01
1.800520363878281671e+01
1.827896332490735887e+01
1.849080064379198163e+01
1.848259744887749179e+01
1.822510698902215864e+01
1.771136499082492577e+01
1.642320302549908106e+01
1.588436503549622891e+01
1.572489227636032005e+01
1.431872716326219930e+01
1.397728932352149833e+01
1.479217936108971543e+01
1.556121951550503013e+01
1.556490649983145502e+01
1.699318508751465018e+01
1.700192432101682627e+01
1.665802919153970052e+01
1.637413450819805405e+01
1.594157084511141420e+01
1.595671586027155087e+01
1.618728535217220355e+01
1.623731578926841124e+01
1.720500328330318496e+01
1.725724264933009522e+01
1.708055637761383849e+01
1.732086955931727701e+01
1.686642379211959764e+01
1.695307708747224495e+01
1.692276786600760730e+01
1.603028765018935431e+01
1.551049221095253294e+01
1.497303198492847720e+01
1.510673629427777342e+01
1.376929560651337603e+01
1.287366636488169114e+01
1.311531112708230751e+01
1.317875576302500562e+01
1.203524885506716302e+01
1.266917714491278346e+01
1.323843074112891749e+01
1.309924066257956099e+01
1.423601708152489209e+01
1.392017847070559711e+01
1.451695192374516452e+01
1.460100402141351594e+01
1.437781079664081219e+01
1.395786612010531158e+01
1.378374639775451271e+01
1.387951123428046607e+01
1.440242890446949353e+01
1.497897144752645637e+01
1.516396327331773541e+01
1.592252082992051854e+01
1.560520456736968420e+01
1.568503006419366130e+01
1.589531513400529761e+01
1.612609657524053475e+01
1.583971063920996336e+01
1.453527782487877573e+01
1.391622549028688205e+01
1.035948945832012313e+01
9.728141793440487461e+00
1.162988357888084323e+01
1.236995538270209494e+01
1.251256187412518628e+01
1.278879299079458676e+01
1.278904970883856151e+01
1.221156540289033465e+01
9.525836860945860352e+00
8.084255865032110577e+00
6.875700905192346113e+00
8.839142228183053618e+00
1.012254008028591734e+01
1.016944570442935358e+01
9.817877812968143658e+00
9.204792287289221164e+00
9.583075007559504144e+00
5.311691573603194882e+00
2.949072848572628303e+00
6.258405978882340293e+00
2.657034895879366143e+00
3.713790765577835717e+00
3.217582301119523258e+00
3.867807396251894403e+00
6.122974207014541648e+00
6.534943167378210127e+00
7.859878442939484344e+00
9.346656891701378811e+00
9.207236761504757894e+00
8.964461856396098938e+00
8.108770908366549790e+00
7.477465628761079230e+00
6.301392785213135284e+00
6.559976363652922693e+00
7.185187480130609039e+00
8.132176128960308503e+00
1.092712765696875188e+01
1.129306413262917630e+01
1.122229203926996810e+01
1.281430221621259413e+01
1.176517864887917320e+01
1.141002417345631237e+01
1.255565734826033619e+01
1.374787604038634647e+01
1.468107853989322109e+01
1.447471699523864963e+01
1.466095609970301972e+01
1.451900502521599812e+01
1.417160617170815584e+01
1.363569794945161107e+01
1.451239313126562358e+01
1.580234820035805754e+01
1.725939628499898859e+01
1.734207387936026379e+01
1.789246331802106127e+01
1.815191094670600691e+01
1.852108054734224041e+01
1.833707462618027861e+01
1.837644369164029712e+01
1.816758111558672795e+01
1.788769233519640167e+01
1.810902038545279780e+01
1.772366320149848917e+01
1.698053873538140124e+01
1.674371187349889212e+01
1.582326489139347991e+01
1.607328166629839217e+01
1.565267965269016770e+01
1.308693831880687952e+01
1.072982536911601237e+01
1.020639784141895845e+01
9.845292238241864169e+00
9.047712194878567260e+00
7.973210021849313378e+00
7.845815012652925802e+00
1.118034051902932369e+01
1.256789508562103919e+01
1.307101771801107759e+01
1.483973456430316773e+01
1.458173359022922355e+01
1.400998317406532934e+01
1.378339423252330675e+01
1.489534655834513543e+01
1.417687014903571807e+01
1.337905791693706981e+01
1.398806304068873985e+01
1.284125426892012989e+01
9.831118188023630466e+00
4.869371645853131092e+00
6.162455058829960031e+00
6.837954295121805970e+00
1.245628210460226093e+01
1.168707310186625747e+01
1.444302913794095389e+01
1.466960334132315324e+01
1.574568571928654670e+01
1.619798660426988590e+01
1.692669956338968973e+01
1.721039105855948748e+01
1.642097330113621823e+01
1.723748355115312592e+01
1.786049991270216708e+01
1.819885309056835254e+01
1.795777148187198691e+01
1.763569767079841100e+01
1.790307614572683192e+01
1.781883003820578182e+01
1.770599113724563622e+01
1.766406998581528853e+01
1.741924304235177345e+01
1.678228348868200470e+01
1.555130589124084040e+01
1.587943485984544090e+01
1.637256198701013332e+01
1.591789616327858603e+01
1.528601768340062783e+01
1.424546183536342170e+01
1.479527042734257236e+01
1.485521135140414550e+01
1.456190333471230858e+01
1.492326933711198400e+01
1.554669512562984579e+01
1.445699460029348771e+01
1.297764939814697627e+01
1.188720835189728220e+01
1.300024693700765255e+01
1.350454823321388176e+01
1.347205978763915724e+01
1.163126481122364275e+01
9.783163399045141873e+00
1.061391746746845222e+01
8.655598855858197993e+00
8.972310501735163868e+00
8.631423658546889754e+00
8.522533803586092915e+00
8.190262742157276676e+00
8.465915408524963937e+00
6.976715042511926868e+00
1.032443795266746989e+01
1.408673095717674428e+01
1.386909620192760428e+01
1.553144450576311897e+01
1.548579178511110932e+01
1.568971917600730492e+01
1.537250657551468436e+01
1.573024333940766439e+01
1.612553702901627162e+01
1.698658997616418986e+01
1.714855593708922399e+01
1.758580422360809337e+01
1.773504318582375561e+01
1.756947930760049204e+01
1.702958370796359588e+01
1.687723704753739540e+01
1.608536282055141342e+01
1.565683532792863986e+01
1.542856011718187403e+01
1.443024775331915244e+01
1.445252314762232615e+01
1.481165574266005258e+01
1.494783153740216974e+01
1.508759775275807158e+01
1.536662985460713493e+01
1.520236181459676672e+01
1.495288142414379529e+01
1.428168526477234579e+01
1.433622633326817208e+01
1.395437073905191383e+01
1.250059602512554946e+01
1.249725041600230924e+01
1.276543510768268419e+01
1.305043940354069321e+01
1.320376853660752481e+01
1.291701333349267955e+01
1.254714510254687809e+01
1.210110761878436847e+01
1.261829429057236851e+01
1.301265331567825534e+01
1.383611570236149646e+01
1.404264563450557546e+01
1.425431918535439380e+01
1.451061425821338702e+01
1.400993814378970725e+01
1.409607300692825405e+01
1.396700995706833126e+01
1.413935997111949305e+01
1.438160649987914042e+01
1.419422588792597750e+01
1.362395826410817357e+01
1.317204417502370717e+01
1.355505524984599752e+01
1.193039489364104533e+01
1.056693514376905441e+01
1.123825208493718186e+01
1.013579506906260974e+01
1.053039606962839159e+01
7.554420673991291579e+00
8.393709103140823302e+00
7.020967801762889593e+00
7.518177839522058648e+00
8.117518416389620128e+00
8.816595896864679816e+00
1.030608352161924479e+01
1.372395572560167132e+01
1.555860021779363045e+01
1.518070834106538491e+01
1.536154997439174785e+01
1.732974145183617765e+01
1.849515948747200156e+01
1.885044172553147490e+01
1.898288768220353617e+01
1.851852919127795261e+01
1.834875960237976145e+01
1.841785872732739548e+01
1.833987618193648572e+01
1.772040218124881505e+01
1.731727135501237669e+01
1.760803080380647145e+01
1.746871200253850276e+01
1.664466775824116240e+01
1.561675986714694986e+01
1.526072763583263203e+01
1.519108656171109217e+01
1.380800563611140319e+01
1.027250425244691279e+01
7.718514557450790292e+00
8.529824244653376297e+00
9.083354474918595045e+00
1.106488696576247577e+01
1.249434626170393869e+01
1.278511172881199265e+01
1.350698495933933252e+01
1.314861187589384173e+01
1.276962328303965499e+01
1.146478479268937711e+01
9.582056996077362498e+00
8.592929334762342108e+00
9.410483446761027437e+00
9.355339980839756819e+00
9.909526504896465582e+00
1.158530446622302534e+01
1.155110324179717551e+01
9.609283528230683658e+00
9.000642484274681721e+00
1.107425087548674725e+01
1.149696399884507514e+01
1.047040791763780376e+01
8.862078486571265401e+00
9.943655709471284965e+00
1.032789283742734554e+01
6.701112232845039429e+00
7.872479198701965331e+00
6.269952939431120420e+00
6.432557042988938711e+00
7.487752242250465429e+00
8.980299579897216944e+00
1.001990556745432670e+01
1.071815589393180801e+01
1.185913157347333780e+01
1.233446643069384230e+01
1.280040313448216338e+01
1.224402249654321650e+01
1.265610345337480958e+01
1.365038181399917505e+01
1.382266208243202854e+01
1.432070308081305399e+01
1.453434819571071834e+01
1.458844249727457765e+01
1.307135331828592228e+01
1.161100072712042852e+01
1.127895630376396596e+01
1.101640866358478021e+01
1.102027077549045231e+01
1.069352894520811859e+01
1.105401631140920315e+01
9.382481558474482952e+00
7.301297769401537074e+00
7.461014523596340098e+00
7.571053601872499428e+00
1.005916178531298755e+01
1.359364229771842680e+01
1.397911479670088042e+01
1.563657669978779374e+01
1.620580997433224368e+01
1.555745156781882699e+01
1.605370809878987259e+01
1.660309929235787507e+01
1.671429768104442104e+01
1.701903248733582075e+01
1.684158801862279020e+01
1.677754881355882333e+01
1.660040337911124908e+01
1.601592207595853168e+01
1.573439970753961248e+01
1.491558427255715102e+01
1.362306708813259881e+01
1.352655998849222385e+01
1.128110146051189311e+01
1.178861737542929689e+01
8.539441045692660381e+00
7.169825621865232534e+00
5.113627977044314932e+00
4.269422756821765752e+00
5.245738390992094935e+00
8.941026604080906992e+00
8.138984315391025959e+00
9.648616420912134117e+00
1.024146210773070997e+01
7.257602635885120002e+00
8.860800701137884872e+00
1.017807248656905195e+01
9.709122147107970946e+00
9.367660805391139434e+00
8.407612839850047592e+00
9.071572177836161543e+00
8.456865321720725248e+00
1.181945244468808554e+01
1.463837795532528574e+01
1.505733200252137749e+01
1.636548268960379104e+01
1.665030171557442529e+01
1.658580690409237590e+01
1.671046668067996421e+01
1.594466608738639124e+01
1.526456294651849532e+01
1.410126046179742687e+01
1.351153151870023272e+01
1.271659497699394592e+01
1.157671939448473708e+01
1.239038142859979708e+01
1.233804670994692643e+01
1.126796940425549387e+01
1.083712315287564465e+01
1.049731772456119216e+01
1.040691024027547940e+01
1.071985936020723429e+01
1.233747936841460202e+01
1.331964705351686362e+01
1.465021344892916311e+01
1.531589499783757091e+01
1.534570029361924171e+01
1.537456662537774221e+01
1.469122998441437566e+01
1.415832958330967450e+01
1.480948351842936894e+01
1.490627137567485860e+01
1.481893712169589605e+01
1.458579690002182971e+01
1.349698392347024267e+01
1.323422564575282578e+01
1.294009778348054240e+01
1.297285244231842150e+01
1.336040019678632618e+01
1.231185685531913521e+01
1.287694245420875738e+01
1.149436243402454849e+01
1.093962980159740894e+01
9.383072263234712551e+00
1.010734953694200122e+01
1.009888915344849636e+01
7.818093707350778132e+00
6.860006560443579815e+00
6.455774588281931514e+00
8.485982540811797037e+00
1.134178099143751695e+01
1.132884603308202287e+01
1.069459475258120840e+01
8.117188752115708894e+00
3.575720772047521034e+00
1.332156185925653435e+00
1.503067407464936389e+00
4.691545388197936539e+00
8.095944676723915379e+00
6.470607821180403008e+00
1.016115966628670719e+01
8.620413244969018507e+00
1.295109459097944082e+01
1.359763207047825517e+01
1.554165687772449012e+01
1.771281673464883255e+01
1.898084527691827716e+01
1.957107830905596657e+01
1.967969337499717142e+01
1.971719084824685098e+01
1.972614789367207422e+01
1.958124698941147912e+01
1.940640731546340803e+01
1.909754768348493670e+01
1.837823291611331200e+01
1.750069208373926344e+01
1.667597865564618331e+01
1.580308138097007742e+01
1.477478707254490686e+01
1.494217451195228641e+01
1.474626522671896822e+01
1.489547009884406314e+01
1.419231991024918571e+01
1.366464123076277026e+01
1.202078932579867576e+01
1.149074997053531533e+01
1.113643779778672638e+01
1.049747879044084442e+01
1.034574941229050893e+01
1.056361274773584569e+01
1.157133124446332673e+01
9.297848196817900757e+00
9.314433449207793814e+00
9.911849703419225222e+00
1.011301671576496375e+01
1.003106590432044953e+01
9.586997964262245375e+00
9.736870600045307356e+00
1.012914171550276876e+01
1.023308725265176378e+01
1.049023181125443926e+01
1.161677389006392858e+01
1.217416567791370952e+01
1.264688194410317834e+01
1.206539867433115631e+01
1.156500633981698556e+01
1.124563576520279717e+01
1.055279969251646222e+01
1.040947375175152345e+01
1.065045495297054501e+01
1.061180937425053550e+01
1.021345035261652612e+01
1.024764865147493609e+01
1.036911246448546819e+01
1.102890573314027556e+01
1.092140704413805707e+01
1.064791652592984406e+01
1.030550622197350563e+01
8.980132032949279974e+00
8.863533526470025237e+00
9.789309523150272696e+00
1.097796877132468474e+01
1.108163905479721478e+01
1.024103049189638348e+01
9.292103320638386066e+00
9.451346947794167619e+00
8.088415865131633353e+00
9.297920380200334733e+00
8.579674622397330808e+00
8.963803552598495372e+00
9.083178413997879730e+00
9.309930356993753264e+00
1.233808628076309866e+01
1.188731875855724951e+01
1.343296353069018423e+01
1.378774923550240850e+01
1.395409826368240580e+01
1.440482869752716510e+01
1.521699346830367716e+01
1.590946914612317364e+01
1.568254132113382937e+01
1.685217143361145276e+01
1.730779322622683125e+01
1.739083966066723974e+01
1.709252511370339178e+01
1.658766738785148220e+01
1.689607957673643668e+01
1.714277003437517166e+01
1.680460057459592704e+01
1.605098845072635783e+01
1.530549608036269227e+01
1.431656443418224889e+01
1.458665360030282088e+01
1.292866274962369744e+01
1.185161278020288833e+01
1.018095373685609140e+01
8.529781605105320352e+00
6.129017056779458628e+00
6.100046152840858049e+00
7.292868464294675945e+00
4.938628918320610239e+00
3.439801200033705708e+00
4.754323033995427217e+00
5.707552920070142477e+00
5.767448878614627183e+00
3.057551492220556000e+00
2.624861747432678527e+00
2.524110990994629766e+00
5.711635896113298472e+00
6.411552501732215248e+00
5.864685079938931622e+00
5.106294698494721729e+00
7.826613173941533219e+00
7.950532368376961756e+00
1.123865493858749964e+01
1.068278154784268352e+01
1.307098947703116920e+01
1.290868119037285311e+01
1.368367841348939606e+01
1.467040625410306554e+01
1.521536815549462140e+01
1.580934526463860124e+01
1.584154197063890201e+01
1.627581714238202437e+01
1.555559645388473022e+01
1.530049644980715229e+01
1.643806055828848400e+01
1.626878913058312648e+01
1.628951968016261276e+01
1.752274671215667468e+01
1.718499034228496569e+01
1.784622477717210742e+01
1.748079455643343749e+01
1.660931450798108955e+01
1.447412583192068780e+01
1.286208081873972553e+01
1.246330434551465238e+01
1.146100705835238287e+01
1.035621998064888594e+01
1.058620051749791457e+01
1.068580159978169952e+01
1.122241633238489200e+01
9.749453626492421421e+00
1.145263443280919091e+01
1.134765914926053831e+01
9.251912922012788698e+00
6.364453609096885955e+00
6.529298038078557020e+00
7.084975607560632938e+00
5.267337227039988079e+00
8.282434073894602733e+00
6.594113427682628981e+00
9.193049522937039697e+00
7.503339309098744359e+00
1.207761688126933919e+01
1.161611559972417851e+01
1.142883778942733031e+01
1.211257561261873406e+01
1.389839629287087597e+01
1.511924864844669614e+01
1.515646068633143173e+01
1.402074978582147580e+01
1.345083365430546785e+01
1.426177871861712276e+01
1.421401079207440254e+01
1.597962685176080200e+01
1.630807197559526855e+01
1.670534387874409887e+01
1.682179495840973971e+01
1.668868646067930683e+01
1.715710843857429069e+01
1.729287813615150426e+01
1.751758914345539608e+01
1.694784211237958615e+01
1.555799059678892959e+01
1.423437599469513692e+01
1.406607764392256854e+01
1.401627259693613681e+01
1.275648927109884667e+01
1.000135797201995658e+01
8.638218219421951005e+00
6.922070257639786561e+00
4.789604229228472398e+00
5.626044754216939836e+00
4.679336776517352803e+00
4.883452328472372095e+00
5.271451736795055076e+00
6.720950410438466527e+00
6.371967933950905660e+00
9.345588727017601016e+00
9.471231840290744941e+00
1.040927909803891005e+01
1.054182723061942539e+01
1.095117953746649775e+01
1.220088606050964231e+01
1.166795235746130821e+01
1.171542221039020504e+01
1.329696337995133426e+01
1.288549550813290523e+01
1.424298603683303455e+01
1.434365880364279100e+01
1.456054159431891826e+01
1.512875284373536466e+01
1.534509843429031051e+01
1.511150308112902074e+01
1.636883384058610602e+01
1.620247603723706931e+01
1.623711125833784763e+01
1.657580721451557082e+01
1.664052250753420381e+01
1.658515502161472455e+01
1.682982677081703926e+01
1.657126857872155767e+01
1.651493352022015415e+01
1.630415423755982118e+01
1.609468327999337589e+01
1.580447389599897789e+01
1.589223582718440930e+01
1.609948761618478486e+01
1.545936972290411937e+01
1.368732241895071411e+01
1.329882626924588607e+01
1.248230058862730196e+01
1.113756285120475020e+01
1.049281276791213813e+01
9.419201968358656529e+00
8.904359962634185166e+00
9.509780684875062562e+00
9.554557867665828041e+00
1.001397600125294041e+01
9.548683730686377658e+00
9.526804697972345082e+00
8.387898526619322226e+00
7.628750331046592947e+00
7.115367183528896078e+00
6.736798292536719579e+00
5.965652263343104167e+00
7.773698370740515173e+00
8.124929584186887155e+00
9.604140738259779653e+00
9.026830879369228455e+00
8.954822605835266458e+00
7.280183568598372013e+00
8.839219109408348984e+00
1.057554161780969793e+01
8.171077242664816609e+00
1.062746266240167436e+01
1.164348366997949213e+01
1.183411632903781374e+01
1.180347680100372898e+01
1.162943332119363049e+01
9.807800196194538245e+00
9.622398225084101142e+00
9.331037126999282449e+00
8.955003033834241677e+00
9.173441852231880134e+00
9.721423054789541496e+00
7.735477231053888403e+00
8.211766287416434551e+00
6.646706351043603078e+00
6.140191687103354390e+00
6.980824972823016950e+00
7.449454612024986488e+00
7.637865157473261668e+00
7.015070945246851153e+00
7.067254787784858827e+00
6.238828898377136056e+00
7.255653215926027855e+00
7.869785170686640186e+00
9.386755041798311439e+00
1.165363502031665455e+01
1.410344417340406942e+01
1.456807925875968479e+01
1.466608137392501376e+01
1.679225396712064722e+01
1.659541483575076626e+01
1.814382661871817248e+01
1.911283570739281501e+01
1.889793736101857746e+01
1.944952522071213252e+01
1.916453435211248646e+01
1.885825511584361180e+01
1.847499903355081585e+01
1.722062242251136865e+01
1.657585759418783411e+01
1.548428777829628800e+01
1.444568906831590027e+01
1.385978713778267313e+01
1.143679867850200971e+01
1.080921345867736250e+01
1.176748202430227508e+01
1.360940361952410527e+01
1.163057622871997054e+01
1.247975439590541313e+01
1.175598574947009922e+01
9.066553616838060492e+00
5.825951399093871608e+00
6.770287358330024929e+00
6.715185901678531799e+00
9.338598475826277223e+00
7.681993692143285202e+00
7.065192722072729303e+00
7.018602802737849089e+00
6.759276907136586132e+00
8.257777845838839781e+00
9.829619594898856505e+00
6.392062431272327316e+00
6.715247744911604144e+00
6.922146248438695082e+00
6.524552518821757907e+00
5.294020557556081030e+00
5.163502282174656344e+00
4.885995652669298472e+00
5.208392543158698373e+00
4.105611932016790533e+00
3.716190508868723263e+00
2.558474896890698513e+00
3.269479077521159738e+00
3.801275939468426568e+00
3.002920697121116422e+00
2.423920450514382985e+00
2.911327048505674586e+00
5.845765994290471390e+00
8.226699903988725637e+00
9.648536469842255769e+00
9.490832633920692984e+00
8.713086821131067694e+00
9.341825627736312754e+00
9.706123713195943026e+00
9.965520155229491195e+00
8.944938672287175763e+00
8.984585416518054757e+00
9.785252060552902975e+00
1.035410174492540847e+01
1.049015507594481633e+01
9.286280155232326194e+00
7.956135316756221876e+00
6.318919129262851264e+00
6.508136707819361710e+00
7.200605565319736279e+00
7.318743490643900174e+00
8.389774209544565764e+00
8.536010009819566591e+00
8.921367473992019015e+00
9.125056078148789496e+00
8.619138246849967544e+00
7.658805087811733969e+00
7.426773084877842379e+00
7.379047460961462690e+00
7.120553424929761732e+00
8.076739786164194967e+00
8.318968156181643536e+00
8.085465693291887135e+00
7.333590544799037936e+00
6.633411355525989705e+00
5.745176548804089123e+00
3.259792942863458443e+00
3.033041699325810470e+00
9.733432789513606354e-01
-1.821613892151781267e+00
-9.789929092696690871e-01
-8.726880180020153421e-01
2.543487667887760928e+00
3.170137075310715424e+00
6.039458931760409932e+00
4.012798767466821737e+00
5.036968645292246194e+00
7.350983320343456029e+00
6.097113666962617806e+00
6.260337752587505022e+00
5.452411906800035624e+00
6.949411175226520854e+00
8.341534966513815874e+00
8.430327690186182110e+00
9.666662042997607784e+00
1.070574167768146978e+01
1.072676760284230468e+01
1.129709914698874051e+01
1.171915367700983168e+01
1.101021816380779939e+01
1.111520935915946495e+01
1.127353852384887745e+01
1.147451437778889805e+01
1.147465117445143434e+01
1.084335088152370830e+01
9.248493510317317146e+00
7.940475670050589407e+00
6.113917048962082212e+00
4.284904848291282597e+00
3.064197707019186367e+00
-2.806594971271436201e+00
-1.097593197677185106e+00
-1.561301543243125201e+00
-2.501481235063327979e+00
-1.301581898932461234e+00
-4.022911568984896546e-01
2.442858301811343669e+00
3.186975687186494710e+00
6.456941623696054400e+00
5.594557101958982592e+00
7.133113410425523604e+00
7.513751630778767066e+00
7.359979461619150953e+00
7.009436787433468652e+00
6.427431665274657924e+00
6.037454802922262331e+00
5.194015230913516135e+00
4.307374530578020888e+00
3.188577516323176653e+00
4.138404693593622063e+00
3.462079673391055046e+00
4.128594557693236133e+00
5.306255526908454812e+00
7.786944645721343150e+00
8.919211576902609906e+00
9.832987065609641419e+00
9.281066799759081221e+00
9.165798656853707982e+00
9.399873761965828578e+00
9.931568746122515279e+00
9.942807348681601098e+00
1.011945053835460584e+01
1.016877011416590548e+01
1.019588733111051937e+01
1.006028306125308447e+01
9.750172961212314249e+00
9.786038868659703738e+00
9.182716978377982286e+00
8.471483136287346838e+00
8.526525615321570939e+00
7.447541179817362078e+00
6.997762505316790893e+00
7.462010509340847975e+00
6.787670278102684307e+00
5.438670856167621359e+00
5.280980002866209055e+00
5.762195747627115949e+00
7.052901758011893563e+00
6.452532511144227101e+00
6.525360944793755280e+00
6.314617094707748457e+00
7.321414329143888011e+00
7.455314121103295832e+00
7.365589690771013665e+00
7.131379113592347885e+00
7.155563980062135343e+00
7.203953725689675736e+00
7.198570567285126565e+00
7.200030917393219987e+00
7.755926986801581435e+00
7.942009142395651367e+00
7.816965217679600286e+00
7.977890389656650427e+00
8.237065626811478580e+00
8.260587851480300614e+00
8.010054921544430329e+00
8.436462233627896268e+00
7.476674362686810404e+00
7.244999872153496945e+00
4.746798689130659277e+00
2.907625521299128213e+00
3.336031538139478059e+00
3.157523990909009370e+00
8.325200693407079910e-01
3.810356012460393987e-02
-1.092033818748416873e+00
-1.846063782133257725e+00
-2.512375549436232536e+00
-3.468959005764448822e+00
-1.758024380995498959e+00
2.895136373071953706e+00
5.479033045046174166e+00
6.904771096676860509e+00
6.790469566352567377e+00
7.248346366261601226e+00
7.042554417593010818e+00
6.868157246035253571e+00
7.561493580314627927e+00
7.159397484222576047e+00
6.090221128888932967e+00
5.744419486118578888e+00
5.494700885417779901e+00
4.674970530402719149e+00
4.791874058949485260e+00
5.156337942181247413e+00
5.700218746317107232e+00
6.462802945799511534e+00
6.175795710650571202e+00
6.634844013424805453e+00
6.412325125414056970e+00
4.619579111234282109e+00
4.545554005102650841e+00
3.140864168585793426e+00
2.597844264239657086e+00
3.091414292875542369e+00
2.663500933363494916e+00
2.583322691211032307e+00
2.992726977624920348e+00
2.879677382582968015e+00
2.537136940145465758e+00
2.378179873790907006e+00
2.330151201646199599e+00
3.009715011489903613e+00
3.441147370828469221e+00
2.859514014850730312e+00
2.515836801681430313e+00
2.984525295576175186e+00
3.458984890763730391e+00
4.689425307880314087e+00
4.692278460246187777e+00
4.609472640247119557e+00
5.228452595030765870e+00
4.799465251233839602e+00
6.083120903095138310e+00
6.104469239241545608e+00
6.175040530619225976e+00
5.136189856214810057e+00
5.915472435707124887e+00
5.676266237368037260e+00
5.335607385114924384e+00
5.352027415551511069e+00
6.008811471225580014e+00
6.220087578777182102e+00
5.787855959432061326e+00
5.172413945025042814e+00
5.440356046648412658e+00
5.416494236671559825e+00
4.635404048165096214e+00
4.391963111318277768e+00
4.662750808550671699e+00
4.941643751034590970e+00
2.200683296300333769e+00
-1.683193430836906757e+00
-2.536897985866444216e+00
-1.645423912890364937e+00
-2.512503377523625403e+00
-3.291337757515795381e+00
-1.819915707405140637e+00
-8.518596609816709089e-03
2.963440939585118450e+00
3.364951654578982598e+00
5.395420455053448805e+00
6.350363425682756358e+00
7.069087692272648660e+00
6.920882750667361805e+00
6.744095699471924554e+00
6.851004181390104364e+00
6.782954292683901265e+00
5.334443075632449016e+00
5.033683769456002821e+00
4.843011246029595540e+00
4.819629206830616575e+00
3.880011842259295740e+00
4.259938407225519974e+00
4.658889349189831997e+00
5.252228522440859138e+00
5.565368825429642285e+00
4.512289228663622254e+00
4.186857161619849776e+00
4.075452952713455979e+00
5.227686853286332536e+00
5.350628204579006564e+00
6.107077425704866336e+00
6.182129485977515770e+00
5.205223570857566706e+00
4.536948547049814096e+00
4.868561014900556927e+00
4.769530447398862449e+00
4.211155345690552387e+00
3.032678910140463202e+00
1.532330811291565675e+00
-2.096390419901678293e+00
-2.041830942360062018e+00
-4.296619098081922772e+00
-5.951345164602023452e+00
-1.443071360454910801e+00
-1.057943640128018226e+00
1.440638018056912273e+00
4.736758199660071611e-01
3.192879667755353923e-01
1.500135608193257308e+00
2.125356055494423746e+00
2.766424189987396254e+00
2.802390950161671945e+00
2.862708836848089966e+00
3.473252623594230926e+00
3.585473457628038041e+00
3.857270800703406444e+00
2.682055372478108879e+00
1.565180197814216578e+00
-2.819276347149117790e+00
-8.573468830868606005e+00
-5.410825647890083800e+00
-3.280572524588663441e+00
3.033724988554368229e-01
3.580550267781261731e+00
3.183777156470209313e+00
5.777338660644179669e+00
6.832886017178747551e+00
7.880148579793329944e+00
8.011046162846017893e+00
8.460098668486077500e+00
8.252482953439345792e+00
7.378346380453963960e+00
6.361973259458970631e+00
5.648412658122838437e+00
5.569068028671104287e+00
4.940555962898011799e+00
4.554915700273383550e+00
4.699146198857518719e+00
3.215204545436632255e+00
8.540249910542256906e-01
8.103117043892563154e-02
5.031250410855010458e-01
-8.125567639909915263e-01
-9.438322799909197869e-01
-3.550791609752390054e-01
-8.068571182907889883e-01
-1.680569954322963799e-01
7.757658690912874189e-01
1.814755331922220272e+00
1.697118589263301836e+00
2.439313073833950352e+00
3.756798042621078082e+00
4.251237732822015225e+00
4.939935354720481619e+00
4.454008174746063808e+00
3.872667179655212344e+00
3.822675941850789627e+00
3.725765391283894612e+00
4.201289211043758520e+00
4.411270342792966481e+00
4.393856259662907604e+00
4.158995344999204313e+00
4.520278198562316163e+00
5.284197195751726639e+00
5.213465155728252753e+00
5.750516205223172861e+00
6.065706696249474561e+00
5.781669656958294823e+00
5.030598172841271420e+00
4.729283052856713354e+00
5.063828520353834683e+00
5.464197585298623316e+00
5.068026207595642596e+00
4.905393248653970417e+00
4.184512692305048631e+00
4.019581203984695428e+00
3.448423931447372581e+00
2.368610466447736762e+00
2.854156573047665901e+00
1.377892236997502184e+00
1.234603924893920457e+00
8.266409000472789703e-01
1.815907540996130054e+00
1.851463164774508119e+00
2.388533666964179236e+00
2.282029801870415930e+00
1.913842120421491932e+00
1.780785564377904251e+00
1.745020919918823799e+00
1.723480989517236495e+00
1.520773335181918595e+00
3.114070746227153741e+00
3.510507856155020701e+00
4.324803733987018006e+00
4.455290503393258383e+00
4.782971705797470108e+00
4.631949207729472384e+00
3.065098750801262817e+00
6.496198354065343405e-01
1.079436426324589027e+00
1.271368949048206298e+00
8.425040725296610855e-01
4.940773150008639925e-01
3.260501041194902028e-01
1.968275521908823822e-01
4.005337845776263950e-01
5.281494760400515798e-01
1.295158958312851993e+00
1.278005467995954048e+00
6.462962863268590930e-01
2.318654606217324388e-01
1.153477016579450010e-01
5.358055333119150498e-01
1.458680550841731316e+00
1.601758306512697239e+00
1.366947997135983695e+00
-2.939036298950363779e-01
-9.693501813319678195e-01
8.384237616869607557e-01
1.241287305029523669e+00
1.485366834751047138e+00
1.303813959717621485e+00
9.186738980624997719e-01
-2.665631056125914000e+00
-3.534219176993028011e+00
-2.401366725525599488e+00
4.750742739263719150e-01
2.924857740284686258e+00
4.093498544302562436e+00
4.226253573597078983e+00
3.694561615077009975e+00
6.068646784847694597e+00
7.236817037771647421e+00
8.483907211235655055e+00
8.783222430861915342e+00
8.907206611419940856e+00
9.203619052887880514e+00
9.582962071871904186e+00
9.740882424292768960e+00
9.089677726379662204e+00
8.408770336151153657e+00
7.027943404150139628e+00
7.245940838267421746e+00
7.288882418309002631e+00
5.422693075872169644e+00
6.337293963804792263e+00
5.550017654560717162e+00
3.818039941208095644e+00
6.819543617189114393e-01
6.651588407644831724e-01
1.306116697756607159e-01
1.097872442949400007e+00
9.329248704024807326e-01
-2.536303601395780483e+00
-4.879926793911678828e+00
-5.869691620195965243e+00
-1.705558959559134724e+00
-3.215103756901926513e+00
-9.532082891117894530e-01
-6.463050627502640033e-01
2.450645511912376562e-01
-2.099740564432452938e+00
-8.076195174950144828e-01
8.123556083938205941e-01
2.417891161634571517e+00
2.941990462924606309e+00
2.544717091548191590e+00
2.308404895314329242e+00
1.730809563001808105e+00
1.573531218447472790e+00
1.422289464818302207e+00
-8.071053305395876620e-01
-1.204243819820952188e+00
-4.066441542682533772e+00
-4.862115316921315156e+00
-2.602778530848679051e+00
-1.984846160130707027e+00
-2.120264544998113898e+00
-3.408563130155630283e+00
-3.275766476425632234e+00
-4.980854174050968197e+00
-6.226841670711019461e+00
-5.468931386005440487e+00
-3.589915688252004244e+00
-1.692599627404458795e+00
-5.238315622077263090e-01
-7.311138208550598261e-01
1.491231212041619347e+00
1.536617484562924574e+00
2.104308970700081272e+00
2.589055455774925463e+00
2.408506123948691791e+00
3.078306546441615499e+00
3.410424466138239907e+00
4.985971467466986162e+00
4.975409767445329479e+00
4.730366389535451965e+00
5.769307148488338477e+00
6.259911090866459915e+00
7.335199073881597087e+00
7.200567890538078331e+00
6.978812192345746901e+00
6.618998321467416623e+00
6.340964710227580348e+00
6.710639377817479989e+00
7.087882480344385172e+00
6.580088845147484378e+00
6.553344437690032720e+00
6.788469841089884937e+00
7.503342647099790597e+00
7.798502012859024113e+00
7.847733489168642329e+00
7.847022278793758687e+00
8.113373399225315197e+00
8.127273904600622600e+00
7.858126932866608350e+00
6.779437726352703031e+00
5.258969596015514725e+00
5.471535858910170802e+00
5.526281773468793013e+00
5.446864971786236964e+00
4.025041569730652746e+00
4.067622238168631554e+00
4.369894160286424523e+00
4.763928156091242982e+00
4.808593785747651950e+00
4.416755730088411269e+00
4.317093818604933020e+00
3.882308506697555561e+00
3.288749649187870716e+00
1.231068284054925410e+00
6.497404200838534649e-01
7.889652127370966328e-01
-1.698525824586730737e+00
-2.134722005623935992e+00
-3.443386952771938070e+00
-3.155467650358759535e+00
-2.976200383130835014e+00
-3.996561000027726962e+00
-2.363564432957932837e+00
-1.453872943266508511e+00
-2.194489520537031613e+00
1.197896322212668618e+00
4.548384994062208087e+00
5.385674024316140063e+00
7.443672740354366546e+00
7.827106289184885490e+00
7.771692854475920065e+00
7.987805120220299315e+00
8.204368832510409604e+00
8.312872043105354436e+00
8.257056924298966649e+00
8.237928244251728316e+00
8.492597102416507227e+00
8.390294556392477787e+00
7.942709554595163368e+00
7.838193559192129456e+00
7.462871430149119689e+00
7.934378684778238267e+00
7.994867193565347030e+00
8.006384167564991827e+00
8.067763915758618509e+00
8.601397359748059301e+00
7.706466529745952698e+00
7.567886372874994549e+00
6.450624326409069020e+00
3.788998473760956998e+00
-6.213794167988757611e-01
-2.945051714945838839e+00
-1.761342703413825816e+00
-1.354443229146687910e+00
3.449085232596172723e+00
5.165473661193615840e+00
4.972999004650410448e+00
4.138291433742717018e+00
4.267777210698358026e+00
4.623835777945115133e+00
5.747183541384797145e+00
5.709934554614739532e+00
6.762114804534300916e+00
8.423582569997471126e+00
9.472176693343341114e+00
1.004311521872338808e+01
1.021803702807995862e+01
1.055716005485129116e+01
1.074076353470211131e+01
1.054970832121947311e+01
1.031330702098810015e+01
1.050052772976093252e+01
1.069879944150259021e+01
1.059528606219087621e+01
1.093047931753940105e+01
1.087587334289703556e+01
1.051574687543976339e+01
1.037745547494134257e+01
9.977165951847538850e+00
9.744231943179954669e+00
9.967662144575747618e+00
9.937466824614446637e+00
1.003902258577332773e+01
9.205622107916335395e+00
8.294050879910702889e+00
7.650883877854708359e+00
6.719202372893780861e+00
4.937246276593393546e+00
3.983784963477735808e+00
3.686782284207588134e+00
3.981394560932752125e+00
3.309210026537967142e+00
3.947156874522396830e+00
4.381048974071610758e+00
4.875997866694688376e+00
5.724263749149617553e+00
5.646181465959429602e+00
5.534786322529848590e+00
5.872920840503363493e+00
6.235241320837763723e+00
6.199176932744675739e+00
6.020894378466431718e+00
6.509296466548159188e+00
7.007804703550761793e+00
8.486271337252244251e+00
9.340617736581892316e+00
8.974078237748491560e+00
8.992364847470241784e+00
9.228692625732790589e+00
9.622267595035422616e+00
9.605222465023867784e+00
9.486062776877769664e+00
9.766644259757457647e+00
8.829713377218867620e+00
9.005398203854607431e+00
8.697112748342052058e+00
6.762569159911040018e+00
3.358822033399760265e+00
2.093837202157417643e+00
1.908678175655956100e+00
2.933922760886164660e+00
1.990732797261143050e+00
1.472331421324924339e+00
3.361012383976832218e+00
3.116702581749150269e+00
3.284210264615492481e+00
3.765865665750269820e+00
4.953918354619762709e+00
6.088506369674567154e+00
6.083806810977005597e+00
6.071863773855752378e+00
5.246867200395870512e+00
5.928229426865467389e+00
6.414471083908257043e+00
7.175433225313476271e+00
6.370380862531223265e+00
5.013499316391374805e+00
3.864438981303468967e+00
5.010516872960046442e+00
6.263402537447758434e+00
6.500690115565667782e+00
6.050168541344892681e+00
6.830368715740786634e+00
6.406590416335439464e+00
5.598948303513631153e+00
5.015211216431747943e+00
4.714590352688886377e+00
5.360224202672727145e+00
5.114293490406078391e+00
5.077669839361140802e+00
5.002280080002570628e+00
5.131149580256590959e+00
4.234821418111332392e+00
3.984960676649135003e+00
6.412678877107311770e+00
7.140666083199076475e+00
7.653378657069498381e+00
8.139099773708034391e+00
8.317734972840209906e+00
8.698267468607166819e+00
1.033252356377794179e+01
1.116736672919797257e+01
1.162131657263497431e+01
1.212871206717680117e+01
1.200728446321063103e+01
1.166851551871710235e+01
1.164816898889364438e+01
1.191792076440185255e+01
1.179380760640353287e+01
1.223484273191194660e+01
1.209376086052683164e+01
1.084848922357249101e+01
8.418761419871591656e+00
7.494702200758935895e+00
6.696813912743564856e+00
4.781795411129040829e+00
5.225381569089433853e+00
3.835972097948968873e+00
4.242836614467115020e+00
5.014849163036543267e+00
5.031995274188984624e+00
5.701717068680962619e+00
8.308676446676649618e+00
8.458627088100495683e+00
8.477484630564838142e+00
8.091951881767748489e+00
7.992895097116681669e+00
7.994849441911560106e+00
8.157818746705187252e+00
7.300955867520702469e+00
5.970857250108086767e+00
2.976702847902248372e+00
2.959878259016189617e+00
2.738865093264307049e+00
3.219861163562906192e+00
3.669398481935770562e+00
4.382613166286401629e+00
4.946132533994928693e+00
4.200326890166932614e+00
4.135188744060014798e+00
3.429796590607139262e+00
4.381281649772384768e+00
3.986291245548552187e+00
3.316786071847648287e+00
6.146748444533426614e+00
6.363548042277294314e+00
8.265463710151996324e+00
8.893718625191533889e+00
8.612979737446453399e+00
8.148923807542047371e+00
8.024885646512455395e+00
7.945947746819156166e+00
6.380309066281472319e+00
5.419418386677925525e+00
6.363808871081810814e+00
5.500938477804978355e+00
5.098839972668603338e+00
4.935094501182392790e+00
5.034971725069249615e+00
4.948024864151940427e+00
4.384873650389459421e+00
3.568844026537523195e+00
2.764569389755527240e+00
1.306002479203518973e+00
5.323425735438087614e-01
-1.709150823336307717e-02
8.556624059796262838e-01
1.233399333073044390e+00
3.449466291753571223e+00
2.875122217155424487e+00
4.365562906206923444e+00
6.383474379476707483e+00
6.065672667486237124e+00
5.456970072980680264e+00
6.102974501508606764e+00
5.052181060990004191e+00
4.183349519769690161e+00
2.506015296487678068e+00
2.536315691343894230e+00
1.148910475371436757e+00
1.343443253072842847e+00
5.201897713308915039e-01
-8.756404761794279734e-01
1.311130655131252931e+00
1.516105976744302364e+00
3.168541840636187601e+00
4.557565459093684268e+00
6.613945349506693105e+00
5.676117804781747544e+00
5.485016436000429429e+00
6.054811864166762092e+00
7.078264493502137711e+00
7.316402740848038988e+00
7.291454914954959676e+00
8.081137612090735445e+00
8.800478516898655457e+00
9.622459495576155319e+00
9.542943845392736435e+00
9.081513319613618407e+00
8.518887933867389961e+00
8.310202379202367595e+00
8.107795388367517120e+00
7.264965930294373209e+00
5.985357924813841990e+00
4.443725078954448016e+00
4.129269790585164301e+00
3.519469528110607648e+00
2.989982540107794406e+00
1.165223514381848346e+00
-9.104360526196948467e-01
-3.331187290632643183e+00
-3.765299914019188066e+00
-5.680838162917645207e+00
-3.520078378566522392e+00
-3.207893680465894626e+00
-3.274483771239416363e+00
-8.459394994326083772e-01
-8.309063077433150035e-02
2.433713159712196816e+00
2.344508244099609673e+00
2.836487241661447278e+00
3.052574646507456357e+00
3.383481800816857898e+00
3.676084537957743592e+00
3.942983259389595041e+00
4.003179154101307091e+00
3.287548752443630207e+00
2.583953815708154966e+00
3.806013905414084575e-01
-1.591620302462962155e-01
-2.476416287718912757e-01
-3.520637106539244998e-01
-6.098822236102051653e-01
-8.787993686236993396e-01
-1.097598005648829173e-05
2.250841805071231327e+00
5.661673229925594519e+00
7.760149888248545125e+00
7.292371159952445225e+00
7.148581062305490619e+00
8.143679873779436917e+00
7.807863315924842951e+00
7.931328323625529642e+00
8.065630484310364778e+00
7.659329416803455359e+00
7.570320999616571456e+00
7.727085752182655476e+00
7.799046173900670453e+00
8.012666147164537733e+00
7.847646365336272467e+00
7.996286557682395824e+00
7.631856524122207830e+00
7.323009166445768159e+00
5.918372623264965604e+00
4.397138954904498576e+00
3.351240518968911175e+00
3.812599647587248342e+00
2.508868701551607572e+00
2.122858468742999438e+00
3.044542735930984456e+00
2.731429204204620653e+00
1.197514466120165988e+00
1.262891214288581310e+00
1.056614780532988629e+00
2.913918029192986633e-02
7.419503452607547622e-01
1.312141676880534291e+00
2.360980302026978173e+00
2.570485417352172952e+00
1.517164302143223065e+00
5.740603640057193591e-01
-1.770626873076186270e+00
-2.237701912828363948e+00
-1.764703538166758623e+00
-1.159855516835184508e+00
6.234401923435372028e-01
2.037824543600093019e+00
3.527691464006852406e+00
5.766642400692455261e+00
6.514305161981481795e+00
7.310293167921827262e+00
6.938472573832377144e+00
8.249390092787168172e+00
8.442235717498160597e+00
8.960133449119373594e+00
8.931944027861248969e+00
9.216564786793920661e+00
9.510302240768757187e+00
9.364600411701097471e+00
8.249397523451296621e+00
6.552619685773814595e+00
5.785429397315962952e+00
6.264941476758492556e+00
5.102041269153783531e+00
4.847716039151148237e+00
3.917606151388442370e+00
4.461280395552706501e+00
3.938959466122797348e+00
3.027748724474015773e+00
1.505352101447421154e+00
1.799446833370008214e+00
7.479800990092683177e-01
-6.945701164970269348e-01
-3.484391878212980131e-01
7.681465836252603374e-01
-6.979082865390704438e-01
-4.880939888122327042e-01
1.680140609274659580e+00
1.760149720931966311e+00
2.631174177249631096e+00
3.894477311376121076e+00
4.343465973296593674e+00
4.213421704382294131e+00
3.549094223769651002e+00
3.892426066089119452e+00
4.775980664742189852e+00
4.429549104368510015e+00
4.493404573843759131e+00
4.722488536308335760e+00
5.207080936544143057e+00
6.117614865043235817e+00
6.356132380309889029e+00
6.131558615737761286e+00
6.073802782853122473e+00
3.966778115075388023e+00
3.818190768068173035e+00
2.918658512065197996e+00
8.654685072516683508e-01
3.963974567096748558e-01
-4.234796644591227732e-01
-4.669574134423790102e-01
-1.408189600121787233e-01
-1.330596784385578435e-01
-7.063654437059170288e-01
-1.412392252225401101e+00
-1.667417255276448795e+00
-4.252614872913350608e-01
3.009724645962565948e-01
2.200998341747547826e+00
1.148281707236377791e+00
1.873910304795158632e+00
1.924687462773946867e-02
1.295031239074194707e+00
1.928000425223091119e+00
1.710095549232784506e+00
2.630240346320516842e+00
4.112635144560288225e+00
4.924898539396870056e+00
5.030617896349365736e+00
4.684887140763278168e+00
5.301416624495026042e+00
6.094521248735088825e+00
6.177885961519451463e+00
6.333825085603276506e+00
6.477550886312291034e+00
6.437367153363538819e+00
6.177879786881867119e+00
5.975112661192469865e+00
5.273615548871406489e+00
5.529539224994540092e+00
4.344299450556418307e+00
3.242281442437567662e+00
2.832430025794134831e+00
3.275413280674955185e+00
2.961472825786252372e+00
3.236483814423553707e+00
3.039366321169598262e+00
2.510977316953613592e+00
2.420606598546310995e+00
2.537615710980432038e+00
2.300346604290597785e+00
2.534500126421977417e-01
2.706448440082431239e-01
9.216941716969994092e-01
1.153632896103531147e+00
1.654313395913705520e+00
1.064779683483600081e+00
1.368180537064055624e+00
3.560759179464290658e-01
7.713093170003719745e-01
1.439706823704845373e+00
1.567069004977252655e+00
1.494067684155049314e-01
-6.654670050354203337e-01
-2.407958348596091369e+00
-3.251346945525376952e+00
-3.730952342298742508e+00
-2.479842295034639044e+00
-5.098717227978509570e+00
-4.420763191660648239e+00
-2.664942422357399199e+00
-4.178027022661244816e-01
3.693895464376181770e-01
1.423449111225316477e+00
1.680798629178935633e+00
2.399707943084415707e+00
2.788543162594777414e+00
2.494700265671792927e+00
2.867285872049052387e+00
9.934634446993549917e-01
1.116133249119628079e+00
-3.169269390180839974e-01
3.524620139291828602e-01
-4.913452003140561519e-01
-8.594618268902219915e-01
-6.818624723452104686e-01
-3.634174666538666720e+00
-4.318686253794633778e+00
-1.931900847359230067e+00
-1.704301546165668757e+00
-1.474377087044649759e+00
-2.452845918501299627e-01
8.866790628942429198e-01
2.794801462281807147e+00
2.201677139005856709e+00
2.524872123829747572e+00
3.455396031583751970e+00
4.765333168174082701e+00
3.416180476037800506e+00
4.391675736960076293e+00
6.043284025453522723e+00
6.697736978111533901e+00
6.972894144290227914e+00
7.502266465924103400e+00
7.609667900023341147e+00
7.718019833518365402e+00
7.033036161090468141e+00
6.982461273835241400e+00
6.858840782527169999e+00
7.070038387104162325e+00
7.156507948508901151e+00
7.026377483607286756e+00
6.431559137917251867e+00
6.540574855059661630e+00
6.869889312766775724e+00
5.137473898948783813e+00
4.866218463546413631e+00
1.754823692846848804e+00
-2.140623904299934654e+00
-3.191684473448260118e+00
-6.334320651668735813e+00
-4.933438291787510366e+00
-5.856132012331489278e+00
-6.176398704386532934e+00
-5.032868600266616532e+00
-3.451844648431358742e+00
-3.519139658044311503e+00
-1.088918403638458043e+00
3.873098503595322484e-01
1.656311288194309617e+00
9.264775914079376173e-01
-1.916720431769832755e-01
-5.768318156946055097e-01
-1.054602222916727117e+00
2.903605500725860988e-01
1.325643162052933866e+00
1.382210561673827609e+00
1.832094002174267322e+00
1.761526398295884199e+00
1.395998929437585634e+00
1.883418653619137517e+00
1.691030769790504484e+00
1.814268081543194633e+00
1.874025019617195031e+00
1.333107243801063602e+00
1.537311163980685569e+00
1.134956638328834089e+00
9.080851958034806548e-02
-3.608153106489858097e-01
-1.079621629090284779e-01
4.297546518804879478e-01
2.404806388470257072e+00
3.779789211436115348e+00
3.704541566962220589e+00
3.329492370952411129e+00
3.434625788954539516e+00
3.737569318194938539e+00
4.254968001627394081e+00
4.278264243914499332e+00
3.991039121799999645e+00
3.814121724755244358e+00
2.890410591615567348e+00
2.309015036640372109e+00
1.455994624915493363e+00
7.267392483647644452e-01
6.050886437913028937e-01
1.194514963690324949e+00
1.350346298682218116e+00
1.499445869231806672e+00
2.049943294744102307e+00
1.974559967658393367e+00
1.416424770447886505e+00
1.752240015706971299e+00
1.498788694997520210e+00
9.603179312428860026e-01
1.826715347865501549e-01
-3.570271781665818045e-01
1.307049611922919130e-01
3.285973075822185563e-01
-4.638944979877887564e-02
5.344860874772978665e-01
1.449780667328792294e+00
2.275910673203634715e+00
2.398860768101137353e+00
1.869361012289461277e+00
9.106783383516583452e-01
6.422801992632166668e-01
-2.407826096434184215e+00
-2.926019848035317228e+00
-2.393717491296142530e+00
-2.497267360608913300e+00
-1.255239310082081561e+00
-3.287053476815404718e-01
-7.761465962689197973e-01
-5.666055610176036136e-03
1.064567644239402089e+00
8.472349220500835498e-01
1.072560781278855346e+00
6.287374801835616811e-01
1.400503520738040963e+00
1.354826215795120081e+00
5.729573322514811551e-01
-3.057140231525025398e-02
-4.390917055269961122e-01
5.337332885458643261e-01
7.716170789977296884e-01
7.125693423045537100e-02
-1.102331153426733046e+00
-1.661689249763078413e+00
-1.439342537231976138e+00
-1.220938539574633053e+00
-1.027030930927425478e+00
-2.026666161913901476e+00
-1.742769853186327600e+00
-1.919446586146480893e+00
-2.655325417676059896e+00
-3.678618445275826154e+00
-2.644251473812956998e+00
-1.246886376167208432e+00
8.692041639338803360e-01
2.746435274490127032e+00
4.731711910703355173e+00
5.661003985493571200e+00
5.751853232024604523e+00
5.623949547786992298e+00
6.336862071153438691e+00
6.486255939475899623e+00
6.933420771995921328e+00
7.814586053250383912e+00
8.338036621483778887e+00
7.955669087653425287e+00
8.298871436851856132e+00
8.852578577146561045e+00
9.039133806267070526e+00
9.061400037252326456e+00
8.373164635336202366e+00
7.807723029297068074e+00
7.043186365316299380e+00
6.417702763618909678e+00
4.278453856010340672e+00
3.166170644123429856e+00
2.066239280800600042e+00
1.481687125451144116e+00
1.762112826591755166e+00
1.844399431852431270e+00
9.436665254502097921e-01
1.385432021289354720e+00
3.371188658926413950e+00
4.137053561853132777e+00
3.476158062678782024e+00
3.548971987105807191e+00
2.999663186216561694e+00
4.006006833320010507e+00
2.772868657732829867e+00
6.740612038922068061e-01
2.533311317600257795e-02
-8.710828019764198515e-01
-2.932078735195860375e+00
-7.109206187758200457e+00
-5.449747879968653841e+00
-5.294653561059469382e+00
-6.864120274935896049e+00
-7.479192182995310745e+00
-1.319724828988581677e+01
-1.137659939681352661e+01
-8.360039376616498430e+00
-1.995134358762923554e+00
-1.043642251138525490e+00
-1.270777054093230385e+00
3.694640281764167700e-01
1.279405990808588356e-01
1.839829149039078349e-01
2.392021166225142714e+00
2.616671011016237891e+00
3.453142380296503333e+00
3.914528030493109156e+00
4.738771144293727033e+00
5.019308445027448329e+00
4.995867833693639071e+00
4.918800621402886541e+00
4.965873176691955493e+00
4.693561944106196648e+00
3.449455335060649386e+00
2.022192433854727245e+00
2.237730078169494430e+00
3.471370327089302155e+00
3.912821373977371842e+00
4.849214659725075371e+00
4.796822036130982347e+00
5.038150892590069319e+00
5.366945761627847311e+00
5.059969767028230869e+00
3.841640360099669582e+00
3.337681931964290527e+00
3.242456916233322328e+00
2.985697951071232481e+00
3.156506278415172506e+00
3.456976644667556720e+00
2.689468039779413289e+00
5.103584601391865094e-01
-1.158472463420831822e-01
6.507808444115139590e-01
-2.036935270759812511e+00
-3.448851444740649086e+00
-2.716129186597134648e+00
-1.546463037808117225e+00
8.580257608226905808e-02
5.246167028424117973e-01
1.616442339038033138e+00
2.041583336720756758e+00
3.342641117925205130e+00
3.520504455094751073e+00
2.642103179604294638e+00
2.881107548838603982e+00
3.668506592417218215e+00
4.649484733146893589e+00
5.209612873461240135e+00
5.052386103637960701e+00
5.450691336798008990e+00
6.459378429373996866e+00
6.715826183660138504e+00
6.323436406994141556e+00
5.989629944777947301e+00
6.066529771807919857e+00
5.976241597468582967e+00
4.935739832450955156e+00
4.370223787552436789e+00
4.722430771598800980e+00
4.995001579949151171e+00
4.878599318811308372e+00
5.074012597318242612e+00
5.378365850311348950e+00
4.837870787069531886e+00
3.272034137499977291e+00
7.340770688703618374e-01
-1.089425326696957574e+00
-1.143850691425474908e+00
-5.752646427090162273e-01
3.210868176770698135e-01
1.589065846923956027e+00
2.303985913778408445e+00
1.730496796986869867e+00
1.926634697192426415e+00
3.458821159600969253e+00
4.383075115533841881e+00
4.120338600263943718e+00
5.115832697788587957e+00
4.901809031571426445e+00
3.656017712811738374e+00
1.635212132342588109e+00
1.586337207393504700e+00
2.160351800501477015e+00
2.042217052550430179e-01
-1.878696483186897970e+00
-2.013806340651216775e+00
1.743525175053704107e-02
-2.576822658667557997e-01
2.937486842487256222e+00
4.697797927691667930e+00
6.282649010576871973e+00
5.959269858867712877e+00
5.908912595213172025e+00
5.455875209435379958e+00
6.490151172115375289e+00
6.906931275555557193e+00
7.184128935178632602e+00
7.548433113742094136e+00
7.398379158940593392e+00
8.224699081750877383e+00
8.658798443147587065e+00
9.269205245781201086e+00
8.612380515747537046e+00
8.173415977299256951e+00
8.039588114820681142e+00
6.191287432136793001e+00
5.677643613709260073e+00
5.700129704607763692e+00
5.251073737245439688e+00
5.206778141653105152e+00
4.905992811281734589e+00
5.221984790536740029e+00
5.986183222728580944e+00
6.519593620699942527e+00
6.867550242970430929e+00
5.951422119954745682e+00
4.379640063021200902e+00
2.768955247158393806e+00
2.625428575653196983e+00
2.992968964768473850e+00
3.843402608063799075e+00
5.244216048862258006e+00
5.845565244974030961e+00
6.599792933862628885e+00
6.222487520360986402e+00
5.926072858473215632e+00
5.111553202265469054e+00
5.559205979430411837e+00
4.284534372044889849e+00
4.409937768896617705e+00
3.990394973352088037e+00
4.261615581540348252e+00
5.394736368851206443e+00
5.200466019393656936e+00
4.523546068066014669e+00
5.007709724960425213e+00
3.980926670225479747e+00
3.524755724395667311e+00
1.801374566765267193e+00
1.248274124336121310e-01
1.068026705770928952e+00
8.695440125704921863e-01
-4.424573622046202304e-01
-9.169404359283205297e-01
1.060198184322020537e-01
-5.735777012169975819e-01
-1.144267176626911686e+00
-6.718604741107643274e-01
2.418382488094519556e-01
3.848867238449767969e-01
1.671651962369118838e+00
2.491385243481486267e+00
4.323578589964004237e+00
3.753367166992847892e+00
5.008752056091346105e+00
4.968187553830042624e+00
5.493619369280084541e+00
5.467131987404099114e+00
5.231351415267883276e+00
5.106390156704392780e+00
4.801944051218068665e+00
4.717316707651190377e+00
4.656688254250353154e+00
4.870981447738774506e+00
4.604784803093993517e+00
3.900586077948011265e+00
3.243786152454323890e+00
2.096243099807011845e+00
-3.879827582382375795e-01
-3.022228844600721942e+00
-3.832298220547842860e+00
-2.584801340866730968e+00
-4.307008713816634637e-01
-9.704450829400781409e-01
6.019251756459894631e-01
3.698500605008094855e+00
3.185354470328124243e+00
5.777487945432930871e+00
7.508233999618409982e+00
7.589464926569416292e+00
8.024760349464891362e+00
8.516353393446635778e+00
8.702312519140338765e+00
8.421995001373272061e+00
8.454860638538049145e+00
8.409635994645453749e+00
8.643044191907202745e+00
9.100737764274507313e+00
9.345919604736032227e+00
9.136948911440912369e+00
9.262618940416185609e+00
9.676891290538684132e+00
9.700675623062881670e+00
9.813270479332832252e+00
9.557065925987915378e+00
8.257754493365657922e+00
7.992020987334999660e+00
8.108109217876359409e+00
7.175702208028229556e+00
6.386896095358931547e+00
6.862957618872957966e+00
6.903716677873536156e+00
6.669566288597318149e+00
6.347879436774488404e+00
6.363810188298883119e+00
4.828240848321841305e+00
3.044101518877041279e+00
1.736704397515381526e+00
1.653498436640390645e+00
2.905723669916549401e+00
2.685300624040938722e+00
2.478181396439386397e+00
1.826813414153280579e+00
1.604001292764589248e+00
3.520642615221336147e+00
4.702996516069583244e+00
4.756126662435402608e+00
5.181107704762579758e+00
6.174320709895029680e+00
6.459325144064012925e+00
6.636483236942945396e+00
6.206483155619250347e+00
5.268155492374467563e+00
4.452854066264416488e+00
2.810413665110812254e+00
2.583094374870980481e+00
9.726111342394371251e-01
1.189799411365122461e+00
2.580964494519200514e+00
3.501181470628824233e+00
3.993144646577782009e+00
4.041195353680201663e+00
4.693807080166392254e+00
4.714821994488776369e+00
4.639369778040952852e+00
4.791639538100427309e+00
5.216220349787198174e+00
5.170705813677435536e+00
5.375767121500899748e+00
5.322046448025683496e+00
4.956018010309897193e+00
4.116489818341635853e+00
3.033689623781818057e+00
3.333892605359673134e+00
1.837267296228748847e+00
2.388899180693112356e+00
1.134493834325917216e+00
-4.541876348348911074e-01
-2.565903433399877365e+00
-2.134288205669558014e+00
-3.425736060502886371e-01
1.247471558907022660e+00
1.187733480750774673e+00
1.860746052186577071e+00
9.648309694033720962e-01
1.079962505080352519e+00
1.659692085148798846e+00
1.825036292732978183e+00
1.910245522436757604e+00
1.683054626083636762e+00
1.742731836014393298e+00
2.211639266353413014e+00
2.039424647313710093e+00
2.853062353472255452e+00
3.416336454565993996e+00
3.437814749166160588e+00
3.457945389419024185e+00
3.115220084512346777e+00
2.639820377939531504e+00
1.356551508205287027e+00
-7.383622567691057181e-01
-6.613806212467223666e-01
-1.454145800485069584e+00
7.634121287252980670e-01
-7.115855618720939857e-01
2.046574862215396973e+00
2.133793495031523157e+00
3.646009904463833884e+00
3.060348862403648340e+00
3.441657519177944380e+00
5.015242465714019104e+00
6.311147721631005680e+00
5.707065715463176758e+00
6.204851364279628356e+00
8.455690737210105112e+00
8.762874479619789270e+00
8.338070008292611135e+00
9.025873286311361099e+00
1.005971637495325055e+01
1.005821425149244597e+01
9.333895744998908839e+00
7.925956709973149827e+00
6.920536347502195262e+00
6.967389467803753789e+00
5.846405570300596821e+00
5.727009418592846401e+00
5.819791601435103878e+00
6.119842577791267502e+00
5.906795725301563493e+00
5.341461488953039627e+00
6.354387853358469229e+00
6.451157469522346588e+00
4.768518075670030498e+00
4.532938384191957049e+00
3.393392310318864347e+00
3.006374498579357901e+00
3.346477329413049429e+00
3.007076990097861113e+00
-4.074519711525839694e-01
-3.206527440697955811e+00
-2.814467447838512548e+00
-1.442774960106155691e+00
-2.238767143752672606e+00
-1.918261628369665850e+00
-2.170639666350502761e+00
-3.677604851712369616e+00
-2.531692656374459727e+00
-1.433464390873254501e+00
-1.124250579348093471e+00
-8.447068560877251178e-03
-5.210663073862874528e-01
-1.272227735691494832e+00
-1.424274255527951949e+00
-1.191974821032139920e+00
-2.863466031041299042e-01
1.222823682078814783e-01
-1.248794422881209121e+00
-7.627091731944812825e-01
3.202376718518368248e-01
7.746777046563356750e-01
7.612552073086498172e-01
1.190435927008786643e-01
-3.129826365199086524e-01
-3.913684080221861983e-01
-5.695860156040876143e-01
-3.206970586448018579e-01
-7.870344242630362697e-01
-1.536002775845298984e+00
9.547736308039111996e-01
-4.762130902562383694e-01
1.372350148839588391e+00
2.669557091335849286e+00
2.016539566493634084e+00
3.215464677388599313e+00
4.512883492757269188e+00
5.826958806108372357e+00
5.878963929851605208e+00
6.908729859753912628e+00
7.633681948887300450e+00
7.578978357282155187e+00
7.647088186497210671e+00
7.330266767667183991e+00
6.979265980234341527e+00
6.573624311850579716e+00
6.122474261599844425e+00
5.584713690907106454e+00
5.299740218927304625e+00
5.212385370424633457e+00
4.239783189459135571e+00
4.264342430313851295e+00
2.371174662046839465e+00
-8.894544394854535518e-01
-4.303684259075993168e+00
-4.762492321399170336e+00
-4.693015695053832204e+00
-2.562306990512770000e+00
-2.927171533320112928e+00
-3.395122278288003503e+00
-3.476941375951589031e+00
-2.163763190883126075e+00
-1.884139334285471534e+00
-2.309371731276830708e+00
-1.806147292698296436e+00
-1.442923669825719291e+00
-3.078950862579394876e-01
-9.264230991873846355e-01
2.227948111081698990e-01
5.845254646446610414e-01
8.437477850303920501e-01
1.019596760605824937e+00
6.179963971411503998e-01
5.940550733126610528e-01
-1.070786004558434978e+00
-6.248752684009111213e-01
3.973575270716472319e-01
-2.611875264933879309e-02
-7.931148111712345294e-02
1.951773401645447159e-01
1.049227990510965380e+00
1.131975102029265212e+00
4.105823819876764369e-01
-4.456321200383598496e-02
2.138953770332232551e-01
9.009167946606606581e-01
1.366054768548867759e+00
3.681822548921764859e+00
3.497421603432594672e+00
2.404716002394585939e+00
2.833750695410080844e+00
4.824483582754096389e+00
4.978835630975836146e+00
5.062290949322671985e+00
6.314344257149052453e+00
6.509612234127537533e+00
5.720511011993414385e+00
5.663135327751502857e+00
6.483850050540286958e+00
7.002375200700435620e+00
7.225474998520711623e+00
7.629350421925151338e+00
7.767102060203279201e+00
7.417646826920261560e+00
7.641486897671367018e+00
7.888384895164430866e+00
7.840665711748009414e+00
7.825682568026124386e+00
7.564723744464307842e+00
7.674731928706481021e+00
5.885021947181112267e+00
3.696756462281548750e+00
9.788949370568508779e-02
-9.516619308001800226e-01
-4.259818263847606756e-01
1.466942264596829970e+00
2.437482301519335426e+00
2.604790745646318850e+00
2.340102998813513135e+00
3.751214250077522294e+00
4.365935337001997318e+00
4.800282315931757360e+00
5.124092669931977539e+00
5.021759991170640092e+00
5.277477741149896318e+00
5.398755053067678666e+00
5.783234157387708407e+00
6.530727553198140356e+00
7.063622463542285956e+00
7.181529854749766351e+00
6.330784071818386316e+00
5.986562326576645887e+00
6.003717229100558050e+00
6.225331439553412949e+00
5.332585626973901149e+00
4.384146739122829040e+00
3.287877490754218535e-01
-2.987547270527988186e+00
-7.442343203194425882e+00
-6.974652489645396969e+00
-6.679662613018226835e+00
-5.445327863545114333e+00
-7.694696401899537852e-01
2.087938633040843150e+00
2.234027411245191885e+00
4.077668664610053284e+00
4.269848452501719294e+00
3.963637729887121708e+00
3.689293737562373110e+00
2.837053697212525094e+00
3.120541796913260058e+00
4.455285215812867072e+00
6.105707600321776063e+00
6.732830014060415813e+00
6.477619015893018251e+00
6.027148498236143404e+00
5.337551570284533753e+00
4.631036855383950268e+00
4.609789041753755257e+00
4.498739953839435479e+00
4.491378799264824195e+00
4.415773909282843412e+00
4.255748783356454013e+00
3.936938749246153169e+00
3.072576329419120622e+00
1.535999781582915391e+00
1.345250777409480403e+00
8.549471220679054628e-01
-9.901511631733208585e-01
-2.190445214602191992e+00
-1.937119467837755460e+00
-1.454172591783852386e+00
-1.142744791393067949e+00
-1.224611731558077121e+00
-6.000247914804257565e-01
-1.825499578287442248e-01
-4.470520947925946675e-01
-9.457455624040216335e-01
-6.075013093385233098e-01
-2.872047389515218763e-01
-7.440058481786601674e-02
-8.747431712076769728e-01
-3.330730287209876517e-01
-3.270761241101430850e-01
-3.639701115852688185e-01
-8.554855822521890696e-01
1.962387010251237240e-01
-1.482315401920062115e-01
-7.248068071115097988e-01
5.817828864755061336e-01
1.443099699455930862e+00
2.009971928262669127e+00
2.512070750566370858e+00
2.782609948182964033e+00
1.994873689345296963e+00
1.386493602795257463e+00
1.894499386126417662e+00
1.654494252112280961e+00
1.318120334386474690e+00
1.359107015848888045e+00
4.252636958597400541e-01
1.149292912389833443e+00
4.948338612462313546e-01
-1.007850273252805851e+00
-7.590421588744382664e-01
-7.494954584212281112e-01
-1.136498559964831845e+00
-1.481972835463225779e+00
-1.205452918515937277e+00
6.909950312699281172e-01
1.810982784066987872e+00
1.509827916872804376e+00
2.681986156577457869e+00
4.401315539544137678e+00
5.890754749135435731e+00
6.519628406608823035e+00
7.094791866971025485e+00
7.196430408663979428e+00
7.336994947462120997e+00
7.300353127177099388e+00
7.223740200963957747e+00
7.021040948997717912e+00
6.909220026186632779e+00
6.995414770667014892e+00
6.989534972636075594e+00
7.147942069406560961e+00
7.453880720671996585e+00
7.325418706179570805e+00
6.580123599807765622e+00
6.125735447953394086e+00
5.808400020747702897e+00
4.833041423792218794e+00
2.675677797925795520e+00
4.599830631460961050e-01
-1.029045033027805589e+00
-9.649454880501774356e-01
-5.943881371819504933e-01
-5.949201741101773910e-01
-2.116925312764274258e-01
-1.394714949165327678e+00
2.555215995970354717e-02
1.036839929860344789e+00
2.669537190350466549e+00
3.905761227505413657e+00
4.245715610253304462e+00
4.992563963544959904e+00
5.218597650036153723e+00
5.158648396436751327e+00
4.542526296565872812e+00
4.412788925154274011e+00
5.145169530858640705e+00
4.548719068370465912e+00
3.933435145768404695e+00
2.930200273569647518e+00
2.260960278536492840e+00
2.330456063617788676e+00
2.592946198679587866e+00
3.328128206880188955e+00
4.418074014620855472e+00
5.190798130796158816e+00
5.837116393095925559e+00
6.384790604753770360e+00
5.254286649108850682e+00
5.503103393340101235e+00
4.651047377686317041e+00
4.525193555325620842e+00
4.937093366461578370e+00
5.236941701132128202e+00
4.895676699390746123e+00
5.035506565983065563e+00
3.810208399487077902e+00
3.681380324380147506e+00
3.505279902115569612e+00
3.773351510959133126e+00
3.953763026196243757e+00
4.135467254511462798e+00
3.114880327593158249e+00
1.699728874646073251e+00
4.729289401180542529e-01
-2.204747220990793011e+00
-1.442263382480586831e+00
-1.696357143196982886e-01
1.364898240443316313e+00
1.102739830092046347e+00
-8.655971283545395023e-01
-2.405839725889860059e+00
-2.598359616555061535e+00
-2.349972509737328519e+00
-2.296184272092242296e+00
-2.698795640290743592e+00
-4.902313387561756386e+00
-4.841060167100307510e+00
-2.353678003347236813e-01
6.944708134440340519e-01
7.677940545566515063e-01
3.092022425553702103e+00
4.010078221816343991e+00
3.999963210058093743e+00
3.426859470856442602e+00
3.911083160098445255e+00
4.531241004176950860e+00
4.556163525582167750e+00
4.259349345409631837e+00
4.386933633886920703e+00
4.777863228895965264e+00
4.624875521944231238e+00
4.319204952802238928e+00
5.937912224598416167e+00
6.997522481958899476e+00
7.384420635876645100e+00
7.199602412002672480e+00
6.832816372632580126e+00
6.293866432155486024e+00
5.676856011214725939e+00
5.488539972666988120e+00
4.983678043527425494e+00
4.756654352986458889e+00
4.088878287722067739e+00
3.840203227489010107e+00
3.086811678352934685e+00
1.636613863588677331e+00
2.741677559744308268e-01
1.128873984230080341e+00
5.526855521617061173e-01
7.529879432995499888e-01
3.947001998791873634e-01
2.214885328471134063e+00
-4.450885431264684500e-01
-3.995906969788186380e+00
-4.241542842111384104e+00
-4.585260778768009082e+00
-4.127443456194769489e+00
-5.792251525346823193e+00
-4.621696989930963007e+00
-3.985807337965777464e+00
-4.871084604663552753e+00
-4.604197440960666299e+00
-4.138696339865885143e+00
-3.540418300709325283e+00
3.608065655665062543e-01
3.184540273315181191e-01
-7.165881750105904668e-01
1.182638498782262682e+00
1.142567087843205709e+00
1.499546764827388134e+00
3.076309349603353560e+00
3.000088151053146301e+00
4.062799518385245889e+00
3.493873074843264703e+00
3.341069137570743308e+00
2.934984243050156039e+00
3.461574957082453885e+00
3.673725081016496752e+00
2.575661724489747506e+00
-3.470847709176010376e-01
-2.631743303233661901e+00
-4.017314684918488865e+00
-4.140681528900328701e+00
-7.198125381417275648e+00
-5.393119885066487207e+00
-3.574399888719286711e+00
-1.871614383186232633e+00
1.234337321501269180e+00
-9.643193935909910586e-01
6.125339919663839172e-01
2.814915426657377817e-01
7.716647977343644715e-01
2.604297352258760689e+00
3.271154756229130545e+00
5.156309986838748749e+00
4.446627553154025136e+00
6.336825668518002885e+00
6.829793578615202421e+00
7.054533581001431131e+00
7.309127104409620657e+00
6.818116721213267617e+00
6.728493599661921287e+00
6.082346249695897100e+00
6.390437018764556498e+00
5.314315875534559197e+00
5.245097626929968726e+00
4.911291189242253274e+00
5.050922500458129960e+00
4.160166132079119450e+00
4.223642322240425351e+00
4.410820962755799712e+00
4.541253327785666372e+00
3.515666041362550676e+00
2.680916827715292605e+00
2.772321365140744120e+00
1.393048940456825591e+00
2.003392314706268440e+00
2.637623441517824574e+00
1.724430271608616394e+00
1.556706084294423809e+00
2.534494491907962832e+00
2.722952224811621136e+00
2.750037195044646054e+00
3.024817449174450612e+00
8.996437379572559401e-01
1.849114804987968208e+00
4.214783391017341563e-01
3.820948595248955248e-01
-7.733427198692663929e-01
-1.437988325532351341e+00
2.208828954679022127e-01
1.779362755462032597e+00
1.343412227576412876e+00
-1.922848614900045661e-01
3.042020528049174555e+00
3.590377573881660567e+00
5.098236162259635051e+00
5.156994768495744452e+00
6.251145720667253158e+00
6.951800370282203545e+00
7.876914093572980669e+00
8.200349382711806356e+00
7.548027341477132168e+00
7.697384976640417875e+00
6.894253318162770761e+00
5.217084858092682076e+00
5.229344861924003496e+00
4.113084484351932524e+00
2.509337547434553617e+00
2.276019831399178628e+00
1.867744803332637149e+00
8.390134606276135054e-01
-3.887419994011425128e-01
-9.225857168646461881e-01
-1.511237687077556513e-01
8.522714142338648768e-01
-8.011807885920103622e-01
1.376583007442137685e+00
2.603337399672392749e+00
3.272419714150232473e+00
3.529635980192069589e+00
2.793811091812488101e+00
7.864856777760247386e-01
1.710924253975026899e+00
1.152402242162776869e+00
-2.550072191100117291e-01
-2.104239280702587145e+00
-2.179911537353903306e+00
-1.203822110346964847e+00
-1.671923747357822343e+00
-3.899384911165816092e+00
-4.376939398276573634e+00
-7.397991641315019073e+00
-9.422329466826637301e+00
-9.932903542789819795e+00
-6.939212505678411524e+00
-7.739721708429048164e+00
-9.149245103422014580e+00
-9.428424535044809929e+00
-1.011534087747049604e+01
-4.440932932942793343e+00
-1.411772862758396974e+00
-1.666547380842706261e+00
3.247660813276034286e-01
6.761849850961071384e-02
3.945721490456394420e+00
5.448496639503175309e+00
7.259860484225378663e+00
8.001267038038520241e+00
7.806121334879508211e+00
7.921927919046741096e+00
8.039919914927390110e+00
7.960237747911640405e+00
7.859587105628760284e+00
7.302547738706284264e+00
6.540947008993033052e+00
6.127436269541722602e+00
6.166301978966068020e+00
5.302719936377926047e+00
4.780559040369009693e+00
5.434749001491006482e+00
3.476478420211412956e+00
2.343265249742152001e+00
1.469022582780330710e+00
1.413944312589340280e+00
2.462764043949495552e+00
3.590542190695356073e+00
3.317462455212797146e+00
2.931612436241479713e+00
2.432716359841822662e+00
1.876478476604018564e+00
1.472413272553484198e+00
1.534445484266100390e+00
1.871754670544977905e+00
1.432924245208500036e+00
7.759490935198378736e-01
6.624116746656895094e-01
4.375534163800181009e-01
3.083921584928734361e-01
1.572178715768758617e-01
1.402981418228692378e+00
2.339477865041394544e+00
1.935747958418638559e+00
3.403416016006691081e+00
3.337814348718651125e+00
4.069244245484008538e+00
4.102453004603672682e+00
5.152059231608850709e+00
5.563564863088422463e+00
6.169627811177788246e+00
6.326678654815425240e+00
5.662082287284009752e+00
3.472260570751318554e+00
8.415989236858011369e-01
7.462743955924039385e-01
2.283012392804871504e-02
-6.371483156732600239e-01
-4.001545405088030583e-01
-1.421238235725593990e-01
5.300564358170586354e-01
9.113826160558612388e-01
1.351234885640230310e+00
2.182391398483765899e-01
-1.104600252042926972e-01
-1.125506524133235819e+00
-1.036665535109004166e+00
6.937596410680503534e-02
1.697865283073857423e+00
4.927416922094694840e+00
4.515035410008931827e+00
4.804778016122785544e+00
5.218628908125857890e+00
6.134256124996229076e+00
6.731041380212417380e+00
7.012532859719705414e+00
7.227650959924010188e+00
7.215735726801239203e+00
6.733148679431073091e+00
6.785566136958967931e+00
6.819471839988993089e+00
5.974382102724939081e+00
5.747085883936092543e+00
5.610079881460348084e+00
5.818539476735895555e+00
5.629722824493389233e+00
3.436331322799664356e+00
1.097973734852338179e+00
1.909998971749499841e+00
1.152052515548280365e+00
2.919339655277201073e-01
-5.719541182231736576e-01
-1.195988811190956902e+00
-1.521545900684460939e+00
-2.410365615582701793e+00
-4.547157046347357623e-01
5.977956717069420334e-01
2.444893045044531199e+00
3.811670219881240218e+00
4.329702921066367338e+00
4.905346114230986210e+00
5.868563647930828076e+00
6.098609825264828643e+00
5.625658918579246937e+00
5.185727675807162207e+00
5.315141896738434291e+00
5.150241216373853348e+00
5.158025755813194557e+00
4.810311130283862369e+00
4.954191412317567433e+00
5.189294502481855531e+00
5.324448634906557842e+00
5.230675494829202243e+00
5.223165044273999413e+00
4.929198039527546094e+00
4.427284991752297394e+00
3.565852254721705528e+00
3.137582954617376796e+00
3.115152752743412634e+00
3.595560600537246465e+00
3.453900120035391375e+00
2.876177115643859139e+00
3.245483320022975349e+00
2.827953294586308175e+00
2.527087370279676559e+00
1.326131979749186840e+00
1.320052869230893933e+00
9.427602076933622177e-01
-8.583116258368841955e-02
-6.909880703653002998e-01
-7.197648087022358032e-01
-9.318130531674738704e-01
-1.285208483995763373e+00
-1.978345856234184630e-01
6.194100076686344103e-01
8.149812645675811318e-01
9.301761074416764474e-01
1.036259726147982785e-01
9.909441140120051061e-02
1.313238430123404576e+00
1.911587683120450354e+00
1.239100736534764824e+00
1.295112416093305852e+00
1.021656175694795499e+00
2.250531873490758450e+00
1.218690713364747769e+00
7.496579920857692203e-01
1.267295810816944646e-01
-2.385965404275630086e-01
2.610552212331592736e-01
1.197451270934133838e+00
1.258117113929460018e+00
1.530578273235697395e+00
2.234872005373173209e+00
9.165206063987539897e-01
7.487978703719035956e-01
-2.269598928527291726e+00
-2.743987119788037887e+00
-3.138831699981335710e+00
-5.730118534796192487e-01
3.738902491504766390e-01
8.527507403012518639e-02
1.438418332171482739e-01
1.023663735373598227e+00
1.176426106614189671e+00
4.334285496436965368e-01
6.538658136853541247e-01
1.404223643362976670e+00
1.893352532463632665e+00
2.349248211440624345e+00
2.994616096319856702e+00
2.720097139529013663e+00
2.377892269387510638e+00
1.899909785268483642e+00
1.552579532248835603e+00
4.659938406103070752e-01
5.070582256990153747e-01
1.718179427179815644e+00
2.078392554347594068e+00
3.491139647566775750e+00
5.180051260591801210e+00
6.132631914781367932e+00
6.479005599419147998e+00
6.673196757824165104e+00
6.654201495900271546e+00
6.611085943748133076e+00
6.984452343776568206e+00
6.834308695494232033e+00
6.938210187720833311e+00
6.918848321812607338e+00
7.407887286610055355e+00
7.742124385949168186e+00
7.833829932000875296e+00
7.835112341883542442e+00
7.608598621809377072e+00
7.700600312177515505e+00
6.911884724891081966e+00
7.072362033526776059e+00
5.984210410715905759e+00
5.434429150659099150e+00
4.600560645176024366e+00
1.634039504427279299e+00
-1.236994490141530179e+00
-2.232845643782891187e+00
-1.427763980535887933e+00
-7.351731421907441444e-01
6.031391781014584508e-01
1.881394375084070925e+00
2.369099857344813653e+00
2.063409134480491680e+00
1.850634948661072032e+00
2.887209951775681738e+00
3.929973735493401676e+00
3.631014329327971524e+00
4.937616075836933405e+00
5.295483982046105709e+00
5.438124462432258888e+00
5.080876203550484860e+00
3.840312336987399267e+00
2.558085807182749249e+00
2.485224694994641492e+00
1.775577825339837434e-01
-8.377946442661101667e-01
-5.965282118566224145e-01
-8.353889077036409372e-01
-3.300216188053998190e-01
-4.519520737462193877e-02
-3.495413318008933068e-02
6.381624042486921944e-01
5.105008830088189065e-01
7.698451825847720809e-01
8.196932652583748258e-01
2.850692522382063387e-01
6.018544453954759454e-01
2.620144369134195905e+00
3.573773585879700843e+00
4.121420816261628595e+00
4.638007027501226176e+00
4.982240732081411494e+00
4.873271569291953043e+00
5.649786669728944943e+00
5.896101303841055241e+00
5.768176628053268473e+00
5.869811643839828008e+00
6.393410808192941275e+00
5.982211575454452479e+00
5.635538663877479593e+00
4.681655630152739889e+00
3.456478751950184503e+00
3.014302630241957992e+00
3.576126725735398360e+00
4.153191010464781563e+00
4.008691811340932887e+00
4.644997282025026486e+00
4.109094526620359566e+00
2.661329294858575167e+00
2.717224259726189306e+00
1.285230761853791703e+00
-6.467754312758798585e-02
-8.416173211518530595e-01
-7.460461457246451988e-02
-4.750790546224953337e-01
-1.891558517600768763e-01
-2.761525784554260010e+00
-3.717572503428083763e+00
-4.668422445407206745e+00
-5.201615305837296255e+00
-8.328933205722572453e+00
-8.818483555325189016e+00
-6.149418331931480353e+00
-5.792407532342471299e+00
-6.048324742953895772e+00
-6.228282581109459315e+00
-7.820650242758037329e+00
-9.128985964338422576e+00
-1.058016426886714711e+01
-7.587435590204116842e+00
-8.346504171694716590e+00
-8.805267438709005745e+00
-6.904092384854168429e+00
-6.918972232000787592e+00
-1.106666258485514032e+00
-2.013514584205895019e+00
1.265591248795108065e-02
1.872627932782342297e+00
2.102458197275145491e+00
3.316373775939517543e+00
3.681001648601779586e+00
4.225392426839915672e+00
3.391411082854201453e+00
3.316590854752136774e+00
3.999695736569508053e+00
4.430874808362433193e+00
5.298042580449666694e+00
5.419769985601991635e+00
5.810397839502341455e+00
6.004284965177509648e+00
5.753878335580619563e+00
5.382668186368597674e+00
5.054865700013225549e+00
5.071508073917582848e+00
4.982698456817272969e+00
4.350752349015768239e+00
2.454446976266134062e+00
-4.633270432234227187e-01
9.208108012495541672e-02
-1.371037761908012964e+00
-3.071888181873809298e+00
-3.606899769278943513e+00
-2.431718542946165407e+00
-1.923174200268521705e+00
-1.233659228503030558e+00
-1.632183796160889155e+00
-2.535289294220968603e+00
-1.197155561510774069e+00
-1.041152232023469404e+00
1.794923135093475342e+00
1.905335471435811279e+00
2.664650431962054533e+00
2.842185502335055070e+00
3.485549729752209558e+00
4.169252606475607692e+00
4.189382750884909967e+00
3.621037146747844826e+00
1.905368785578714919e+00
1.365401646486221976e+00
-2.170409487631516920e-01
-1.333317144904418328e+00
-2.547443014751466173e+00
-3.348815253329754604e+00
-2.662554246115107048e+00
-5.283104457059698333e+00
-5.307567881283445921e+00
-5.996712739339926657e+00
-6.131340954862465331e+00
-6.700840958300914529e+00
-2.593958592160930277e+00
4.626804976700010785e-01
2.261386542884209927e+00
4.541474020439213888e+00
6.168768973105969167e+00
7.032459972797560077e+00
8.070992519648987340e+00
8.351358496627675265e+00
8.461310963173257704e+00
8.201341590081092647e+00
7.227217652336705989e+00
6.023209469458187471e+00
5.903630480528504698e+00
6.427817338531395031e+00
6.487770812801219478e+00
6.345129712414625089e+00
4.935181338870745726e+00
4.713473832990020540e+00
5.295166508956796747e+00
5.998094841975931679e+00
4.757455841991448331e+00
3.272948359443393684e+00
8.485177451483727484e-01
-1.616205860282013740e+00
-1.863607349171024108e+00
-2.963278901620185035e+00
-1.732411346623095483e+00
-1.282120515596521182e+00
-1.173861500812289460e+00
-1.364174806955863239e+00
-1.262111726302683756e+00
-1.619647576594793970e+00
-1.581704522349337783e+00
-3.477615594325214943e+00
-3.857335403661296347e+00
-4.280464370497332638e+00
-5.343719045912601828e+00
-1.303874476668719140e+01
-8.613060225152386451e+00
-9.700642795355534531e+00
-9.007495121632972612e+00
-5.832534838534230381e+00
-5.408531693400505880e+00
-8.922777694100730628e+00
-6.207388107941101296e+00
-3.860029167406466399e+00
-3.132988111888381777e+00
-5.211972059662375312e-01
1.138461815203289040e+00
2.627466585319601755e+00
4.383902563435272626e+00
5.267512254875920341e+00
5.379610782212374431e+00
5.452210894631964955e+00
5.216196133517412292e+00
4.007430932730257744e+00
1.953184531514188915e+00
1.320926684864333289e+00
1.796227320191970289e+00
2.053924886505193559e+00
2.276244297578623232e+00
1.956014879757675295e+00
2.162412475676361634e+00
2.790384819247304637e+00
2.944076488381607959e+00
2.315136480116835926e+00
2.974846815401476441e+00
2.995057195281993767e+00
3.754385635135775612e+00
4.452390244988294832e+00
5.044112334095899541e+00
5.431557801356827753e+00
4.969776697607466431e+00
4.712721652253764049e+00
4.561740281372083317e+00
4.174169008519232449e+00
2.911588313142001727e+00
1.053023220615794786e+00
1.972685915224315495e-02
1.564978000758143528e+00
2.627683165652093145e+00
2.281730262981097379e+00
1.369582405364760280e+00
-6.141468301627731607e-01
-1.943266356606417222e+00
-6.096634680412372553e+00
-8.033238307771833675e+00
-7.843238959125484300e+00
-6.769860165993753398e+00
-5.934530420910183679e+00
-1.739529052507945428e+00
3.706622769088212532e-01
2.051099018972726729e+00
3.152780689745355858e+00
3.454605350682421694e+00
5.226161775076584526e+00
3.902390415353104824e+00
5.669733002952957790e+00
6.565026383200583737e+00
6.345641150029853961e+00
6.041209464497909742e+00
6.763351784880421214e+00
7.041194215436568093e+00
7.219361242841882742e+00
7.363855154907470890e+00
7.041650310953999181e+00
6.820101760592699236e+00
6.574885531145026718e+00
5.702862271680899653e+00
6.085408674517863048e+00
5.571019063211370970e+00
3.895311208660430236e+00
1.136932789847219016e+00
2.010886811034540589e+00
-7.436216618915977850e-02
-1.143412522311205715e+00
-2.397079292738910627e+00
-3.571685113399907241e+00
-1.522735921177700291e+00
8.739573621638846435e-01
1.353211078573355319e+00
1.744736931427348203e+00
1.922412165515469340e+00
1.405005751457481855e+00
2.927525487128948001e+00
2.821436892462424240e+00
2.679660018568584157e+00
1.742635340891066864e+00
3.243958660967021651e-02
3.322927754372446973e-02
4.724896336427730215e-01
5.099105896632412094e-01
-7.427292156964020453e-01
-3.553846788429082526e+00
-4.457678202982106264e+00
-5.218300655001131716e+00
-4.251536949558497369e+00
-2.569539479047089792e+00
-2.365000786585609860e-01
3.180326982626557886e-01
7.821154375652851209e-01
1.138267347351058723e+00
1.547211748496976069e+00
1.110008074649403653e+00
1.833226976907565087e+00
2.954531334565525746e+00
3.094568164550712375e+00
2.091000147079199678e+00
4.906243834668703174e-01
3.537125157888875715e-01
3.753519055118330616e-01
-1.018856588180371281e-01
6.865422540866840118e-01
1.725501327456240741e+00
1.754977515913034303e+00
1.720087461391627492e+00
3.083716818323885889e+00
3.518428461712277411e+00
3.822995601376823593e+00
3.407644825636637176e+00
3.172222331293236053e+00
5.164242330944533776e+00
6.210790761120038361e+00
6.997512346199373567e+00
6.848918777702054150e+00
6.986763100127331150e+00
6.678108191377330805e+00
5.597328601955537053e+00
5.126463500944574037e+00
5.133802616471278668e+00
3.684826359013479991e+00
1.398226526563239869e+00
-8.626041198232028417e-01
-1.696598783122319265e+00
-1.098534758111094689e+00
-2.907712732482660822e+00
-2.212040726560274617e+00
-2.462832105826851414e+00
-2.878925639640032674e+00
-2.349704079308219562e+00
-2.853481372088422674e+00
-1.727131621853151833e+00
1.318036610436422729e+00
9.645229236528386485e-01
2.171423486937516412e+00
3.340270621408101270e+00
3.430005937826408946e+00
3.907455593381671477e+00
4.177235394938898949e+00
3.819760875329937022e+00
3.352206156276831273e+00
2.593395914218973974e+00
2.283498302298597959e+00
3.408274729940030667e+00
4.093169482842437645e+00
4.206051744028235007e+00
4.147247250531068019e+00
3.505551866265662397e+00
3.684243133630258349e+00
3.687956713504749295e+00
3.009945738422754147e+00
2.415329154564499703e+00
1.487516234787941150e+00
8.964329545629817764e-01
7.305200980357116070e-01
7.712037608584343396e-01
8.980092447355640939e-01
1.622053054425861340e+00
2.235262369873455945e+00
2.482925676482312216e+00
1.774693753250409456e+00
-2.613347437533414253e-01
-2.890747811650085541e+00
-2.717414078241763953e+00
-1.732428736349994836e+00
1.122000962310069294e+00
3.515809678811167682e+00
3.432158620939924631e+00
3.427542865060779764e+00
3.611312188889268526e+00
4.227986097816608613e+00
3.530942080620231405e+00
3.178739540832984822e+00
3.876290933531782557e+00
4.128180092286047653e+00
4.291810987026627444e+00
4.150138822278028883e+00
4.722119037017739274e+00
5.187082933319578260e+00
5.902662426829441422e+00
5.983522543542276750e+00
5.651948629680060066e+00
5.504441963213348110e+00
4.104102605699954331e+00
3.185272446518252032e+00
3.418363713899704059e+00
3.562526435306959449e+00
1.706079071185320206e+00
5.732115657641801559e-02
5.423851014667336462e-02
6.228962076495663247e-01
4.549335240864335050e-01
-1.090380501293030324e+00
-8.267584198908040083e-02
-1.091310709875568330e+00
-2.554735038826465132e+00
-2.920350131898348689e+00
-3.597638628967439356e+00
-2.641005792968423194e+00
-2.118220853544979132e+00
-2.568170241238718621e-01
1.901790058814075701e+00
1.641974976492165395e+00
2.844598142189187939e+00
2.679883259326488520e+00
1.963987039610018082e+00
9.697628495729073705e-01
2.877475519175706209e-01
-7.916145145590260945e-01
-7.342649276142979020e-02
3.822976988682458277e-01
4.410147833249631472e-02
-9.850943891964628052e-02
1.277361107637225102e+00
1.961923997777089035e+00
2.059327478666798328e+00
2.378543075498687376e+00
2.486463447869387444e+00
1.998703724928168501e+00
2.743349844994723341e+00
3.244360916593617361e+00
4.096675824836000679e+00
4.536413202984081572e+00
5.419067424108696684e+00
5.760627480066855099e+00
5.728516500527613964e+00
6.009799006516822750e+00
5.893785713567217144e+00
5.828355310959469904e+00
5.657216898413276240e+00
6.146320821043652849e+00
5.560109604095724301e+00
5.709703357627140541e+00
4.779151141878706710e+00
4.979116339183711659e+00
4.891032015729167348e+00
2.882383666937399891e+00
-8.063292198491246454e-01
-9.647255329653796618e-01
-1.390572655618628861e+00
-6.352559970355242669e+00
-5.402262301104888920e+00
-5.458440738435332840e+00
-4.203546367390559091e+00
-2.229871969960941946e+00
-1.369241907891737053e+00
-9.755909180803448155e-01
4.201377828043826312e-01
2.791740295559227647e+00
2.399245660019862392e+00
3.190119303191081279e+00
3.416867634219368899e+00
3.478760005539053957e+00
3.380213555168759321e+00
2.972633436079865632e+00
3.514719924418217456e+00
2.883331243698099122e+00
3.697763471080563580e+00
2.550197770149603471e+00
2.831718614901817421e+00
9.973461767046232218e-01
8.556527139823476569e-01
-1.843350786454364343e+00
-2.639512141893592734e+00
-4.702220339388625270e+00
-5.673006652988163978e+00
-5.327186184676568459e+00
-4.336162791862125054e+00
-4.847126224608474310e+00
-4.870760442946621360e+00
-3.412383390851978948e+00
-3.834505646141668223e+00
-3.242930614087502939e+00
-9.916799695223439404e-01
-3.870612137019863175e-01
-1.739980984627382821e+00
6.032356973442510872e-01
1.172570879922963938e+00
3.183616138718187827e+00
4.764302981918181246e+00
4.701780721871858582e+00
4.897294621722542374e+00
5.622555880940539375e+00
4.919052814393457318e+00
4.576447600852096009e+00
4.749694494643693865e+00
4.480166461374974318e+00
4.097294409704235640e+00
4.178742463352999259e+00
4.232861700162278140e+00
4.227760834123014178e+00
4.618518839166500634e+00
5.606009066942432284e+00
5.762368483708436351e+00
5.926136063098907059e+00
5.338310426087680582e+00
5.318539836029145818e+00
5.404255782600568381e+00
5.561174419405112701e+00
5.221177816763105106e+00
5.170344422258144945e+00
5.120575603714883073e+00
4.993596195940885885e+00
4.292373476284533140e+00
4.538113216073609735e+00
4.497943412026806698e+00
4.490342282418737341e+00
4.810619422074643659e+00
5.126467918429411519e+00
4.968912128371540504e+00
4.857033649882063209e+00
3.697542960860754846e+00
3.050114104356534295e+00
2.731004639079950724e+00
2.598415048692847673e+00
1.812309065249299689e+00
-6.939796990316861036e-01
1.076083049127352920e-01
-8.306722045825043477e-01
-9.749999908697062345e-01
-1.824550165052262862e+00
-1.052709565029466665e+00
-1.011941728546646768e+00
-1.761067486413839811e+00
-2.383796565922088107e+00
-2.307989015281553424e+00
-3.088898258405757602e+00
-9.984355207522839226e-01
-3.852400036155643193e-01
1.223760320455913597e-01
1.054643870241793291e+00
1.313135403993088923e+00
7.394360684889014212e-01
2.786072277421494103e-01
8.917510778213739719e-01
4.663682120053004310e-01
3.908409275639634362e-01
-1.164295815559676761e+00
-2.217666447591009504e+00
-2.822143651125146757e+00
-1.081771240183396099e+00
1.580010443270432274e+00
2.215752341922049062e+00
2.733000020552568188e+00
2.858823317703933942e+00
2.417744807094623027e+00
2.540316199335114877e+00
2.191153735332327823e+00
1.991755505380645275e+00
1.158496624767443750e+00
1.834891877087372336e+00
3.506723015051706582e+00
4.001291717633749911e+00
3.951969320244193451e+00
2.796080986898925147e+00
2.203492182864275506e+00
3.267790291514075518e-01
-8.477806553523138389e-01
-7.237827996010558484e-01
-9.172529887944523841e-01
-7.191603217800279779e-01
-7.068201680667014486e-01
-7.175014293041749314e-01
4.101740927565448169e-01
1.401638719481201001e+00
1.874243762408474456e+00
1.506544072814477442e+00
1.792675057786257131e+00
2.328366634092985166e+00
1.790325570276699585e+00
1.885617977510887222e+00
3.469266576060406670e+00
4.513602333206828021e+00
4.792769970920728539e+00
4.649745490092572986e+00
3.371504418591091401e+00
1.858373380177978262e+00
1.442304652576246848e+00
1.269917289088300594e+00
1.294641349031112609e+00
6.246712933887654806e-01
1.292965513295204483e+00
-1.228703375279674104e+00
5.345936055771201012e-01
1.964372787851236257e+00
1.943312156057731777e+00
3.070744719781371312e+00
3.484357454202411386e+00
3.471672356158872930e+00
3.175642410745118660e+00
3.678519325441754084e+00
3.756371518709793467e+00
4.369195338958599351e+00
5.150645041886805942e+00
5.663597949755615701e+00
6.044879325618874866e+00
6.033744826493228075e+00
5.887551087415500817e+00
5.628276491105954626e+00
5.490978101229828212e+00
5.076484636247295512e+00
4.748675168092372445e+00
4.880487060172645997e+00
4.542284371936061937e+00
3.984938192206024965e+00
3.313378961528414379e+00
3.459039177219360273e+00
3.318177735924701999e+00
3.591811476110042811e+00
2.474459385675013667e+00
2.493586377005463817e+00
2.208818314829343432e+00
2.330586466132734014e+00
2.502891329413819310e+00
1.706488688269038656e+00
2.383326841300314580e+00
1.949078660742592506e+00
1.139981749988773885e+00
1.642666529703921796e+00
1.222623568478481415e+00
9.747392171159779961e-01
1.860345466908198464e+00
1.877913336878265671e+00
1.863322432798041328e+00
1.763535540077816099e+00
1.350246477623487040e+00
1.184388362918098236e+00
6.141650094531672099e-01
-7.044493138161975199e-02
-4.313613369115649326e-02
3.089183919105508713e-01
-1.462775085356419202e-01
-1.490800901613864582e+00
-3.960224477517879205e+00
-5.935050072548436972e+00
-4.250954562325838459e+00
-5.548653591967460663e+00
-6.350047429438999913e+00
-6.009273073813357513e+00
-5.463167852061008745e+00
-5.179617506873851696e+00
-5.171758974482393967e+00
-4.741069689803950382e+00
-3.574763134761529404e+00
-2.600704317219315165e+00
-2.571256094702386363e+00
-2.466509333903746271e+00
-3.537303785558360669e+00
-5.272948923875439675e+00
-2.615497851516113137e+00
-2.880668497777654213e+00
-4.217721512530512307e+00
-4.282855210816808977e+00
-3.195792961708288527e+00
-2.288825009462292392e+00
-1.883129788093086399e+00
-4.956354958971511682e-01
7.537736088525945899e-01
2.533712929233760125e+00
2.235903538957168202e+00
2.774966514106599114e+00
3.486543273659292730e+00
3.883045161890601005e+00
3.840296164571551429e+00
3.934527179120023810e+00
3.161427018898797403e+00
2.910622227701741060e+00
2.356519893484404271e+00
2.273311956829167535e+00
2.093026818721072324e+00
2.339618962669846702e+00
2.711070256331031381e+00
2.294297391830491417e+00
2.828193153624599887e+00
3.140581014931937975e+00
3.692455869403073798e+00
3.797400855063630676e+00
3.682701999767978407e+00
2.719131114114366365e+00
2.778896146762605657e+00
3.014140848428816799e+00
1.620442563609916453e+00
5.939560282209668113e-02
5.471111471889062577e-02
9.411476273083760891e-01
1.163460815512105562e+00
1.305605389587205956e+00
1.156283614633781376e+00
4.513336232981821072e-01
1.255135041754911418e+00
2.093217415577421470e+00
-5.212932447307374456e-02
-2.989325124796902600e+00
-3.419398011771515478e+00
-5.929846759730519778e+00
-4.158988980394306090e+00
-4.896792514025429810e+00
-4.364690062501807688e+00
-2.459515664696827031e+00
-1.719759517886265243e+00
-7.773466412904740386e-01
1.319659184319245782e+00
1.828252250594717188e+00
1.901251715244263618e+00
2.132041971670802116e+00
2.678410123457308778e+00
4.009383636784663807e+00
4.284941061378352956e+00
4.610663518671191952e+00
4.687564768569090212e+00
4.102032977026888183e+00
3.789677876992637806e+00
3.990633439843246144e+00
2.873237876324899354e+00
2.830555294603814165e+00
1.577005658581092540e+00
9.006704887926731962e-01
-5.107038667684451472e-01
4.469284453515264266e-01
-9.396859646781140496e-01
-1.326878903944277210e+00
-1.858469270816546892e+00
-2.419914862426145508e+00
-4.566805560384592511e+00
-5.680170389086940830e+00
-7.221540796776166005e+00
-4.732767852398517050e+00
-2.879436872615144249e+00
-4.476514531054501589e+00
-1.035155123685942868e+00
1.558580489535970059e+00
3.283931345936228929e+00
3.578998044834779790e+00
3.689428316113589901e+00
3.351055728009748602e+00
2.782968687615500869e+00
3.406805811575179810e+00
3.520468931551530289e+00
2.174176467876482555e+00
1.201728854398214752e+00
-1.826672323739780279e-01
-8.691981237421195217e-02
-2.114942698364695506e+00
-2.088873790365575633e+00
-5.129170146386705653e+00
-1.043990385177313840e+01
-1.021513273313543735e+01
-1.014229680636695718e+01
-8.053757835581107472e+00
-4.494044734466811519e+00
-4.385755975974658050e+00
-4.174031065157953968e+00
-5.083835958135585642e+00
-5.177704794740625616e+00
-3.587686188840497170e+00
-3.080622570914651082e+00
-3.092036533637215534e+00
-3.394555087586490050e+00
-3.065560135911908901e+00
-3.225453298500142285e+00
-2.359741527950122375e+00
-8.721543309015675760e-01
1.040906096656068480e-01
-3.658246873305086577e-01
1.115101530135032215e+00
1.775420381040015094e+00
2.516972753437099364e+00
3.176792549953130873e+00
2.730627790647282449e+00
3.037007485044179056e+00
3.559486630296636811e+00
3.358401826475128082e+00
3.302816695471087804e+00
4.351514151456067125e+00
4.462979698945240159e+00
4.769047049427317830e+00
4.754386414464539357e+00
4.579601923267572872e+00
4.153588107157723641e+00
2.975343459608226659e+00
1.355426667212577874e+00
-3.593397060461019921e-01
-2.264683497324751382e+00
-1.881635948994387242e+00
-2.718742411344012400e+00
-3.855812431483436331e+00
-5.407015967914463594e+00
-6.049834059930328856e+00
-5.584335653448633252e+00
-5.848469588159119326e+00
-8.096079282360884477e+00
-9.195279020087641086e+00
-8.429910741533152674e+00
-6.762077456039135903e+00
-5.111626074598207836e+00
-4.140156042398858816e+00
-3.336197842347696341e+00
-3.764750787678949884e+00
-3.232019978214909273e+00
-1.625862893415765509e+00
-1.274180520967553853e+00
-1.019648780090021134e+00
-8.515976908852894711e-01
-8.656006171423337170e-01
-7.570584493394785786e-02
-9.523181909622627228e-02
2.781407157433135255e-02
-2.641159307137174173e-01
-9.131512146968394639e-01
-7.877602444060780584e-01
-5.231978999564744770e-01
-3.158351689583328015e-01
3.450442682889097723e-01
3.939346045015825748e-01
7.465948327098664850e-02
1.752562047729387951e-01
2.315756950995251362e-01
-3.401256175138225174e-02
-8.141091195444321027e-01
-1.000267271322101914e+00
-7.243087102848145831e-01
-1.424428492446507599e+00
-8.096867061065077253e-01
9.756596771572403903e-02
4.481532258396916379e-01
3.559929961300710710e-01
8.832403394213769743e-02
1.419343260645951621e-01
1.131424300232264812e+00
3.773638975122995398e-01
1.400321978516296806e+00
3.467389438874135976e+00
5.299589467336356385e+00
5.320306231595989033e+00
5.782180798992897053e+00
6.226827796558885630e+00
6.275616658372738854e+00
6.087045072046555205e+00
5.560839526898386787e+00
4.969525434829637156e+00
4.389376380888425189e+00
4.405648321068670548e+00
4.812884344569168249e+00
4.694164513381994475e+00
4.281264123772054120e+00
3.240760498745375529e+00
2.606229944316521774e+00
3.485833685445861363e+00
1.940748037946739224e+00
2.124924973522910321e+00
-3.075531937718344877e-01
-2.880494432410380945e+00
-3.034383758101651729e+00
-5.589916815902200575e+00
-5.675995364570793456e+00
-4.681980444654630702e+00
-5.548078669933769191e+00
-5.687430863600675401e+00
-4.856426322875648793e+00
-5.757796777876724725e+00
-6.841816123671443428e+00
-6.544993458566264799e+00
-6.771686663663420092e+00
-5.706255435252030495e+00
-4.310502921938171639e+00
-3.016543117897294124e+00
-3.324878034377758418e+00
-3.833797977294387316e+00
-4.574210159363482298e+00
-6.147927319646941946e+00
-5.921035714689873330e+00
-6.172127473045188495e+00
-3.802854654374620225e+00
-7.254371702211298567e-01
-8.887460404782511481e-02
5.294762396200677346e-01
6.953403345234183686e-01
2.002344432154087528e+00
1.804617975145956787e+00
2.107349296343172362e+00
2.257999068597329906e+00
2.301114885116348319e+00
1.917958845201886975e+00
1.965109135051113176e+00
2.476518792539109892e+00
2.797386050629809162e+00
2.424394236147418447e+00
1.579621988595630189e+00
-6.274764559155321386e-01
-1.887775569357458272e+00
-2.971956415511050942e+00
-5.017316313382894855e+00
-5.982504978911705962e+00
-7.194497133168792580e+00
-6.227589569524364599e+00
-4.787073583753763018e+00
-2.507717710150518364e+00
-2.261797119121242705e+00
-6.666210032516283190e-01
-9.335943929073620140e-01
-1.197673285239663876e+00
-7.919574159223137233e-01
6.469161910446009911e-02
4.031624376321139014e-01
7.186022687185557034e-01
1.013302114207863758e+00
1.353963817163350125e+00
1.372771698580390609e+00
8.435378259631677311e-01
1.133247418782395322e+00
1.415697330097823947e+00
1.195201255769986259e+00
7.250220008157927110e-01
7.555800665417328199e-01
-6.696374933656754624e-01
-1.827097778588062882e+00
-1.480547306925108497e+00
-3.881196733318037939e+00
-4.228707561830286288e+00
-3.612381009010665611e+00
-2.398567830533868239e+00
-3.527318065706554151e+00
-3.793437437301613979e+00
-2.293407065649836873e+00
-8.135077023920165296e-01
-1.466607065488289674e+00
-1.508098542400897024e+00
3.835155071064878796e-02
3.633310045913468178e-01
1.932148211207465271e+00
3.515345229099120061e+00
2.902916260393080705e+00
3.382805421370166599e+00
3.598531267941249556e+00
3.108490073045826918e+00
2.382197550493344806e+00
1.759372030851051871e+00
1.793143029884411099e+00
1.624744049361430909e+00
2.168101874552359032e+00
2.401835685681813715e+00
2.773200763107501743e+00
2.463310600443978871e+00
1.210183586998344385e+00
-1.534532251291531590e+00
-1.681315247618866415e+00
-1.728759212000513301e+00
-5.114334906410964443e+00
-5.757149915954906660e+00
-6.668646325158315236e+00
-6.208561800582903523e+00
-8.444733614588415094e+00
-6.365805331321698013e+00
-7.076505259352311228e+00
-8.247759429475982174e+00
-8.407465651336089252e+00
-9.293493235108341466e+00
-5.524502781148646235e+00
-3.215395468970032145e+00
-2.013479497866188517e+00
-2.075510014109759549e+00
-2.331010707048101427e+00
-2.722531294401387747e+00
-4.317740485014987861e+00
-5.661711423542545418e+00
-6.692776544894226909e+00
-9.134126389717694749e+00
-9.723305595857160810e+00
-9.849650434202930072e+00
-6.163511968354290715e+00
-4.604369851546714187e+00
-1.798312385308078243e+00
-1.089986053804339328e+00
-1.740771867390636940e+00
-1.716638490576047449e+00
-1.495255544339922027e+00
1.798967351548169669e-01
1.481794232934749767e+00
1.761066898202760189e+00
1.978065685844891730e+00
2.068703399922330100e+00
1.923977251152024337e+00
9.360635152040372997e-01
8.728434311307470272e-01
9.041364117871339978e-01
1.398335540034535196e+00
1.448526491293757434e+00
1.246928898496961313e+00
6.174102187892397398e-01
5.091936462163095811e-01
-1.897099195344959244e-01
-5.332603568253464488e-01
-6.654901544050348949e-01
-1.627883120875207812e+00
-1.634182239248073376e+00
-6.695892476006926053e-01
-2.700177410495249175e-01
8.708835638211389618e-01
1.313718482243615426e+00
1.949058920155467778e+00
2.720426333517540485e+00
2.613445139231683090e+00
2.568343961059148306e+00
2.123185368891454594e+00
1.912465439307660553e+00
2.041982257775963205e+00
1.486545354362812654e+00
7.539481526952308554e-01
1.196937175048401469e+00
5.937001806609363275e-01
1.034959475436790510e-01
3.841707309949486948e-01
-9.979607073566405528e-01
-2.682128541084463969e+00
-2.198360112695664448e+00
-1.294441362423837116e+00
-2.662339504723436612e+00
-2.695144693386740897e+00
-2.667584198415748453e+00
-8.980732359694805211e-01
4.419458469210869045e-01
1.594593047701988731e+00
2.066392273591475703e+00
2.289470941453009445e+00
9.710171442583958035e-01
2.005109449684030931e+00
3.020497101600009948e+00
3.865485601138015426e+00
4.043835932970379687e+00
4.138882991331017891e+00
3.599381503905685342e+00
3.251851777360613038e+00
2.864343483039728966e+00
1.083127254699865372e+00
1.602573582120412343e+00
-1.668989187905333127e-01
-2.761773246548276273e+00
-3.080710235790801832e+00
-2.459472619557465212e+00
-1.824499862090148472e+00
-2.035389745650173499e+00
-1.678846416087555804e+00
-7.396276839988673579e-01
6.037893169603572030e-01
1.629221422232691507e+00
2.093449785118245199e+00
1.068839544017758936e+00
7.379686968496613764e-01
1.032688846107501446e+00
8.842644582628604866e-01
1.324176307167615363e+00
9.570655462855766071e-01
-2.941615326098527827e-01
-8.058756332184492388e-01
-1.921334878078869712e+00
-2.751263734049691934e+00
-2.861639236218691540e+00
-1.825438642744822149e+00
-1.837881048807398887e+00
-1.337225193837409787e+00
-1.551820918701342311e+00
-1.704947914395587016e+00
-1.888156767310159578e+00
-1.949287493203192057e+00
-7.431826686224327627e-01
-1.383668702748805657e-01
7.618369660788657516e-01
5.492916068826746434e-01
1.108292578255921867e+00
9.461062998287866899e-01
-2.690077007097440021e-01
1.512228715846675731e-01
1.372296492391174905e+00
2.732777826237169361e-01
1.551361839682141808e+00
1.338929934208993089e+00
2.387108602847222372e+00
2.098707320963030476e+00
1.927359354223620036e+00
2.229423176053224598e+00
3.375348738617349742e+00
4.120389086524467004e+00
3.698968260633436422e+00
3.353192943465590492e+00
2.338378187277600162e+00
1.138299537615055979e+00
1.261547335799668934e+00
1.805068607475252218e+00
2.278220206596933473e+00
2.389546604516047168e+00
1.856846951567773907e+00
2.809836997035840556e-01
-1.641215924322402042e+00
-2.012299603766249056e+00
-2.931487649079703051e+00
-2.681823157052314777e+00
-2.638639334145606696e+00
-1.359697551763719758e+00
-2.677235787318829274e+00
-5.860311260533257460e+00
-7.564873813127627855e+00
-4.529120512902341744e+00
-6.012992582960350774e+00
-6.847506281087616387e+00
-8.317884664625449176e+00
-6.847840063728653170e+00
-7.587309629121079979e+00
-6.703286322975024802e+00
-6.085708196487495059e+00
-4.926830661440419590e+00
-3.338381933869425389e+00
-4.015706174754624769e+00
-2.648975019535232178e+00
-1.566833290248066612e+00
-3.431332583718788021e-01
1.526896031113497421e-01
1.346333387912190371e+00
2.742147704156656207e+00
3.038544126446337756e+00
2.724366682147403296e+00
1.264920216597731351e+00
4.580781952773966825e-01
5.699961473192613481e-02
-1.930094417359147219e+00
-1.774098378465385428e+00
-2.673924239727031527e+00
-2.315154389642429145e+00
-1.437319184610006406e+00
5.559066744289189455e-01
-5.175666702018375531e-01
-1.250684050462679275e+00
1.369406028238438155e+00
3.211642550350433112e+00
3.301170543285667947e+00
4.503541192163481810e+00
5.097193047067940519e+00
4.805258654986641176e+00
4.365836795963401684e+00
4.231421707502814655e+00
4.305326374086471120e+00
3.911997168473270836e+00
4.094815990361348135e+00
3.231118769370331822e+00
3.841439922794549489e+00
2.641157888736536119e+00
2.597758942685239880e+00
1.744806685412454428e+00
7.577749220352263393e-01
-2.121477772970061348e+00
-4.406072306485022239e+00
-5.074617840605660568e+00
-5.049018424819390560e+00
-4.700887388904043007e+00
-6.690527486128113210e+00
-4.489977433159774378e+00
-3.550433427880610893e+00
-3.046234572041212729e+00
-1.032222914981594686e+00
-1.930582029869491456e-01
2.390139872707450208e-02
-1.165725839777114414e+00
-9.559072346741386283e-01
-1.240122626495726132e+00
-5.778604604041457371e-01
-1.663326273701879021e+00
-1.418651957591136714e+00
-1.710340511582894019e+00
-2.658002563365340354e+00
-3.864654476773228708e+00
-3.618394948151837820e+00
-2.985272380149718074e+00
-1.831466039517466893e+00
-2.164119571464003577e+00
-2.007050185179569901e+00
-1.704828218462504319e+00
-1.895953368209398748e+00
-1.082797085899444456e+00
-3.200475532527282674e-01
2.193724923691625639e-01
7.131168702232616452e-01
9.199095779090313840e-01
7.138750781456488781e-01
7.176356626600922661e-01
1.575686254510626050e+00
1.717560544900247788e+00
1.119385164330050308e+00
1.522431285787748667e+00
1.922361747612027827e+00
2.385108820509905136e+00
2.582784500488029433e+00
2.409650519233835997e+00
1.919291347343845322e+00
1.505148184701472935e+00
1.564278808758421624e+00
1.544345438757175559e+00
1.195651289212728230e+00
2.100476435221093396e+00
2.568775724297066354e+00
1.973570726250709617e+00
1.538718912580969711e+00
2.300844850912431017e-01
5.452521191329705585e-01
5.453090496354175976e-01
-7.776341309847798478e-01
-1.285370336532209778e+00
-5.644350637203318088e-01
-1.463878206897049339e-01
1.061395700197684255e-01
1.159463281046300455e-02
-2.755572778912425136e-01
2.191646307964488782e-01
8.354189000637607387e-01
-1.194746328320877293e-01
-1.362016837385710666e+00
-1.686161782756321337e+00
-2.186568360291414770e+00
-1.964651206329281585e+00
-1.834462663488092282e+00
-1.164757231219085032e+00
-3.039137165038796606e-01
-1.949524200076466762e-01
4.338360066960968986e-01
-7.102923853725363890e-02
2.636585834692377617e-01
3.190535342041556088e-01
-4.141983827565229315e-01
-1.472665379216551163e+00
-2.363621700230096767e+00
-2.042049470072995643e+00
-3.110881591039440952e+00
-3.188424535455029574e+00
-3.180083316684174655e+00
-3.475093577993979999e+00
-3.498389171300647860e+00
-4.086436588684975391e+00
-2.681839715139559654e+00
-2.640827417885161843e+00
-2.415337290144171423e+00
-3.252284945369883218e+00
-4.288919034174071498e+00
-4.929776917755308574e+00
-4.602264430968868503e+00
-4.876363666481992709e+00
-6.200227143761738446e+00
-5.767720283636380785e+00
-5.917334355036414806e+00
-5.313527839129157826e+00
-5.088990608072281319e+00
-2.809458097372324659e+00
-1.008080516949456884e+00
-1.183678973484944219e+00
-1.207986798242527193e+00
-1.197389734772509096e+00
-8.529798803192936152e-01
-2.313881300893942061e+00
-2.783706446883969399e+00
-6.082066980515873356e-01
1.816170763477056083e+00
3.114793294992511008e+00
2.833435364462193906e+00
2.076829225638173959e+00
1.267674249071288894e+00
2.650604520133736486e+00
3.922326104665621038e+00
4.556509893483957185e+00
4.792440028804175967e+00
5.583597386562660247e+00
5.866466944972899000e+00
7.371993356659432450e+00
7.069530301305491982e+00
7.926852283585335002e+00
7.903705047992026778e+00
8.405899330585620888e+00
8.740293935257138713e+00
8.882008435784065625e+00
8.841708323965759675e+00
8.154717962053469549e+00
7.623450820294767283e+00
7.219486062646549129e+00
5.605517806225719823e+00
3.701574571389972146e+00
2.758243933723412589e+00
2.228405603097694421e+00
-5.658912136385474412e-01
-2.820226314709796123e-01
-3.820366441931197343e+00
-3.871540753475567698e+00
-4.267964301516639303e+00
-5.567219139346791579e+00
-6.772705289479372226e+00
-5.880064743638380165e+00
-5.922707463755447321e+00
-3.787111536666947220e+00
-5.374499896076543326e-01
-1.136971960764564527e+00
-4.374078121424058163e-01
5.420110153307990952e-01
1.026758049427037633e+00
1.127651883466060490e+00
1.677784338130706931e+00
8.578734617319543343e-01
3.077985480987937561e-01
7.326120284530357463e-01
4.127051165993139703e-01
7.271961773922843708e-01
7.208890944699446468e-01
-2.086753783664620221e-02
-8.278233646097742371e-01
-2.128606084513049002e+00
-1.769146673083502819e+00
-5.035831752314152254e+00
-6.194332306502341012e+00
-8.663232521701697664e+00
-9.187089111717027023e+00
-7.309362479653790601e+00
-5.832575038586849558e+00
-6.089429440703333363e+00
-2.799321193980918387e+00
-2.126250409281947196e+00
9.704539373712086636e-01
2.194484165014058963e+00
2.447934199336029959e+00
2.356004506184366853e+00
2.056211902213083587e+00
1.258998768533078350e+00
1.260125707674822237e+00
1.707143096556142714e+00
1.501397515729033794e+00
3.432692836975345108e-01
-3.216133233338587527e-02
-5.200272768056515282e-01
2.584984290061825840e-02
3.792400430065118733e-01
1.198389237077145397e+00
1.026587983042101193e+00
1.021572641447192398e+00
1.357916131053106046e+00
2.157497720418787068e+00
2.644369450879888284e+00
3.375358663212813859e+00
4.147632862511530405e+00
4.924467793221061207e+00
5.606014738800430663e+00
5.398746049501035316e+00
5.012033915145217122e+00
4.937664523640896697e+00
5.523915501390243676e+00
6.147450712078343926e+00
5.992440142385957458e+00
4.882113697587156409e+00
3.179700642121656262e+00
3.241320563450525327e+00
1.755256442016701612e+00
2.989678863617374338e-01
-4.708676738856157895e-01
-8.049406492936366231e-01
-1.500879726294955141e+00
-3.078070569779525756e-01
3.167772820805351275e-01
1.743748270777067955e+00
2.814053303225410030e+00
4.029519443967076953e+00
3.749307324150887410e+00
4.262782475955087413e+00
4.569785484541325715e+00
4.445648084099210529e+00
4.309080912841215749e+00
4.332677247956758571e+00
4.002043390910311693e+00
4.413704260769391929e+00
4.440570655955500712e+00
4.390780810400812584e+00
4.586155615415204778e+00
4.527622098996875621e+00
4.683860860312457852e+00
4.414562692618851258e+00
4.237230057313636777e+00
4.175267550873970279e+00
3.731836487466544394e+00
3.964916436190597526e+00
3.205848127779667323e+00
3.754142608767873757e+00
3.355500926875729650e+00
3.908204544061917307e+00
3.856772764554107447e+00
4.401543799552626091e+00
3.950066351043162616e+00
3.826766530046027626e+00
2.484274173669829278e+00
-5.594890777323475728e-01
-1.276482804216769740e+00
-2.223337668298923653e+00
-9.330138924988822247e-01
2.607891619836851804e-01
4.474580898219845948e-01
8.633478756540485799e-02
-8.317598346152544897e-01
-1.400925573753658282e-01
1.445182131396796077e-01
3.690909413261036359e-02
4.374229068201411774e-01
-3.654310666093930848e+00
-6.143232711048867145e+00
-2.469556907271595048e+00
4.222832675899091393e-01
9.623433507173422274e-01
2.667648895577306334e+00
3.526871039309781075e+00
3.328295348707239310e+00
2.902499373911785696e+00
3.612063217933402015e+00
3.874929917282029734e+00
3.465214066249930447e+00
3.094700538634413967e+00
3.459107162188956419e+00
3.676436239704876652e+00
3.757961127200392770e+00
3.503890096134086640e+00
3.706660445782456570e+00
4.224642175058287208e+00
5.215349889142181006e+00
5.455836877830319231e+00
5.695105942186091674e+00
5.592807168088320680e+00
5.572611976085193319e+00
5.242532293543792576e+00
3.934694740735339202e+00
4.146751415504104088e+00
2.365502526167109654e+00
9.589137181426899970e-01
-1.859803785865760672e-01
-4.857692750287438965e-01
-1.570785259255867983e-01
6.928129501556188341e-01
9.214648698370304647e-01
1.689936027938939045e+00
2.616288594400777878e+00
3.630441109099018071e+00
3.066603898562535235e+00
2.942940671371565120e+00
4.494422489882720306e+00
4.781574096261886453e+00
3.976150413115083104e+00
2.999509454120035112e+00
1.822206781707908174e+00
2.260497618230628447e+00
3.420218990297168027e+00
3.350324904769057532e+00
3.969885410334284437e+00
4.658093332502557971e+00
4.999106052077405771e+00
5.182321448589172874e+00
5.811713495779144978e+00
5.389563240116478582e+00
4.800888545235259208e+00
5.179660792560469851e+00
4.948483624230687106e+00
4.193433951947048932e+00
5.057082621557601243e+00
3.985550532825521852e+00
3.347932392166695248e+00
1.803787525266050018e+00
2.460926985258991895e+00
1.472167884690015194e-01
2.398204659361370616e+00
2.565747908356505569e+00
1.391302757551647895e+00
-1.873309704516766594e+00
-5.305690694979148248e+00
-4.811923453868617528e+00
-3.799830127145823688e+00
-2.568915622034186441e+00
-3.621364414045077362e-01
-2.479903736496552047e-01
1.577532629339375436e+00
2.220518770436706646e+00
2.529488707567101535e+00
2.428028769494062544e+00
2.155892403966526594e+00
2.580541489053867377e+00
2.933716368708745748e+00
2.867045374795477386e+00
2.472374824448931196e+00
2.138952956944623729e+00
1.112928520137779209e+00
6.788230571738697039e-01
1.599724122081929711e-01
-3.317030442388462647e-02
-9.931361986956682708e-01
-1.707130362574099669e+00
-1.216283238900821351e+00
-8.529825919906840470e-01
8.690596102325298666e-02
4.771013399842643499e-01
1.075466309625385364e+00
1.563508937064399973e+00
1.687730090814337114e+00
3.030215114928270115e+00
4.065646279126353235e+00
4.208218360541096104e+00
3.913476321027102856e+00
3.379373778923419280e+00
2.996194592336344442e+00
2.735562805515372897e+00
3.364387962393641907e+00
4.169871846592046793e+00
4.812407661686477489e+00
5.098549151908801313e+00
5.324566719512063173e+00
5.375870992074082366e+00
4.966424354971740840e+00
3.980101960288090268e+00
3.131246579500055027e+00
3.002461795229755204e+00
2.884209503765981175e+00
2.799532569081076172e+00
1.944608949650385110e+00
1.134351747547937217e+00
1.341185292083835190e+00
-6.038930210020738709e-01
-6.407576320113852475e-01
-4.453850389289431000e+00
-5.224139980788191195e+00
-6.306339826362940215e+00
-6.630380115874547009e+00
-4.798185695098612591e+00
-1.199422251757107372e+00
8.390223535440286540e-01
1.603947781474024836e+00
3.032506436541834383e+00
3.417293969025608114e+00
3.291147784338543936e+00
3.065955773544353224e+00
2.832463672836962765e+00
2.540038708064061179e+00
2.012156188911386145e+00
1.713623061868465136e+00
9.656722219039366450e-01
8.342836619069416981e-01
9.370004144597361417e-01
7.794332196524556000e-01
6.527976518099604109e-01
1.568023282319162548e-01
2.762415255168393924e-01
3.654345311397794727e-01
6.298174244044717485e-01
1.747308045984981240e+00
2.910541857034591562e+00
3.405969813428805004e+00
2.954198053404059721e+00
2.374220356571554724e+00
1.841000985892859987e+00
-5.758014180935911996e-01
-4.232736695817195915e+00
-5.301003974837811938e+00
-5.971706816781116700e+00
-5.903713344960133114e+00
-5.140470865111609555e+00
-6.742284230009970791e+00
-6.434302678060595859e+00
-6.584587534345413218e+00
-3.069439863825222048e+00
-2.934926559631271914e+00
-8.637721523916849775e-02
-2.409283289110079052e-01
-7.192127701961675834e-02
1.797594537605536225e+00
1.906125722478608342e+00
1.433172184949937478e+00
1.059914032532590866e+00
5.754992278525993266e-01
-1.647298137718269662e-01
1.006190610553880649e-01
-1.484885746150560681e+00
-1.992939884418619467e+00
-3.390320349674976086e+00
-3.222214188275132063e+00
-3.421209539727394056e+00
-2.942849324708369352e+00
-1.912832020419198642e+00
-1.428273740465855202e-01
-6.839843635075849582e-01
1.653036903746027519e+00
2.787893530573661849e+00
3.904172657520125433e+00
4.026610274419465618e+00
5.675632540188999542e+00
6.193627513098619808e+00
7.302727135552196103e+00
7.492087754480422745e+00
7.467861927850711901e+00
7.177801467458911233e+00
7.372200381114337731e+00
6.465528504954018096e+00
5.884243707206868734e+00
5.680111228624237896e+00
4.736829674389802847e+00
4.834420088208656985e+00
5.162955312424587717e+00
5.299178694583841498e+00
5.392344747248424497e+00
5.586862008240402133e+00
4.753879426897632321e+00
2.513253052920372266e+00
-2.086907846506856679e+00
-2.466470880686672196e+00
-3.292160845897389887e+00
-2.487791434057317730e+00
-4.923434131909515621e+00
-3.742204085987412832e+00
-2.867249964716187982e+00
-2.671518624552407406e+00
-2.866670309672114669e+00
-2.090997644276027856e+00
-6.824691932052939780e-01
-5.475453043504026063e-01
-7.815931632975946508e-01
-4.444643133836248539e-01
-1.024120228610543526e+00
-1.067487601107344419e+00
-3.426759813410019673e-01
-6.399844818333622065e-01
-1.857581421554266532e+00
-2.358815729278896711e+00
-2.630011406602817736e+00
-1.306573965823991212e+00
-7.879971136790537845e-01
-4.709098667014755546e-01
-1.050781831966341034e-01
-1.298430782410167073e-01
2.695100545411472370e-01
1.177062982251948081e-02
2.552703410912545712e-01
-1.666777871596480665e-01
-4.334018473737713539e-01
-6.628196699185702201e-01
-5.896831842184756534e-01
-5.286320257143671819e-01
-1.360172575095843772e-01
-2.319727456023583378e-01
-3.053427182247906990e-01
5.321912115364231255e-01
1.836896293081818232e+00
2.801656990589938445e+00
3.243752472828637323e+00
3.545104263210603790e+00
3.427522683562545858e+00
3.243014797158598306e+00
2.817505702888660757e+00
2.337012863195565782e+00
3.373817350422856354e+00
3.761649620759910384e+00
4.010610465418550596e+00
3.839996690026041382e+00
3.148834271435729359e+00
2.450248150001788972e+00
3.038895928040217242e+00
1.885214946739479869e+00
2.422706197682225504e+00
1.642994157929220655e-01
-1.089281734676769142e-01
-2.260969580954607761e+00
-2.709892646950297745e+00
-2.556378781864645511e+00
-1.857127808709502448e+00
-2.046194094541877284e+00
-2.210428870501675913e+00
-2.269563474395154934e+00
-2.382114881345062329e+00
-2.936392709668183443e+00
-3.901446605380032295e+00
-3.681300458346940641e+00
-2.739697473888141666e+00
-2.145422824606621592e+00
-1.613347038274817180e+00
-1.457187576054912670e+00
-1.980753801964195926e+00
-2.190608929343039524e+00
-2.872645371269328507e+00
-2.615444805313947185e+00
-2.068763798945839838e+00
-7.306800653323588524e-01
-7.160888144615772388e-01
-3.310910027993290705e-01
2.124620941738226687e+00
4.139627820276072789e+00
4.427198604119642944e+00
4.798420349168401877e+00
5.734017544368937180e+00
5.812337895535623744e+00
5.946003789506317361e+00
6.022746726878015266e+00
6.879279561838654189e+00
6.644254976686209346e+00
6.640723686014327498e+00
6.485801158473515571e+00
6.579370305117441475e+00
6.535468938595455413e+00
6.261450881884601749e+00
5.507708823826975575e+00
5.240631096137513545e+00
5.556692060858432924e+00
5.417155404867290081e+00
4.518482429186145843e+00
3.900479719401206857e+00
1.416682455690924325e+00
8.485934246034458894e-01
-2.769014242627484634e+00
-6.325045296717760834e+00
-8.307416682844145583e+00
-7.938098948544563882e+00
-2.793197347785223883e+00
4.839105004332248106e-01
1.987703902834010217e+00
2.520160713446728984e+00
2.676553377162758540e+00
2.742945153754555054e+00
3.033092454843056451e+00
3.180335031206112717e+00
3.055017133145247588e+00
2.877688065933536876e+00
2.302703058434297123e+00
8.719794763169261831e-01
-3.785483426699570719e-01
-1.476859531915784896e+00
-2.177187779999300243e+00
-3.048596412306154413e+00
-4.568138657750878906e+00
-5.295074539341158903e+00
-6.049921589543431288e+00
-7.346379500101827276e+00
-6.350621737716433124e+00
-2.182377849152970395e+00
-1.502185820886374978e+00
-2.726701972841667931e+00
-9.124377235285331400e-01
-1.583303466440777463e+00
2.877799197528673192e-01
1.118583125443541437e+00
1.867130821534921381e+00
2.648766888788318230e+00
2.342865099870426349e+00
2.147562074981577140e+00
3.027714129886323491e+00
2.458755695451672274e+00
2.774634741020093998e+00
2.807713254642647982e+00
3.342211858248711920e+00
4.099229172289438949e+00
4.954753023653452715e+00
4.919887025174057626e+00
4.002721596200615295e+00
3.147653365569717643e+00
9.768555551453057539e-01
1.626429957002659688e+00
2.955143235657727629e+00
4.292097163952280248e+00
4.829911396267998924e+00
4.377741455820697958e+00
3.497696506424690099e+00
3.775040859664059667e+00
3.885120710540911126e+00
2.486295841252248007e+00
2.695211329396967059e+00
2.554671987170867187e+00
2.227079127796670388e+00
1.478850858182232386e+00
1.851900503494141592e-01
2.777531654238455522e-02
1.008767981596153884e+00
-1.461377620883920869e+00
-2.323530758099030979e+00
-2.064997864487481571e+00
-1.413235806354965485e+00
-9.935497586656087954e-01
-4.690806198157347895e-01
2.642740641344210051e-02
2.876558593447859913e-01
9.763556620487632287e-01
1.277916933501265451e+00
1.162973081248974250e+00
7.229929687454614839e-01
4.389743604458853921e-01
7.312503481730091076e-04
3.032539212658337258e-01
2.950846515972707085e-01
1.353536526581751387e+00
1.990970757006422343e+00
2.015775333940135638e+00
2.964522622290777232e+00
2.777573767710561636e+00
1.602669861959346687e+00
8.258594938982598554e-01
1.374845481286145255e+00
8.533231097082440986e-01
5.544402171980965521e-01
1.224386851688948452e+00
2.086016987714805815e+00
2.168927204118397345e+00
1.892243112592477239e+00
2.724266082629549501e+00
2.752554026714790769e+00
2.772694553574655885e+00
2.038410489998414565e+00
1.433988105136050129e+00
4.761061783256924362e-02
-1.944764035220746257e+00
-8.201318405421247348e-01
-1.420115947468625350e+00
-1.779269826876197724e+00
-1.476838481624799027e+00
-5.683094570714769533e-01
-3.140041231190952159e-02
-1.050066255699310780e+00
-4.103591203883211747e-01
7.342408948918990319e-01
1.427870231533050482e+00
1.618280129887470942e+00
1.392491853362597398e+00
4.652807237874444501e-01
1.903717068795730549e+00
2.786972115855548715e+00
3.444537744326623852e+00
3.464241007591208454e+00
4.925103354728111782e+00
5.071859768593652618e+00
5.282163060984680136e+00
4.976005023447648057e+00
4.291452075839017333e+00
3.868495338916772663e+00
4.492047237932244919e+00
4.194088590432846431e+00
2.264017838977509633e+00
1.361916128875148846e-01
-2.768430604217950730e-01
-1.307908688570009526e+00
-6.334924319529757764e-01
-1.444211783719262954e+00
-1.617235190165719816e+00
-8.858342472051250471e-01
-1.466773883943140344e+00
9.905045653137305450e-01
2.835516426856377059e+00
3.117500555743319524e+00
4.935827986069096340e+00
4.578113054640024160e+00
4.580765514818320838e+00
4.727749949078999592e+00
5.296785681992038697e+00
5.260525305975747301e+00
4.507155222352952961e+00
3.762543183509389877e+00
3.736816897483510314e+00
2.825128036343910853e+00
1.961863617249116398e+00
2.242547228212159904e+00
3.123210970016385257e+00
3.225009500904778559e+00
3.454825726241664618e+00
3.164952672196277739e+00
2.825580607771938979e+00
2.517518804639052199e+00
2.937254667348993209e+00
1.689445549335994778e+00
8.791187988291349065e-02
-1.165104482393205965e+00
6.521736159321147586e-01
2.357694302783754470e+00
2.712379637984038361e+00
2.594121621496184193e+00
2.389723839516509685e+00
2.655939263651811988e+00
2.830179603575897040e+00
2.482457531903946357e+00
2.376550188473128156e+00
2.776249184444321561e+00
3.063834534680081045e+00
3.125020779346110888e+00
3.166942193807405381e+00
3.186576789546376354e+00
3.771366848536018779e+00
2.856823934430016809e+00
3.920439458831169510e+00
3.915425188480943675e+00
3.341463325125050954e+00
3.233620328254410037e+00
3.108815602121883792e+00
1.798092629820160715e+00
2.265797821686627245e+00
1.940413476981506680e+00
1.806907508633097681e+00
-4.411215194145919893e-01
-1.826423205047103426e+00
-2.457693616484585064e+00
-2.876375484002875904e+00
-4.980329200747116936e+00
-2.077865064717490551e+00
-3.710650949495382545e+00
-7.140531158312713345e+00
-7.348099463385039165e+00
-3.487649408766259729e+00
-2.789704836126877474e+00
-3.346754804620286072e-02
-1.892849889629187876e-01
7.810236073830931769e-01
3.700434571033021092e-01
1.834155423345703861e-01
-5.941795942418790499e-01
-2.406923294857753692e+00
-3.203875186223838156e+00
-3.158677389161858695e+00
-3.504307102421876152e+00
-2.512966122378665901e+00
-2.450517573883647771e+00
-5.947919048694521926e+00
-6.912803941652057027e+00
-7.234825781477955964e+00
-6.519945743244393022e+00
-4.558969442303315134e+00
-2.488002829932119297e+00
-7.556373532916099700e-01
2.791458749530708050e-01
9.740733484416306265e-01
1.461289754646596162e+00
1.967666024497498389e+00
1.868770828939208872e+00
1.503842113800518687e+00
1.184081621942819851e+00
1.005331360394411178e+00
1.310996660181322548e+00
1.257896894621978179e+00
8.571232047489941719e-01
9.818677829078452657e-01
8.150310153205331254e-01
6.298007492358095316e-01
1.549306158471202843e-01
5.501201607766613710e-01
-1.817710343098795645e-01
-2.498495589517808479e-01
-1.089330992041680490e+00
-1.603216074724618023e+00
-2.631629502296906509e+00
-1.754423457018441157e+00
-2.507479973218909475e+00
-3.087168377580901790e+00
-3.490266245260044808e+00
-3.280480839605521393e+00
-4.525647281713815140e+00
-5.756248393072077363e+00
-6.499482108987363560e+00
-7.468076628725347277e+00
-8.734971154228915680e+00
-7.263986949518951519e+00
-7.075246134467615633e+00
-7.701333758110019190e+00
-7.142743746702557850e+00
-6.367539482218861124e+00
-3.641588527417109589e+00
-2.607305669246524626e+00
-3.038575942938672725e+00
-2.833798329362033908e+00
-3.050680165423772294e+00
-2.161271136540930282e+00
-2.086234661282615477e+00
-2.403713387898470000e+00
-2.231445606321099007e+00
-1.783658049952822955e+00
-1.672497124985606876e+00
-1.619078761683901968e+00
-2.225044222649675163e+00
-2.836682197368674885e+00
-3.454770208687309108e+00
-4.157312426314712539e+00
-4.494333755724193580e+00
-5.500852117226243898e+00
-6.186680583732964145e+00
-6.380473123163817206e+00
-9.350794184286536748e+00
-9.646764931832104040e+00
-9.389572824194010181e+00
-9.325720761680749149e+00
-5.218137575548558615e+00
-4.283899207605300852e+00
-3.345619066171959588e+00
-3.436914914341141269e+00
-1.563688642249969618e+00
-1.768081427257277571e+00
-1.995792019090369074e+00
-3.164283334123376257e+00
-3.272873518699924045e+00
-3.044058312392654120e+00
-2.923673559846511338e+00
-1.401693884378981680e+00
-1.056862010794536566e+00
2.117778785851379408e-01
2.804918699266579774e-01
2.358011658607661876e-01
7.124431281539745919e-01
5.327272472916746437e-01
-9.967994113536455814e-01
-1.425539208498485033e+00
-1.615592258762829303e+00
-2.553062444420474364e+00
-3.073981520569018855e+00
-2.824196852263732183e+00
-3.402418644668003367e+00
-4.275824516885416315e+00
-4.614115139153295075e+00
-4.485119832676502050e+00
-4.159874270371524574e+00
-4.602721063878155938e+00
-5.890875944070145920e+00
-6.584672217110425052e+00
-7.112841930457005191e+00
-6.758691936308114379e+00
-8.927263359810158505e+00
-8.742162575368325861e+00
-8.675587873088863589e+00
-6.232455151053319931e+00
-5.699648502050660426e+00
-6.085251306516004099e+00
-5.965888045216633628e+00
-4.953279767490466945e+00
-4.529409698770605175e+00
-4.341698312870408749e+00
-3.869046755285231676e+00
-4.816941576295016070e+00
-6.270051013569989173e+00
-6.545311614927669552e+00
-8.321609111434046469e+00
-8.342898708783646811e+00
-8.386146401668163719e+00
-6.992285369715601995e+00
-6.074459580360008992e+00
-5.589326703823187970e+00
-5.998168461206829782e+00
-5.059697411132253464e+00
-3.227332953973260032e+00
-2.701564818428430659e+00
-1.869017875150087216e+00
-1.736452728887440067e+00
-1.357376856781279395e+00
-1.613313621538185139e+00
-1.016564152051264269e+00
-4.303470558763339282e-01
6.459470649785366003e-01
9.178247998784666573e-01
1.647371495819509146e+00
1.570980055918098195e+00
1.483708765909971028e+00
1.269448366218409507e+00
1.425793967748151925e+00
1.530639364331285446e+00
1.038718456076483942e+00
9.144124273288627425e-01
2.513493932411599019e-01
-7.609118843241287067e-01
-1.436607333012787313e+00
-2.844073455190875954e+00
-2.952128493459968528e+00
-5.282285834517401746e+00
-5.361563581789750010e+00
-5.243132346617288775e+00
-6.254556160763523387e+00
-7.540846797230182474e+00
-7.597083543656983018e+00
-8.189338110521385161e+00
-8.205974553855321929e+00
-8.799828089497495398e+00
-8.381886736239049895e+00
-7.542911448126136342e+00
-6.984501999494238333e+00
-7.121627247535736061e+00
-6.072683453512879304e+00
-6.585069588204365054e+00
-6.895104480654610235e+00
-7.433612029716049285e+00
-7.999040673130214607e+00
-9.038657821019489447e+00
-1.003517026719030625e+01
-9.891136527495508091e+00
-9.427559734120659840e+00
-9.691042585258099251e+00
-1.084491269215080322e+01
-1.373842177513496132e+01
-1.289853869622245242e+01
-1.805811359834056873e+01
-1.803770186247776763e+01
-1.482969385127693585e+01
-1.529742303295642536e+01
-8.852027964668160109e+00
-5.849034501207674985e+00
-4.265877743947660505e+00
-3.147572085585219170e+00
-3.202581258078600168e+00
-3.255973988814637288e+00
-2.886724389162531157e+00
-2.698538570690236504e+00
-2.277560736687147536e+00
-1.915635528214778782e+00
-2.250783071639061994e+00
-1.211999799183922200e+00
-1.427302082435990105e+00
-1.289932289042605262e+00
-1.342553696824828391e+00
-4.877436759315095793e-01
-7.563166244451137443e-02
-5.293624789427786581e-01
-9.416268930818328942e-01
-1.139717645226132614e+00
-1.248889270889171010e+00
-9.361488085995812725e-01
-1.106147508671550206e+00
-1.883817662827727890e+00
-2.760273237346297037e+00
-3.587210901964531296e+00
-3.903248331799586968e+00
-5.169320929288629962e+00
-6.452856571445311218e+00
-7.674858687003506930e+00
-8.718609899645434425e+00
-9.681860818115842093e+00
-1.120491153868395173e+01
-1.219866850519925983e+01
-1.192138669601316536e+01
-1.222783721782072774e+01
-1.474539218612863678e+01
-1.433866739647809752e+01
-1.347066952246677118e+01
-1.280691107175317534e+01
-1.266698929853330924e+01
-1.461937771901877170e+01
-1.171569544795663020e+01
-7.088536387659097215e+00
-7.432100200315788996e+00
-5.784122383302737092e+00
-4.104201587490838854e+00
-3.395257651606309324e+00
-4.334418007664381456e+00
-4.351809922194181723e+00
-3.332979169434552968e+00
-2.281926211934920179e+00
-1.601157361293394699e+00
-1.414176296135206012e+00
-1.020017203007790529e+00
-1.429603343470088994e+00
-3.369145596476092130e+00
-6.437958957848337604e+00
-5.226024251494668427e+00
-5.940193113320400897e+00
-8.896479413510192558e+00
-1.157692506498757545e+01
-9.505853581283540521e+00
-7.829192798657041763e+00
-6.999327538820212524e+00
-6.074096104659838957e+00
-5.908871199239102978e+00
-5.762303415924304062e+00
-5.938703861660686201e+00
-5.465903898520293680e+00
-4.336007477756509410e+00
-2.880882991888928935e+00
-1.831082273240401292e+00
-1.404894397289990993e+00
-1.867767943750685777e+00
-1.681936314025368251e+00
-3.563888717643362014e+00
-5.654875860216721506e+00
-8.220441020547600175e+00
-1.062195179421040336e+01
-1.110467863894482043e+01
-1.077664950320203374e+01
-1.292441272488079562e+01
-1.251719887455546143e+01
-1.214406554510491887e+01
-1.108793549195774553e+01
-9.804798472290926270e+00
-1.016766751636888699e+01
-8.108528259431890817e+00
-7.686650510285002014e+00
-6.594359520064782210e+00
-7.120559195045444767e+00
-6.699407603670570310e+00
-4.769166100901021110e+00
-4.673058797952846177e+00
-3.611060637855363353e+00
-4.129191909150884854e+00
-4.345252213410708109e+00
-3.684043578808830155e+00
-3.649184999097641047e+00
-3.536821115809786420e+00
-3.833226997655022394e+00
-4.030275386857518960e+00
-3.978964671626189720e+00
-3.897130976523343726e+00
-3.445559042826560336e+00
-3.625193634420770472e+00
-3.617492895790013208e+00
-4.245383432312842764e+00
-3.909106817147521173e+00
-4.043889123771999827e+00
-3.619914960753265465e+00
-3.669556824857688859e+00
-4.346857610434363473e+00
-4.500062853827357046e+00
-4.769706979755640397e+00
-5.078703604212922329e+00
-5.036164844313227640e+00
-4.825795910048586990e+00
-4.396250184080181533e+00
-4.712629432098540683e+00
-5.028444722937671862e+00
-5.042951545667345492e+00
-5.429104386704065810e+00
-5.882218889961009722e+00
-6.651589173375940689e+00
-7.187841034176614130e+00
-7.186554253646633583e+00
-8.040491028578195198e+00
-8.444193523192577544e+00
-8.459862190897847967e+00
-8.197496334286798358e+00
-8.305651182053619408e+00
-8.493401447806563809e+00
-8.138353321212999703e+00
-7.820122766673021530e+00
-6.960783699433217286e+00
-6.360274161638640678e+00
-6.230548975580600057e+00
-6.543444259823862019e+00
-7.055215753167720649e+00
-8.027337414606540378e+00
-8.038919297675562348e+00
-7.952160881738816300e+00
-8.394503475826413208e+00
-9.379188515983873486e+00
-9.202971058198354370e+00
-8.518173858527188003e+00
-8.160317122683824920e+00
-8.306202833436257649e+00
-9.799822489918287971e+00
-1.129151524786899508e+01
-1.057442290957957809e+01
-9.805963398686788679e+00
-1.052522173078360090e+01
-9.003231376094884553e+00
-7.307903258527056245e+00
-7.355996398968187577e+00
-7.619304778265635569e+00
-8.237479942511020781e+00
-8.456842088313603512e+00
-8.617340195018439175e+00
-9.350075206777642478e+00
-9.755211900224960431e+00
-1.055938103890451352e+01
-1.147044911771328302e+01
-1.068016927271454541e+01
-1.055606617966982519e+01
-1.099377993871328130e+01
-1.110013958729720329e+01
-1.157889764847839409e+01
-1.123618093322458833e+01
-1.038850793270069772e+01
-1.146655932379001541e+01
-1.159061991620782806e+01
-1.084515150440860864e+01
-1.059228956906592600e+01
-9.633881252820925667e+00
-9.101901375771715763e+00
-8.628016269963854512e+00
-9.925519507823938881e+00
-9.987732390522305437e+00
-8.774139716261643684e+00
-8.947890940928182602e+00
-8.027117210982000373e+00
-8.637523790406740787e+00
-9.605649053356904332e+00
-9.954966416154144682e+00
-9.279514021798577872e+00
-7.820944598753717614e+00
-6.165771108709407144e+00
-5.382221666402946525e+00
-3.728992854732667617e+00
-2.501070578111390663e+00
-2.114853196039587324e+00
-1.956772807400260161e+00
-1.609647233566742219e+00
-1.630198943137961987e+00
-1.298547153015601419e+00
-1.080805963623252319e+00
-1.095159296934253179e+00
-1.508523525493385753e+00
-1.383508118639013018e+00
-1.512460274756468159e+00
-1.625236213404347652e+00
-3.467376374846366183e+00
-3.363183870666929920e+00
-4.336378808310764832e+00
-6.146977811297434258e+00
-8.839560913521998131e+00
-1.242052637077313904e+01
-1.218584523624484461e+01
-1.316494388223704526e+01
-1.531991133859015086e+01
-1.451658908470792220e+01
-1.282926700500717487e+01
-1.281257522349171118e+01
-1.320338709688282464e+01
-1.297988188510835528e+01
-9.642543863225341738e+00
-7.242562742619909955e+00
-5.662177133013967634e+00
-6.150394150416164329e+00
-4.945831739907632141e+00
-4.056930717924648100e+00
-4.217342046951309875e+00
-4.330978100107881978e+00
-6.337206103693619141e+00
-7.199641292984112262e+00
-9.643895879649903691e+00
-1.276810903754888038e+01
-1.123036818471160103e+01
-1.029595819321624006e+01
-8.809908708635440178e+00
-7.422577037365516439e+00
-6.521151319987389172e+00
-6.608258716520860609e+00
-5.528785770094781782e+00
-5.104861970600545362e+00
-3.744029732155698564e+00
-3.194000068275254733e+00
-2.897639585324115252e+00
-3.057777062394552825e+00
-3.785560922467209544e+00
-3.582074941436521165e+00
-2.800411807896290295e+00
-2.762856015188049241e+00
-3.386768083583614697e+00
-3.891333915033050594e+00
-4.858602871267839518e+00
-4.843884112624787797e+00
-6.179569464977479498e+00
-6.976870316392336235e+00
-7.137412710820575157e+00
-6.764607664533084375e+00
-6.279286425544251316e+00
-5.679170565735704557e+00
-4.955356424133077198e+00
-4.470296445543224806e+00
-4.345368556563772522e+00
-5.021426839869996606e+00
-7.022484903617459473e+00
-7.553459652169284055e+00
-9.033068528798091634e+00
-8.814622696965688675e+00
-9.908926781285387619e+00
-1.145421945425092680e+01
-1.208121048731717728e+01
-1.275666088276348198e+01
-1.415868688345080528e+01
-1.200465916574716907e+01
-9.976325266646629331e+00
-8.692970061278298743e+00
-8.419655871058004948e+00
-5.795225173596659118e+00
-5.667286699515861059e+00
-5.814914996416589155e+00
-4.487054602501459932e+00
-4.461154873330245074e+00
-3.354880757516855549e+00
-3.031016379729135402e+00
-2.577813951735208331e+00
-3.407771340550333150e+00
-2.734738257504850445e+00
-1.457396172518564681e+00
-7.651906792229689058e-01
-4.770174928995064012e-01
-2.300900737263296691e-01
-4.890131088854847707e-01
-7.988954989718232147e-01
-1.215639484082867483e+00
-1.638935209795582493e+00
-2.550948062400305361e+00
-3.952491078777588207e+00
-3.874126737396968778e+00
-3.242160516688451288e+00
-2.940397884575690846e+00
-3.526870061962728897e+00
-3.348470277116621041e+00
-3.681429588916915296e+00
-4.455879802079335761e+00
-6.896442170415129524e+00
-9.030277269902224901e+00
-1.081008494510418139e+01
-1.314325573345572984e+01
-1.258264088444471440e+01
-1.156636567112814618e+01
-9.488631647931146773e+00
-9.854246752578076141e+00
-9.588828587496621481e+00
-8.689684617587730031e+00
-7.932810737053395123e+00
-9.024748184619152624e+00
-9.864919769756667733e+00
-9.568769853934526282e+00
-8.508498920890296802e+00
-7.271061017974048468e+00
-6.693839151533572007e+00
-6.018323470695054134e+00
-5.611836262495168981e+00
-5.143295454662537125e+00
-4.405762394903839585e+00
-3.722334139923329843e+00
-3.451194405898789785e+00
-3.206648258277927432e+00
-3.624154109984293992e+00
-4.627318631297120177e+00
-5.976409936414266433e+00
-6.359615875271288132e+00
-5.984799167770724182e+00
-5.900881547002088112e+00
-7.492574107012302420e+00
-7.637410135696787172e+00
-8.091799317484655418e+00
-7.463302088936839773e+00
-5.156358635646105526e+00
-3.548724559537362211e+00
-1.383982272805002633e+00
-1.487504997724995448e+00
-7.371097734258347245e-01
-1.444429079875233224e-01
7.381462383352139778e-01
8.407069869931549366e-01
8.024473004735904746e-01
6.733851588309435199e-01
6.637291000556184706e-01
5.024791259814878064e-01
2.612776980767183566e-01
-1.158190932452576524e-02
-5.961874158535622747e-01
-1.659635590882304834e+00
-3.326347894342566835e+00
-4.423424061728119305e+00
-3.834331021502479508e+00
-5.788322492259093011e+00
-6.013315028555227926e+00
-5.804893371040902750e+00
-5.548501669084958010e+00
-6.226920831065950068e+00
-6.618987717065545340e+00
-6.401353246994000656e+00
-6.944410194563976013e+00
-7.001265040808818618e+00
-6.496768039015917928e+00
-7.665758048022583537e+00
-9.016139046852696737e+00
-8.771366083009397130e+00
-9.588344572320607995e+00
-1.064943314902918559e+01
-1.360458573906882052e+01
-1.357525255876985781e+01
-1.123105468318343902e+01
-1.086802366379242812e+01
-1.113440061084749999e+01
-1.030487659962600233e+01
-6.904864873949501991e+00
-7.576415674503380160e+00
-8.078970844492129544e+00
-6.971015074787313637e+00
-5.804982887832370153e+00
-5.241993681795388049e+00
-4.373341434413278606e+00
-4.020229220734375275e+00
-4.293983904594586676e+00
-3.274832953458588047e+00
-2.842795740535903892e+00
-1.757466454946004397e+00
-1.109375957802325230e+00
-9.806113630964461425e-01
-7.637178682081247061e-01
-8.684144794202051099e-01
-8.758958618081673642e-01
-9.511387191681630604e-01
-1.740316815440186238e+00
-2.855777768352915746e+00
-2.498565969879883220e+00
-3.864909083065592554e+00
-4.174317077095821560e+00
-5.293907567756161114e+00
-5.635318714576542654e+00
-5.841622392022278731e+00
-5.755021602094069877e+00
-5.190776662600669056e+00
-4.380907443357301645e+00
-3.509186803957614842e+00
-2.918702615298985226e+00
-1.906627208441258103e+00
-1.605969504390977187e+00
-1.732226920080929933e+00
-1.705328018811944402e+00
-9.385420925354992505e-01
-2.062082316419971417e-01
2.206819516710383233e-01
3.699257000747324109e-01
9.626337641868031383e-03
-1.141965635088708853e+00
-2.378830671537287333e+00
-2.369854797146945913e+00
-3.444974605617101115e+00
-3.982365949203077182e+00
-4.863674830140963579e+00
-4.392392718768255655e+00
-6.164053926262943683e+00
-6.270602018855042203e+00
-6.388599526027648245e+00
-6.579125883994667134e+00
-5.333413056598963919e+00
-4.223064657287992851e+00
-4.745180384982482735e+00
-6.756945432150065045e+00
-7.267238580387157754e+00
-8.177314520378986984e+00
-8.878994405331212647e+00
-1.018498235479493630e+01
-1.237026964192515166e+01
-9.479661337721148939e+00
-9.160307357165656583e+00
-7.432281380859720343e+00
-7.800799428585989403e+00
-6.593764959546771109e+00
-5.244734492358356093e+00
-3.938948721188763713e+00
-1.836247091053346603e+00
-1.820331714076730778e+00
-2.730216022515616348e-01
2.990002951316761970e-01
1.534206572058860907e+00
1.742773284297202352e+00
1.200016628747589076e+00
6.655209563255168881e-01
-4.840100312807935068e-01
-3.455970385624727026e-01
-1.124858820507556700e+00
-1.206491538528414065e+00
-1.330723926713646366e+00
-2.469894963447614611e+00
-2.552549800503481237e+00
-2.302688058183199438e+00
-2.388250689837327023e+00
-2.968313189997709323e+00
-1.628900012544562736e+00
-3.578050754894807728e+00
-4.531488569933197041e+00
-5.390861402916894640e+00
-7.718649882168576504e+00
-7.524498142943052414e+00
-4.483614857184853086e+00
-2.943635436825226659e+00
-1.723676171369754151e+00
-1.564103372139008297e+00
-1.510908362670327021e+00
-1.109940049443959076e+00
-2.792572423506065160e+00
-2.960950197488822155e+00
-2.844949160095873619e+00
-2.125510269012759856e+00
-3.563227152774439244e+00
-3.389792994584475139e+00
-4.629565206124249599e+00
-4.761414584030966957e+00
-3.690726053155547248e+00
-2.395000207338171094e+00
-1.929822929263828923e+00
-3.024192157390940494e+00
-2.706868870265544569e+00
-2.466315045401235029e+00
-3.576984133663652088e+00
-1.873978478213999654e+00
-1.498583712800549250e+00
2.884835160781971664e-01
1.521868461551742824e+00
3.681328198120686901e-01
1.351964576883712965e+00
1.637244634238941510e+00
1.808513457061833751e+00
1.579578013461313546e+00
1.662182081408585033e+00
1.487437142633330378e+00
9.732956866231244897e-01
1.124807120598182220e+00
7.539956771876323849e-01
7.132067701374794622e-01
-9.299846576489127770e-02
6.201334817317377679e-01
1.392265867557396231e+00
9.782728312847411845e-01
4.701666364200178805e-01
5.639281560834796814e-01
-6.845779505792671804e-01
-1.409288397500310985e+00
-1.108409618039067679e+00
-1.925040558213760855e+00
-3.149720818903890773e+00
-4.884719991274337758e+00
-5.092489544201127316e+00
-2.884423673144240308e+00
-1.290901699943443504e+00
-1.106329907025114245e+00
-1.684882392445389954e+00
1.069280555422057688e+00
3.801824162040827737e+00
4.313697273249159636e+00
5.744948979697879210e+00
6.201299068472321707e+00
6.520601129166124110e+00
6.445872730687554508e+00
6.581891391790409607e+00
6.297146097489330963e+00
6.215736901161406536e+00
6.331747442359441536e+00
6.720584696517681422e+00
6.568651326295070092e+00
6.251392113026554398e+00
6.130079210488363017e+00
6.372851607969152177e+00
5.440729847825367393e+00
4.514840117776159900e+00
2.484668803328728082e+00
5.740645173478560181e-01
-3.126705762020934642e+00
-3.639106897257394557e+00
-4.621316192471933704e+00
-7.615464979766057851e+00
-7.095894269379043884e+00
-4.690706215298404480e+00
-2.240811136516930979e+00
-3.181662412018649300e-01
-7.863161215178186836e-02
2.283790198735650701e-01
-3.789115746093186798e-01
-2.162931544048961319e-01
9.938386076396156232e-01
1.237501775086069289e+00
1.709309463663371220e+00
1.107161314546740716e+00
8.344255800604420958e-01
6.451046903522345000e-01
8.983289886596218521e-02
-1.717203997822169554e-03
-1.932653771026840994e-01
-5.062248732397210960e-01
-1.087197180857655265e-01
1.940998716993392048e-01
3.693210624459486446e-01
4.648492160574307225e-02
5.211692496193489621e-01
1.228384418204541584e+00
1.526297960363136141e+00
1.454314327950512631e+00
1.457320951683523269e+00
8.000346749985675077e-01
3.676021271595822926e-01
-5.290659707823767294e-02
-2.914060475656138696e-02
-8.628882003726526251e-02
6.366515650916837465e-01
8.814614284279438383e-01
1.561987821885717276e+00
1.903674689167502265e+00
3.139338542261600029e+00
3.102571635604589595e+00
2.884162619721179599e+00
2.887411806846693185e+00
1.919707683774315665e+00
2.523024924057960305e+00
3.037998538008624294e+00
3.230599642374130109e+00
3.268551704715480621e+00
3.165971378739305564e+00
3.161283938825790507e+00
2.839516585103092350e+00
2.786076081628090950e+00
3.478082973384133414e+00
3.554193162953915408e+00
3.091074573325553132e+00
3.011883512647475669e+00
1.901391153163237702e+00
-4.685332423827451298e-01
-3.681406069833569106e+00
-1.012291092126312364e+01
-9.772223468649553269e+00
-7.849653131790806704e+00
-8.504235914541734331e+00
-6.111343821560279999e+00
-8.931705067901754447e+00
-9.379988751542065017e+00
-6.720925287342288001e+00
-3.237422559928643917e+00
-8.951713027318755067e-01
-4.701108861843474873e-01
1.326869161657963980e+00
1.998181773184607213e+00
2.508968231801793625e+00
1.716444815939332180e+00
1.680789948111845122e+00
2.494664664201832194e-01
-5.321748498348531919e-01
-9.269596682591353387e-01
9.223924199412825153e-01
3.781107968913848705e+00
5.182108382916023714e+00
6.045916530584189985e+00
5.817324869998556913e+00
5.812812976328141090e+00
6.297230337672420575e+00
6.091817071896153735e+00
5.783408665234048840e+00
5.329299716656825225e+00
5.140166599309288209e+00
5.130326153604149120e+00
5.601526555060324597e+00
5.915386164619784282e+00
5.860819089787607794e+00
5.893264937971141038e+00
6.188617986591482989e+00
6.218932034339107240e+00
6.121511167315624391e+00
5.715316892938091087e+00
6.422636821922861117e+00
5.430368235739670979e+00
4.994607038669063748e+00
2.598520094918146395e+00
-3.467341372025571911e-01
-4.530482232541541143e-01
-3.284697528297838787e+00
-3.042503786579921599e+00
-2.950186748751440380e+00
-3.236189700990695250e+00
-2.350903453521178132e+00
-1.084308845204379645e+00
-1.020603119084599442e+00
-1.813301017355047007e+00
-2.303263409529704653e+00
-2.788201002002654305e-01
1.531867236176207792e+00
2.325237497844284906e+00
2.644981562280964038e+00
2.792772346192396338e+00
2.343153777151299355e+00
2.270139930985134225e+00
6.997905760326448288e-01
-4.088386958832826434e-01
-5.356134429731968183e+00
-5.328015128392255662e+00
-9.978912366484347984e+00
-9.009431948033562065e+00
-5.194384651248823204e+00
-9.243595192386661052e-01
-1.404081309480887274e+00
1.588876686582502806e+00
4.246110429718502055e-01
8.857089161726159343e-01
3.569962728253100459e-01
1.578588653064594727e+00
3.420429388081773769e+00
4.629275757230329802e+00
4.671248766408862885e+00
5.307302949506652823e+00
5.650398163189452205e+00
5.482636521365060744e+00
5.088288891230878797e+00
5.041717867512942597e+00
5.034134995503942278e+00
4.364971226224013456e+00
4.129168128201284205e+00
4.036581661893288597e+00
3.193259065218200909e+00
3.656556944865998915e+00
4.206838929557893181e+00
3.907001812466286861e+00
3.368096309078739026e+00
2.725766327637956898e+00
1.958982355960332988e+00
1.653654392014861862e+00
2.348240090428869387e+00
1.991389604918386347e+00
2.474026481024530266e+00
2.449941741304750398e+00
1.480712506016923058e+00
1.012172542312425705e+00
1.509146081920910154e+00
4.545406937746113152e-01
-2.989814283373155579e-01
-8.361305218807463246e-02
9.334393211619336495e-02
1.650025354506613751e-02
-1.212221710412700437e+00
-3.103890388084239227e+00
-4.014268035890933284e+00
-4.025803047627920961e+00
-2.947116433619397569e+00
-2.284747049100001703e+00
-1.654407878120703002e+00
-5.337533161712161300e-01
-9.581924100405103673e-01
-3.756303426804187273e-01
-4.500283367880624219e-01
-4.255635951462920508e-01
3.351621121902973455e-01
8.294351947879484710e-01
1.917328553062218832e+00
1.888833798490880511e+00
2.163294637152086253e+00
2.099370055349139452e+00
2.070556417114246095e+00
1.720909014634123269e+00
1.668330791891528442e+00
1.618318214861797610e+00
2.009482733536830601e+00
2.521738457087842278e+00
2.642711851108790366e+00
3.056134774488988182e+00
2.639705091988813646e+00
1.965371152305850355e+00
1.293892506571716394e+00
1.415451934193932448e+00
2.076652504095232388e+00
2.402206154203856858e+00
1.906566555426765452e+00
1.792627471235169523e+00
1.601687419617179753e+00
2.468317261678312668e+00
2.826595121428226776e+00
2.301391338273540477e+00
1.307942767823992103e+00
3.167196248690116178e-01
-7.174633240258782019e-01
-5.114391979508693398e-01
-5.032048194712130940e-01
-2.993617911778136964e-01
5.060115948086919557e-01
1.539512410453363289e+00
1.934514317599667965e+00
1.873455231028892332e+00
1.976245751233919545e+00
1.713703245892379323e+00
1.935120613349671892e+00
2.502432538662247907e+00
2.281491439012843347e+00
2.195434348383727308e+00
2.765425986868819130e+00
3.118647577695973894e+00
3.624321153184628663e+00
3.664823829262701782e+00
2.475428298296977747e+00
2.175777721751251392e-01
-7.959322786483726819e-01
-6.551460898573829850e-01
-1.114866171208946266e+00
-1.359212284631621470e+00
-1.022337708940809220e+00
3.327263156565099522e-01
2.503529414023293320e-01
1.920655622691042952e+00
3.784683562018795744e+00
6.035036317598435396e+00
5.789023441443283957e+00
7.096404390094283698e+00
7.544225912159925329e+00
7.461847715605397724e+00
7.073080397045331758e+00
6.835389027900104608e+00
7.072286217219307503e+00
6.639416546601728086e+00
6.797759730659130639e+00
6.110610594484906954e+00
5.806338070423150199e+00
4.546840594145189485e+00
3.167606679642165801e+00
1.954814506876639157e+00
2.890767915812086919e+00
1.082579684049027158e+00
1.327885138187358871e+00
1.292151264483608619e+00
2.984364054257130361e-01
-1.308993314254103701e+00
-1.666138919391813911e+00
-1.151340411608799297e+00
-3.180164121586000370e+00
-4.110268531865890473e+00
-4.352818641622612006e+00
-4.273885074750916502e+00
-3.664605636227368457e+00
-3.335103228027435307e+00
5.252058482092033520e-01
1.393913801431641009e+00
1.251976660772447403e+00
1.991456908470239595e+00
1.946634676172638301e+00
1.434723175666333006e+00
1.050104828236874344e+00
1.065645142446937754e+00
-9.942171081919752851e-01
-3.926433020790685458e+00
-4.360983101356596059e+00
-6.121080259032593673e+00
-5.860936510802331689e+00
-4.785813984663965570e+00
-4.783202713639425951e+00
-5.769508147095743666e+00
-8.789327517367862441e+00
-7.624489409021306230e+00
-3.811230006837032391e+00
-2.688078165675789055e+00
-2.963167226328127235e+00
-1.377804092969298067e+00
-1.459486391606734657e-01
6.760468675888121615e-01
9.295358688402226566e-01
5.433525581414474503e-01
1.572632957506808482e-01
-5.923309846792923494e-01
-3.104119355724430651e-01
5.711101225146879568e-01
1.455951429665290231e+00
2.071451878743753472e+00
3.133508231562276869e+00
2.742878687409315841e+00
2.264523252549788701e+00
2.651322705965938997e+00
2.563076678771296191e+00
2.432668099350952406e+00
3.103973867553702526e+00
4.062431692919901138e+00
3.703106454109306611e+00
4.603981281004193349e+00
5.677156451062918663e+00
6.321279910900098109e+00
6.450255235789914110e+00
5.943434792978148806e+00
5.965965634460451028e+00
6.394738456516082081e+00
6.265595615571784904e+00
6.138047295325138819e+00
5.596545968168518570e+00
5.196253857907424667e+00
4.749004930902933630e+00
4.520569868965885973e+00
3.860629805163746653e+00
3.540651972631263966e+00
3.386189803655129893e+00
4.161588769317518199e+00
4.422160577483350785e+00
5.075927942636933032e+00
4.873367513323108469e+00
3.708670198809195906e+00
1.491276549079151525e+00
6.209309269239366991e-01
5.006758787017564494e-01
-1.659728400354126610e+00
-6.401724557225730194e+00
-7.877653435827992823e+00
-8.990616666058116380e+00
-8.595316792086533653e+00
-6.395530614544319370e+00
-1.422586533019567723e+00
1.844701620648915519e+00
3.345394980066593860e+00
4.056919262111474467e+00
4.127882851956830912e+00
3.875549720205389903e+00
3.496614799100324689e+00
3.654218933421550908e+00
3.837182710413552300e+00
3.620435282182895342e+00
3.429498221303207028e+00
2.933464840554199426e+00
1.281300700067681486e+00
-8.085050212137678827e-02
1.199828583980086183e+00
-1.635602425761976342e+00
-3.810024221620392559e+00
-4.104459901541234856e+00
-3.416535975122501512e+00
-3.429881540069516177e+00
-2.119213176450784442e+00
-2.487454693013380957e+00
-7.219592166736376049e-01
1.430239056188445268e+00
3.276655649374814239e+00
3.847011476702749011e+00
4.093620151010599173e+00
4.700466611986379384e+00
4.872912385286725545e+00
4.647783094631042999e+00
4.539167850067599375e+00
4.311228714828891917e+00
4.100838579965171427e+00
3.231815442518238157e+00
2.502957697717607566e+00
2.716264887186154997e+00
1.910250531413562936e+00
-7.708440175185475862e-01
-3.670615354420015741e+00
-2.884556455637061756e+00
-6.230174578584644962e+00
-9.137579275606261930e+00
-8.646143799484672599e+00
-7.041778680766922704e+00
-8.136781111486712348e+00
-8.101490500529823890e+00
-4.550499716216070745e+00
-3.177714876140063094e+00
-1.478677454479710773e+00
5.995592383846808371e-01
7.503096313888034663e-01
1.315616248117011722e+00
1.766552700105398888e+00
1.449019857788070631e+00
8.802550693768101953e-01
4.986202558762936055e-01
7.796180816974401795e-01
9.816330002192183990e-01
1.250904779656420163e-01
-5.004226441109291823e-01
-8.658915235589983994e-02
1.066987325262733988e+00
1.467486954227738671e+00
2.619613533192249211e+00
1.676266181184539850e+00
1.076591322770498849e+00
1.747940518540985977e+00
2.523686497820285535e+00
2.598768101868867308e+00
2.503847037811628873e+00
3.004081792421188890e+00
3.962954647624089333e+00
3.886715991257825742e+00
3.675386277808592617e+00
3.765278425869460044e+00
5.456927091220302728e+00
6.026970835088080847e+00
6.924658546872375808e+00
6.988070108986683238e+00
7.382260325672877599e+00
6.749343605856671147e+00
5.470046323995745752e+00
5.323183304361758239e+00
3.638413016064175221e+00
1.581937747310108389e+00
1.466451905689773572e+00
3.122461183613971070e+00
2.719792612461451320e+00
2.955534096549510714e+00
2.192007557859352751e+00
-5.722729153950246728e-01
-5.550585556095331441e+00
-6.239804910681547412e+00
-4.536718330205003369e+00
-1.466452416741269360e+00
1.265921078944077724e-02
-7.836681935151317002e-02
3.202977720998886890e-02
6.881123698860515114e-01
1.269049681485333869e-01
-9.214337994679451249e-01
-1.243069329382559207e+00
-1.311344147137869953e+00
-1.712015615266863744e+00
-1.201782093504988769e+00
-1.732999922400224602e+00
-1.295030634307690054e+00
-2.411213990074520641e+00
-2.055725559621798926e+00
-2.869630644950739828e+00
-3.521381754790412266e+00
-4.084049885507103461e+00
-3.740876155130814062e+00
-3.854018925794503225e+00
-3.332315934124779666e+00
-4.191342954309387636e+00
-5.310127045691308112e+00
-4.735420169017380942e+00
-2.998529078848682250e+00
-2.352590189874022464e+00
-6.262790449459126885e-01
-7.312836813403795766e-01
-1.315345894530806636e-01
6.289735409199760374e-01
3.434384191399639796e-01
5.416343800850232926e-01
4.489625165442526766e-01
2.977607760832546191e+00
3.461955989695481684e+00
4.988129346005302445e+00
4.696642045289570966e+00
4.715745867319281359e+00
5.058245614740897622e+00
5.477294205725419474e+00
5.196838518884443481e+00
5.224057895505874960e+00
5.660692539916432509e+00
5.006455858751448496e+00
4.423691457706765640e+00
4.472453116363031889e+00
4.522169121567597649e+00
3.900763258568292535e+00
3.695505325024494692e+00
4.297497337750847635e+00
3.121669294829218622e+00
4.497701159526457992e+00
4.428777132205522271e+00
3.108127588231428984e+00
2.354360780128510910e+00
-6.908359196462815488e-02
6.824661800398622580e-01
7.088446590945002290e-01
2.345636760568881648e-03
-5.811358217146092020e-01
-4.609651854146152306e-01
3.413858879438569360e-01
4.471196308092310057e-01
-3.765622634016272396e-01
-3.552641518708399837e-01
3.365151481097014563e-01
2.856365614534026598e-01
1.696318503341142758e+00
1.612505399605493883e+00
2.210789957504511349e+00
1.464576965087741378e+00
1.870673385741767669e+00
2.021104972913515319e+00
1.679908431602895602e+00
1.468463738573281052e+00
1.020597158426370887e+00
5.932074000632194810e-01
5.344566447567877798e-01
3.613215365795897638e-01
8.118666116575823377e-01
4.244012876626010455e-01
-1.380410760305851969e+00
-3.908404361660938187e-01
1.279001044118679875e+00
3.040412597111928683e+00
3.587209968325886678e+00
4.092239061883002016e+00
3.838973280272843347e+00
3.649234388983550126e+00
3.829589730279215232e+00
4.237143324256598120e+00
4.464684225550933583e+00
4.537815027050879024e+00
4.986012311628843285e+00
5.051792293542483492e+00
5.046277009494227528e+00
5.271796035262973135e+00
5.086576726768798906e+00
4.398920928175159339e+00
2.710380853194745310e+00
2.886436905721849189e-01
-1.596663377156563923e+00
-1.276790012093915294e+00
-3.222575998350286630e-01
-1.358705830589491015e+00
-9.173629727334506878e-01
-1.725103281138692601e+00
-1.438458301929730343e+00
-3.023891364947921101e+00
-2.101052152966451647e+00
-1.332758740654809593e+00
-6.107439328623033292e-01
4.116615829263701176e-01
8.691884754879677377e-01
1.867589851349499508e+00
3.757663899284111597e+00
3.888261250114381617e+00
3.922943483998376113e+00
2.690120970389686228e+00
2.048309250571244355e+00
2.134810572604370460e+00
2.187787929569307011e+00
1.980520751113747480e+00
1.905005459369197629e+00
2.589233321015416589e+00
2.564126515639446602e+00
1.895018597917546233e+00
2.532253494296330842e+00
8.608086925818185797e-01
1.180578754843962574e+00
-1.183812721878682472e+00
-9.941168688810368970e-01
-4.868094072370787728e-01
2.597861893817698387e-01
1.952340432087451783e+00
3.015727240226087069e+00
2.778230837636112671e+00
2.726211760036938880e+00
3.629669714929200097e+00
4.644595728274049762e+00
5.644426437565747356e+00
6.547175895912136667e+00
6.986937346952775130e+00
7.081383258525315583e+00
7.036257839935614378e+00
7.152005050365525030e+00
6.459799785688065121e+00
6.117501362508615870e+00
4.907304788329894585e+00
3.861378946658911460e+00
3.135647824970040798e+00
2.192633137875007243e+00
1.668673700250393743e+00
2.887828294231495452e+00
3.255198806420543711e+00
2.334091348202682603e+00
2.586926695600209491e+00
3.080602863440873307e+00
3.034731885838338528e+00
1.411760025377440719e+00
2.004690158246638376e-01
-1.838309666424602806e+00
-2.299382751890262533e+00
-3.957073320773818459e+00
-2.394871139178288644e+00
-1.312729589356538717e+00
-2.873300624650828361e+00
-2.159520557222605497e+00
-4.206575202979550454e+00
-5.057339379533924983e+00
-4.633915787846978773e+00
-2.759285658395295826e+00
-3.928636704814725267e+00
-5.329189266840328898e+00
-4.372466854339452702e+00
-3.378631409213173509e+00
-2.557285437590200772e+00
-9.270640851889776490e-01
9.479156123105801912e-01
8.327918018615978468e-01
-2.563475531913099736e-01
8.645293871627337534e-01
6.256131324343282563e-01
1.049205720714080803e+00
-1.544950125489816584e+00
-2.025737409992718341e+00
-3.428893050073951621e+00
-3.095931229471596602e+00
-4.029437926655925928e+00
-2.900253682193599136e+00
-1.746635545250708077e+00
-6.190374943444914013e-01
1.873858316207999697e-01
-2.066144339142855779e-01
-5.118455143842631783e-01
-6.671216290641762692e-01
3.234864287580893061e-01
5.890339093892617006e-01
6.352285493638355485e-01
1.831518378607448483e+00
3.101178294728705431e+00
3.268957654989783190e+00
2.656786329501787947e+00
2.841786117796798905e+00
2.134894694077511534e+00
2.174022487788577873e+00
1.161519338152695369e+00
1.851630006526865158e+00
1.071558665805783850e+00
3.045544082207256031e-01
2.265249348717648936e-01
-7.091817950614536237e-01
-1.507450720399220456e+00
-3.075290903266308384e-01
2.966606904954313118e-01
-5.341954042712793171e-01
-5.051289240338757702e-01
1.285947480901064033e-01
4.087125764715789922e-01
3.569909027274080771e-01
4.419769637426635978e-01
2.191346952537036319e-01
1.512681761678710823e-01
8.184417579612077165e-02
-3.912451408150405263e-02
-7.674334606580481832e-01
-8.730400956888397790e-01
-7.966588051151139993e-01
-2.861123565033788507e-01
4.990065466898662219e-03
8.192854987515225673e-01
1.054383463097566143e+00
1.113348507891819272e+00
1.715448213088833773e+00
2.094969648977138110e+00
1.725526113287801033e+00
1.531474097749438767e+00
8.963209388280803935e-01
1.284725478584061165e+00
4.279207313084786857e-01
-1.877689170994214729e+00
-2.831626900826163862e+00
-3.642635986779264812e+00
-5.734518179184484588e+00
-5.370068893802301346e+00
-4.100264227483086721e+00
-6.691606267639813588e+00
-1.678571255232952364e+00
-2.974927786344528258e+00
-3.141885044886971734e+00
-3.063456221215124509e-01
1.410521816217917834e+00
2.957084357570771704e+00
3.987763187198844150e+00
4.572676760555869357e+00
4.471142193009573162e+00
3.959232684048509476e+00
3.651497581169969031e+00
2.686010542088290709e+00
2.407959027144075836e+00
1.345969729414971949e+00
-2.873217536790654281e-01
-1.675732327667561972e+00
-1.949417817080858928e+00
-1.908612880457599692e+00
-9.125279495139420050e-01
3.343329228094283900e-01
1.696948347662937950e-01
1.224919642653293561e+00
1.885703061034972094e+00
1.978603058265207881e+00
1.894520813153821814e+00
1.926751621535677916e+00
1.231759307666319359e+00
1.159746505832117469e+00
1.536712049282878745e+00
1.830578415616628707e+00
6.928862797292463238e-01
6.103288384149305745e-01
-1.012001447846715640e+00
-3.561139179300622626e+00
-6.217519616483560441e+00
-6.329633948516756092e+00
-4.959518920182062196e+00
-4.885246212132866361e+00
-4.123877892259488753e+00
-4.000493912243443972e+00
-3.900926310733494606e+00
-4.514649187051127832e+00
-4.406595702273607529e+00
-3.441420140306621356e+00
-2.525684150803684691e+00
-2.342237355441927349e+00
-1.723864933030103908e+00
-1.667077790124315229e+00
-1.452386589205698186e+00
-1.315275526255051064e+00
-1.762583591413851236e+00
-2.166153025627100437e+00
-2.082423565238653129e+00
-1.439075983452308805e+00
-1.254242045304329256e+00
-1.446267614839902738e+00
-1.554435793679953104e+00
-4.543991817858875626e-01
-4.133678405980344972e-01
3.737858019242313312e-01
-1.885624194844628398e-01
1.426580441958643641e-01
6.257924011584024004e-01
7.245826201988916360e-01
1.471542106061134891e+00
1.305880799262570946e+00
1.790466824782992461e+00
2.733822209796721303e+00
2.693455743912791078e+00
2.747864440185232571e+00
1.651286097403973141e+00
1.729780176639414524e+00
2.240517398866440413e+00
2.121309760512463782e+00
1.736517503599372958e+00
2.673156826027394573e+00
3.112767919544001671e+00
3.565922506013259774e+00
3.530553282587279185e+00
3.595168584617476348e+00
3.362047387944793186e+00
3.098888985233401616e+00
1.877479556063637256e+00
2.075838908627587465e+00
1.763646108425810377e+00
6.471359840408109632e-01
2.219077297616804945e-01
-3.399633861848737615e-01
-5.464795470733909699e-01
3.116492363614822847e-01
-9.777656754190452992e-02
-6.835452818678128262e-01
-7.621335594603573238e-01
-1.219083859130749792e+00
-2.535030683819726072e+00
-4.059708992212282652e+00
-7.229547189591380985e+00
-8.297189339507704986e+00
-9.877536607262316082e+00
-8.737760321059022672e+00
-7.781288558060407645e+00
-6.728741744873168784e+00
-7.311570362039464754e+00
-5.776955560761716235e+00
-5.848619759922191186e+00
-2.853041425181340962e+00
-2.000078469974177597e+00
-1.473308082934257079e+00
1.101538324024354809e-01
1.615885511579182310e-01
1.067466935552354723e+00
1.190617682935980470e+00
9.921780605147850762e-01
5.735906915119113325e-01
4.772177179850785045e-01
3.272053514028691601e-01
-5.254742396858096409e-01
-2.797477441434508272e+00
-4.719248437074740288e+00
-4.443117807768647509e+00
-6.370748334325170958e+00
-6.391050441765556478e+00
-7.175723022541240503e+00
-2.983649178349041531e+00
-4.243808541228265341e+00
-3.684344806727596122e+00
-4.010728364835719262e+00
-3.554960880899085129e+00
-2.368544782511309510e+00
-2.342194845839478567e+00
-2.263378380833291459e+00
8.285890147403834893e-01
3.072049849400206423e+00
4.041100276816589343e+00
5.205216934449468091e+00
5.432361002739421352e+00
5.069054825398984221e+00
5.697545427958217168e+00
5.123769673733474583e+00
4.208138791136980750e+00
2.961006372339735293e+00
1.082504625342942450e+00
1.668851935669735997e+00
1.834783649564075914e+00
5.203972733409416573e-01
1.453310053797880919e+00
1.177085167088555373e+00
1.531453838759597286e+00
4.036626411973714412e-01
2.167189031762375706e-01
-1.677563095011497918e+00
-2.832579646242747273e+00
-2.423964952373809822e+00
-5.234802655613610689e+00
-5.867168651208780616e+00
-8.397993191826916615e+00
-8.336725482083750194e+00
-5.081629615445781845e+00
-4.575116801056545057e+00
-5.278056253942510878e+00
-5.761110154384530446e+00
-6.061671974626053228e+00
-4.937769829830434887e+00
-2.623962675829178082e+00
-1.930775654001384067e+00
-1.863215616746820347e+00
-1.867911093587486748e+00
-1.740778369413115145e+00
-1.725231372885043246e+00
-2.498501214991399877e+00
-2.827622093909214041e+00
-2.387811141356278810e+00
-1.375095403779207137e+00
-2.677270742608515164e-01
2.005900089538417141e+00
3.179204536239141898e+00
3.110670626804931782e+00
3.094096343693811590e+00
2.977947509253427327e+00
3.100520715047871079e+00
2.904715958444835877e+00
2.706313067953901808e+00
2.217388727308410523e+00
1.285423502213624669e+00
9.165626841414091786e-01
1.843927778948404039e-01
-1.103208174969854793e+00
-1.404626701431121782e+00
-1.281827652915208837e+00
-2.663863108183833095e+00
-2.862029888095894314e+00
-4.852625503768187798e+00
-6.262720083750473066e+00
-5.964866630554622517e+00
-5.725664796635053122e+00
-4.376417968141156578e+00
-4.833101978925075315e+00
-4.038779762726247391e+00
-3.196135251592108872e+00
-2.789473728830897059e+00
-1.906652132862432181e+00
-2.274309483310954505e+00
-3.224046753980387425e+00
-4.574208836463167671e+00
-5.381280630297187173e+00
-6.731515426304444993e+00
-6.115898673476792169e+00
-5.040171433026973347e+00
-6.839701637431741865e+00
-8.416365091977342061e+00
-9.896545873527051285e+00
-9.432205057505797186e+00
-1.135786596232609824e+01
-1.145167275893384407e+01
-8.387370524959846918e+00
-8.265769585619569426e+00
-4.101319385809060414e+00
-3.881652891765074997e+00
-2.634852803833974022e+00
-4.835780985113999009e+00
-4.913224511823925056e+00
-3.279949450403863764e+00
-8.415793020874274832e-01
4.408310373487064338e-01
1.418375425256541700e+00
1.998894783659707741e+00
2.362223875439066312e+00
3.070228389213599307e+00
3.408384496437655731e+00
3.551692389722875820e+00
4.677475483651448940e+00
5.204319201924009874e+00
5.306409978785424642e+00
5.049294033361784173e+00
4.865740830129825945e+00
4.680850320879113013e+00
4.362529555405352255e+00
4.504874777226409499e+00
4.025146357237949779e+00
4.287462991739914742e+00
4.294047760026755256e+00
3.963600281394807912e+00
3.355555472150275609e+00
2.327743063270396817e+00
1.759248681627095134e+00
1.553711312899214825e+00
1.471737430756016263e+00
-1.381516812162420227e-01
-1.059941306067613831e-01
-1.648781477379850091e-01
-5.995060118571780006e-01
-1.590710219061217456e+00
-1.088655335280248826e+00
-6.862240579915757088e-01
-6.238217846710520931e-01
2.712359294598628567e-01
-1.116174135899197263e-02
-9.011118420498621662e-01
-6.060590581699866197e-01
5.953219102221433134e-01
6.396335188799752436e-02
-1.193093270244207499e-01
-1.167929076280112222e+00
-3.214795851648121428e+00
-2.666397873928216811e+00
-2.237350554660177071e+00
-2.541017201476834408e+00
-5.145045756754678123e+00
-5.022234341085005660e+00
-5.354682331738247925e+00
-6.632653584059189811e+00
-6.426320574672837793e+00
-7.616554223452159711e+00
-4.686541713304047896e+00
-4.718367069828686589e+00
-1.823174788762573328e+00
-1.589987722597300923e+00
7.269928720068669081e-02
3.448093779624508692e-01
5.568716105155825380e-01
5.100718825726096028e-01
1.279596654507602294e+00
2.123510582935358215e+00
2.795793519515703540e+00
2.888402312296547869e+00
3.060803427313152358e+00
2.442547107562063502e+00
2.011793142400641443e+00
2.319646351307038223e+00
2.209195546998202087e+00
1.151469973403949520e+00
1.088845139665582495e+00
1.126032047509287537e+00
3.949450079243676526e-01
3.913179672971608958e-01
2.259798440939278508e-01
2.794487952107867490e-01
-1.210165361613220192e+00
-1.068093776991898780e+00
-2.026546582681987729e+00
-1.252455741898144348e+00
-1.274419681027181506e+00
4.767077242798046233e-01
8.321951481298027753e-01
1.861168211062917965e+00
2.180276124410413630e+00
1.856052984808618245e+00
2.074792003250155226e+00
1.599853877353422993e+00
1.166462478530888802e+00
9.659702601207573736e-01
9.028867657451091766e-01
-1.469385904071399684e-01
-1.093151578608269892e-01
7.636301788429584736e-01
3.233615499536895976e-01
5.659169003393410557e-01
7.687053267137313739e-01
8.045209790475680300e-01
-1.905320346928294772e-01
-1.532038721037953577e+00
-1.757081541075396380e+00
-3.172849381412745196e+00
-1.564132764674586173e+00
-1.562190044536430955e+00
-3.725978577712917073e+00
-4.709706595547906716e+00
-3.658644992993251410e+00
-4.317936307341070368e+00
-5.216818191922691916e+00
-3.429539764228310972e+00
-2.734992706081448510e+00
-2.156816698158452450e+00
-1.577914245238572377e+00
-1.074974586239827667e+00
-1.421748225498494778e+00
-3.861679042250518168e-01
2.633975949148176454e+00
3.965899123003640003e+00
4.437051697011386686e+00
4.104953367446259271e+00
3.674165193917307004e+00
3.134567577966572927e+00
3.163837693022148123e+00
2.319594887696690755e+00
1.794116263895680019e+00
1.859842935365792815e+00
1.566572908596791880e+00
1.484102052301109698e+00
1.863696384233538783e+00
1.709469443609938688e+00
1.498727532039815236e+00
4.146726242406740814e-01
1.231841660657433835e+00
2.137196942516859655e-01
-6.733984073499300615e-01
-2.353009382765925306e+00
-2.527936585080714504e+00
-2.315595082181091335e+00
-2.915493116751650682e+00
-2.821425911552961185e+00
-3.691951461598708129e+00
-3.491431867620539808e+00
-3.504549253433441702e+00
-3.913806454853867134e+00
-3.725299366600228090e+00
-4.524539108220023920e+00
-3.774314303025497530e+00
-4.260077571173020772e+00
-4.135551823608796695e+00
-3.656910446006697679e+00
-2.622261431966025569e+00
-1.549261334517241240e+00
-1.718115451946871985e+00
-2.096234239869283922e+00
-1.542777933326579864e+00
-2.996118374862883904e+00
-4.343995937923278206e+00
-3.870305106582485610e+00
-5.820827721684727507e+00
-6.465353570088603341e+00
-8.583061428176609553e+00
-7.449469572365103431e+00
-9.712335198375027900e+00
-9.903461061968055645e+00
-9.724668437378593211e+00
-1.185517487966136763e+01
-1.241639184037205901e+01
-1.195161924823844046e+01
-1.107485745070970040e+01
-8.716084745365691333e+00
-1.034893672805728038e+01
-1.166255786974230801e+01
-1.142372406748599367e+01
-9.520540224886328673e+00
-1.095673448350866153e+01
-8.414582376742272274e+00
-3.951835633363081968e+00
-2.859568412840574503e+00
1.045849603024455954e+00
2.095817436508299991e+00
3.502580561761328148e+00
3.085503908308147913e+00
2.819693058220283266e+00
2.011670728247330509e+00
2.200192186359439361e+00
2.591081190938100853e+00
2.217683655363218875e+00
2.192106523172989263e+00
2.922442024150808226e+00
3.031112910868676735e+00
2.397119304768467352e+00
1.118505643607418998e+00
7.328116350130302603e-01
4.751488877292692203e-01
-4.670379045126657469e-01
-3.222550034999456248e-01
-1.041794457592432749e-01
6.146764084942936135e-01
8.886086241601064417e-01
1.014549366900452165e+00
9.380240296452666549e-01
6.525058090729540794e-01
9.027817537249017699e-01
9.120714795875511927e-01
8.726909702249388001e-01
4.951991679324980744e-01
8.559485471867565032e-01
9.911923255503989338e-01
2.212160852778697784e+00
2.015784868476413028e+00
2.424878148150375168e+00
2.099571156135539685e+00
3.559867713084108884e-04
-2.305006171562833828e+00
-4.844104468551937437e+00
-3.189841560912423102e+00
-2.893352500966242413e+00
-3.694655189548483598e+00
-4.623895025745799359e+00
-2.938415354425817583e+00
-2.764962246811554780e-01
6.047923440414706420e-01
1.815371080480888910e+00
2.517517101016701897e+00
2.125394960111021359e+00
2.800561621247401600e+00
3.179818390694331143e+00
2.597775163271760945e+00
2.182299607843077638e+00
2.346551489614582486e+00
2.640121582641585363e+00
2.204084401189488229e+00
2.616819932790277914e+00
2.688513925921204972e+00
3.422482135243974266e+00
3.445492884751808926e+00
3.106761525131121360e+00
1.756035907056628043e+00
1.304314056389128895e+00
-1.971623470512318343e+00
-2.441123223598606451e+00
-3.152631814899815588e+00
-3.607235811065685915e+00
-5.062340399911839484e+00
-4.890435074079293898e+00
-6.890217438402682859e+00
-6.968322212233832857e+00
-3.646857337900935025e+00
5.844597155321463733e-01
2.832602644706761374e+00
2.748318989182432670e+00
4.618794542519497170e+00
5.206103662834635770e+00
4.818363589050464135e+00
4.766204669058478061e+00
4.339239564853486719e+00
3.861597940423066699e+00
3.346730637497866923e+00
3.119646575151254098e+00
2.787365739473257165e+00
2.645117390194974938e+00
2.612353077957207947e+00
2.085302690448875840e+00
1.012638214966271599e+00
9.184884990968777974e-01
-4.441968036151316412e-01
-1.096233645269956702e-01
-1.977752677630742750e-01
-9.358013708479908654e-01
-1.590971026451141190e+00
-1.545594135688785009e+00
-1.675325621654485175e+00
-4.471727083107376544e+00
-3.943417899050667419e+00
-2.773298779637093148e+00
-3.883665370417381801e+00
-3.192327374895921110e+00
-3.021896928108618763e+00
-2.827758838408235498e+00
-2.228863424217779166e+00
1.322808324432747318e+00
1.703487546818698073e+00
3.029365437360276303e+00
3.493823347067996909e+00
3.132140064159992132e+00
2.457508741499091265e+00
3.019414902907612941e+00
2.766369596982305001e+00
3.488418632907914763e+00
3.801707587963878865e+00
3.656221282624104951e+00
3.528199033395407191e+00
3.852422388979943602e+00
4.394487345003144974e+00
4.829318023755159395e+00
4.941134637027539078e+00
4.110046109517401902e+00
3.728615607504842444e+00
3.444536563088039571e+00
3.571689220953216282e+00
3.892335869501327927e+00
4.172164427047706070e+00
3.831709797706960074e+00
3.671341689219016047e+00
2.866120249696826328e+00
3.030774301479002730e+00
2.492423355622540804e+00
2.078515518099781190e+00
1.971495699414913094e+00
1.945356443469350216e+00
1.864709164988121115e+00
2.619342057804626478e+00
1.631458850745030054e+00
1.460635214209198285e+00
1.446637447015312716e+00
9.682098248187567258e-01
9.377785892123925438e-01
1.212115738154755373e+00
7.167675512289461981e-01
8.127620079080373205e-01
1.868036607309946362e-01
4.808260059087249988e-02
1.612659470034241149e-01
3.024661686861502274e-01
-6.339189055203062195e-02
2.248730725225241978e-01
-1.737712479750851136e-01
-9.750608266773099775e-01
-9.039591903665046280e-01
-1.497863747806318369e+00
-3.843194327233857344e+00
-7.772032981583578248e+00
-8.024398682611824540e+00
-7.231418352314838316e+00
-7.186530165388593794e+00
-4.864419388126957955e+00
-5.397400610865691561e+00
-6.177467291648955694e+00
-4.015427163205147032e+00
-1.928217037179549287e+00
-1.562549261545837620e+00
-2.677271309221982420e+00
-2.923207813790329901e+00
-3.801301474088525367e+00
-3.547081527667081513e+00
-3.403698952409871303e+00
-3.491292584863116666e+00
-2.918189590563847524e+00
-3.255013661590447249e+00
-1.706322063492613506e+00
-2.113254999172625492e+00
-1.897180733525129837e+00
-2.410336477390119914e+00
-3.198708084264486828e+00
-3.596253723424316373e+00
-6.627581616915455776e+00
-1.296676400638836668e+01
-1.380707548918796768e+01
-1.031091300682882661e+01
-2.343768234636805836e+00
-2.385608962285740375e+00
-1.600038890198806074e+00
-5.891567670701237658e-01
1.159941886452250603e+00
3.135656395978966060e+00
2.408956628968260016e+00
3.103519292862700674e+00
2.959605439158313089e+00
2.173734034997993003e+00
1.876996002602006275e+00
2.434066488818666052e+00
2.503509934662323744e+00
3.928023104520023345e+00
5.597327482346297067e+00
5.738616214815376537e+00
4.990986728245617066e+00
5.025738546664770823e+00
4.864649843887541181e+00
5.876119993473767344e+00
5.980253031450335044e+00
6.134744535889905315e+00
6.784959769781893968e+00
8.382140698032628734e+00
8.491167063396886761e+00
8.353964220035393851e+00
8.102555719411146384e+00
7.985490575273622937e+00
7.939276052207612011e+00
7.542500519916152335e+00
7.724425419229110190e+00
7.819033088865628756e+00
7.853378016765811154e+00
7.845568137200392478e+00
7.971597533432770888e+00
8.077456921523030076e+00
8.325406052255358347e+00
7.670103431434831975e+00
6.975738752479755611e+00
6.874304917873902632e+00
5.850813732880421725e+00
6.158883376234612683e+00
5.356822751285568174e+00
3.046351044341441217e+00
3.288604340535767445e+00
2.400853290712458676e+00
2.707380376218997409e+00
2.585901989472488616e+00
2.023636311026576706e+00
-7.601982533270932318e-01
-2.239875034097391193e+00
-1.912087322118833033e+00
-3.237063898178855315e+00
-2.443398147625261529e+00
-2.904809588204209092e+00
-1.949978832529555728e+00
-2.835828280255145994e-01
5.253997242199076600e-01
2.019430763575043586e-01
-8.491627075644878619e-01
-1.152986809079320718e+00
-1.719322164197004676e+00
-3.606772710360157230e+00
-4.551915441344015711e+00
-6.396973284462415421e+00
-5.398717239149284808e+00
-5.542316049651107690e+00
-5.892679208161696991e+00
-4.624485953063615540e+00
-4.629866600107876096e+00
-3.449980237767663382e+00
-2.915308563503219652e+00
-2.998360007724643950e+00
-3.126642012891060141e+00
-2.592967295363238112e+00
-2.554866533393703065e+00
7.358982288754680745e-01
7.667502807400777831e-02
2.742573421643699660e+00
2.205876523922035481e+00
1.598748570369507904e+00
2.134683860644207343e+00
2.118924651427340766e+00
1.156092953409263657e+00
6.954370716389359774e-01
2.727616593390371769e-01
1.145943338089462776e-01
-6.404156817658447354e-01
-1.101571917705489012e+00
5.638050294438573529e-01
-3.091514801154497949e-01
6.823149024660311035e-01
2.619267166735270713e+00
3.179534794932216357e+00
1.920747809615419577e+00
1.912984389206306091e+00
2.756416028717277200e+00
2.816609582349088647e+00
2.940981180972328968e+00
2.988223290161248435e+00
2.957617907102076948e+00
3.691634069253162398e+00
3.309385345762345221e+00
3.985228149675847487e+00
4.493102422487011971e+00
3.895421279321683805e+00
3.983228350131148510e+00
4.268601861160100874e+00
4.641327038106179081e+00
4.334329766970776099e+00
4.015276428773300488e+00
4.058512994243160144e+00
2.997752600093756659e+00
2.550801632731511948e+00
1.810863759853967636e+00
1.475148861783469822e+00
9.924730911803737454e-01
-7.085430072584389220e-03
4.999130242866739460e-01
1.234790173645145206e+00
3.250557774106669351e-01
-8.884219264215914569e-01
-7.452231374499651562e-01
-3.172470401138411944e+00
-4.747745576174402515e+00
-4.871358146567254188e+00
-5.496075975698387239e+00
-5.771064271791903622e+00
-6.856253571851604889e+00
-5.426000157894858233e+00
-2.552642552605875359e+00
-1.391881121953455036e+00
1.794618994244024934e+00
4.115038070268956183e+00
5.666766490455237282e+00
6.976009083159970814e+00
7.376842131152442583e+00
7.090612705882630706e+00
7.006199014621346421e+00
6.519026002284372012e+00
6.322557751512547952e+00
6.434507683890474894e+00
6.617528751152320865e+00
6.381452772509557114e+00
6.279205495634450962e+00
6.199843906833630847e+00
6.005188491781366267e+00
5.109283126917157247e+00
5.121520165439034322e+00
4.710276212765339920e+00
4.016212366970134617e+00
3.323594142824409126e+00
3.301372958733684193e+00
2.629781981678911418e+00
3.425535166827659239e+00
3.189869428705797816e+00
2.803975539495508595e+00
1.782532737556394409e+00
2.610414661841271133e+00
5.130375766330262932e-01
-2.003230723265203017e-01
-4.739486711130714625e+00
-5.115932965365593610e+00
-2.465374598074587364e+00
-3.353784831555355894e-01
-7.151126060187509847e-02
-3.004883186272063744e-01
2.395101124707088136e+00
2.711347827230089713e+00
3.732558759196789921e+00
3.928026635544241252e+00
3.807324605913365190e+00
2.321976288969340274e+00
2.643850179783649335e+00
2.354688487165327970e+00
2.322144552543859763e+00
2.413529268311052078e+00
3.385653225154618973e+00
3.449422996106942030e+00
2.953813943530919417e+00
2.967572488596533553e+00
2.061121603313206041e+00
2.761001277640309226e-01
1.838567739997921668e+00
1.302087918180546922e+00
2.148800641251326304e+00
1.009570074787281557e+00
-1.148217570068862381e+00
-5.151905783570753794e-01
-1.903566137216649690e+00
-2.493817434696147917e+00
-2.134395211624718236e+00
-1.260210482214647598e+00
1.098127599898308882e+00
1.998208267787237924e+00
2.983393255048807369e+00
3.161606389821815633e+00
3.908940539017307536e+00
4.328188074293150223e+00
4.407314102603103301e+00
4.383076275782507913e+00
3.955583065180327651e+00
2.896987633612702950e+00
2.621215031887171865e+00
2.737747053967486188e+00
2.446472569017828391e+00
2.434140988737384603e+00
2.985263277457512743e+00
2.584142969072405371e+00
2.975507354637309643e+00
3.694218637355156432e+00
3.467608881527797227e+00
3.943801735591616175e+00
4.354289222221655820e+00
5.148655846860215490e+00
4.878311466038999455e+00
4.955848232535897679e+00
6.060339554167858189e+00
6.388685001292325083e+00
6.305565789977235269e+00
5.257779164933209515e+00
3.587549011571601998e+00
2.577396523303658427e+00
-9.422372550338922181e-01
2.753577533738724333e-03
4.830668984606417138e-01
1.468303681816852890e+00
7.265714382206868160e-01
-1.922899049556511253e-01
1.017670863001351317e-01
-1.179074855912334296e+00
-6.055503986499529701e-01
-4.862897994595750895e+00
-7.675942933410962787e+00
-7.950786026319830668e+00
-6.855820958814272004e+00
-5.112134877446128378e+00
-3.228390866000669934e+00
-3.133189169401606744e+00
-3.170025495010400540e+00
-1.689696544699439196e+00
-1.111148417317063819e+00
-5.280898071419368733e-01
8.745504372444405927e-01
1.108841471078703789e+00
1.306422710081616367e+00
1.441870015844547437e+00
2.069220565244815901e+00
2.856783900425972078e+00
3.347755450458463677e+00
3.533978844302674727e+00
3.691603469538470961e+00
3.334829533281107317e+00
3.314980692928146677e+00
3.181708173971050435e+00
2.123419020521324807e+00
1.962090038231957267e+00
2.052503333019129350e+00
2.774164300174931874e+00
3.279871784121273226e+00
3.262541510030300351e+00
2.295863309854985879e+00
1.714370376337206903e+00
1.262492037843831572e+00
1.240457140720192086e+00
8.825350004027063822e-01
1.780511217347132913e+00
2.237440605422308160e+00
3.431252332514379333e+00
2.961046115072192286e+00
4.299379928723971567e+00
5.501372069883752935e+00
5.818751743392871489e+00
5.642709371318321843e+00
5.449042737091960298e+00
5.311012799525240524e+00
5.337368189993028089e+00
5.142885783743091466e+00
4.910825762342049039e+00
4.588179321032875180e+00
3.267138699193411711e+00
3.653558982383825260e+00
3.026476309421539224e+00
2.188933436863664372e+00
6.395713428293212655e-01
-1.485690289501033767e+00
-1.672451197982443238e+00
-1.979333939699297051e+00
-2.377596004670884611e+00
-2.485864752769639807e+00
1.799897617549283679e-01
1.037706155924932983e+00
2.321652762407078630e+00
3.126583684575285904e+00
3.087411309599453979e+00
3.414449473280630087e+00
3.289185538705768241e+00
3.220947464867415899e+00
3.622617077068580826e+00
4.310567973773653527e+00
3.839859730987845943e+00
4.728121012887398500e+00
4.827464522176586392e+00
4.613251169956486208e+00
4.401190779275244935e+00
4.015861025579740229e+00
3.682568706872649145e+00
3.828546778840660192e+00
3.595702159508200157e+00
3.380482499553106202e+00
1.718097014473716211e+00
1.092137219261856584e+00
1.180627303616091250e+00
2.833344610651506557e+00
2.914307563131925072e+00
4.490311056188898142e+00
4.285742776357379213e+00
5.277290262603184345e+00
5.355251979581042931e+00
4.533864679700581490e+00
2.976268012774196503e+00
9.166053164582427248e-01
-1.744796625581436778e-01
1.102138696980946575e-01
-8.970921804316701609e-01
-1.136610251590251197e+00
-1.137905215404240167e+00
-3.029167304384997372e+00
-5.600996357063856124e+00
-4.189407628930215566e+00
-1.546654621540374475e+00
1.104568064231745694e+00
1.652869490219186943e+00
1.758636610534140221e+00
2.491897814198728689e+00
1.800594721778603358e+00
1.776986850300193987e+00
6.088294792598898664e-02
-2.598734692442764782e+00
-3.164239746825860511e+00
-2.184394659802411987e+00
-2.469472559607305051e+00
-3.322054268307188973e+00
-4.982617462965569288e+00
-2.724292272200550258e+00
-4.387780667104080656e+00
-5.632689782133980749e+00
-6.277895174289522373e+00
-4.406623313080835658e+00
-4.791467460768261688e+00
-3.590383553162793895e+00
-8.249588790550936857e-01
2.915190271202537708e+00
2.574539948611104911e+00
1.975693829533960999e+00
2.255590039176354811e+00
1.606131870056408673e+00
4.272456951130832792e+00
5.697422000370909956e+00
6.423890251727310208e+00
6.759771561830194564e+00
6.745671611346299557e+00
6.863263079532107014e+00
6.739313066139214214e+00
6.774640952030476448e+00
6.410573921874274994e+00
5.584295106231694561e+00
4.606478724206209741e+00
4.509078324006459582e+00
4.484182113433856642e+00
4.233628041103882467e+00
2.088830369168830803e+00
-1.697133173888541791e+00
-9.458283371167558462e-01
-1.678888238645212194e+00
-2.161157807186298019e+00
-3.410601261069388546e+00
-4.636844616299573119e+00
-4.162847328739464281e+00
-4.267699933872505014e+00
-3.172964825113245624e+00
-1.590186434942466143e+00
1.736235483079448527e-01
5.026061949453731748e-01
1.582099442624502972e+00
2.458152847275339781e+00
2.892598356341992805e+00
3.055332275088021188e+00
3.318868914436456485e+00
3.691109676243917281e+00
3.385068181139131660e+00
2.555427976101184662e+00
2.261772341632588113e+00
1.505417630791441530e+00
1.920030267503191723e+00
2.165462383885600861e+00
1.401329466595294670e+00
4.099756857148033617e-01
-1.276666830986591429e-02
-1.202438020569274402e+00
4.260619554650132979e-01
7.235280563607519866e-02
-6.759107669484599734e-01
-1.219644898334653282e+00
-1.289656974703019321e+00
-7.642669107232501480e-01
-9.791092822552234509e-02
3.011048457958787061e-01
1.074398049182691883e+00
2.685745820794606331e+00
4.966473313033263892e+00
5.192611216252174700e+00
4.239417018862774889e+00
5.111452929457853678e+00
4.997545829647199511e+00
4.675170729817345716e+00
4.609568880190749951e+00
4.605667587089646631e+00
3.798350610231444602e+00
3.942867762440043222e+00
3.212453671244476006e+00
3.092615071681365180e+00
3.926450185044860319e+00
3.994016754607248920e+00
1.532209708600842824e+00
1.458593231707448812e+00
-2.330727651171168091e+00
-5.974612926971270888e+00
-5.276140089965566382e+00
-2.896323520506051796e+00
-2.262486062232778927e+00
-1.354734458121218621e+00
-1.354929159240988668e+00
-1.713057493062467351e+00
-1.431047661602236287e+00
-1.956134157087580316e+00
-4.765705492321305137e+00
-3.734353642808022400e+00
-5.345051720536988071e+00
-3.652038343606624160e+00
-1.643923831710399686e+00
4.364634832034886003e-01
2.106909612907310159e+00
2.481182496668078663e+00
3.681215514560546076e+00
5.436781065263613932e+00
5.377191163734659440e+00
4.919145979598704699e+00
6.540652174944947106e+00
5.812748057446349925e+00
6.079484625922252583e+00
5.513133555782559370e+00
6.868669867887470026e+00
6.756778786832668082e+00
7.547900369379114238e+00
7.294889346637035032e+00
6.578597547535363965e+00
6.635926712464252475e+00
7.033176942081390770e+00
8.245881073731773370e+00
8.244548858627307908e+00
8.438609071343828205e+00
8.401535962567656668e+00
8.374284335140352198e+00
8.076101608360250594e+00
8.261409445041568489e+00
7.735353532149874312e+00
6.238773130325410143e+00
6.676997944317268008e+00
5.657325245365382393e+00
5.574136074703497812e+00
4.239056049250605973e+00
3.809837370381506716e+00
4.763022443435419362e+00
4.334317794494626064e+00
3.604773944798126628e+00
3.524014260138804033e+00
3.893978748228200670e-01
-2.488201773056808896e+00
-2.298891117535744488e+00
-3.841458753776717111e-02
6.100994507796573263e-01
8.150462789042278722e-01
1.493212533179087309e+00
3.025570962173529388e+00
4.449368836555310125e+00
4.637631332080215607e+00
3.566635642749528934e+00
3.020350731916194409e+00
2.983135071809996930e+00
3.105435282211646442e+00
3.366951701457615798e+00
2.904464507632758874e+00
2.255619196102497170e+00
2.193505371794241210e+00
2.394011324631022841e+00
2.418686111131212346e+00
1.069587079577474009e+00
1.069882164843098726e+00
5.403430470570604882e-01
2.229471609073702787e+00
1.880778904624981207e+00
3.346014574927264729e+00
2.760051396989493977e+00
2.788362275601572904e+00
1.530943563806494545e+00
2.660577318631926591e+00
2.808387756658321521e+00
3.033318163099051112e+00
2.017683854890102602e+00
1.162159610760036488e+00
1.539681028246399297e+00
5.955948390094800704e-01
1.278893407306755492e+00
2.601919048242680166e+00
4.523252883462562046e+00
5.026311858071697003e+00
4.219175864084273364e+00
4.908730587066984619e+00
5.026038987341326703e+00
4.602861505033119194e+00
4.339711422126242724e+00
4.806368507372756227e+00
4.914399884647119521e+00
4.724910735785171845e+00
4.732933026748925798e+00
4.768791194007539147e+00
4.926117241590206142e+00
4.599313212860270283e+00
4.585649463345458088e+00
4.714688056758300050e+00
4.355432340576522954e+00
2.926585898827414489e+00
1.383855208800083947e+00
-2.161247166618470494e+00
-7.728579891665940949e+00
-7.067268731866807485e+00
-8.594511528500321518e+00
-9.230129573818691924e+00
-1.106906351800305011e+01
-9.257686169197022252e+00
-7.833241959086691963e+00
-8.790372513527819009e+00
-1.042743545220455914e+01
-9.352850459522993987e+00
-8.159492113749553965e+00
-8.285428879112211931e+00
-2.731233110500910222e+00
-3.393833310868832775e+00
-4.061981610575542412e+00
-1.796318213501192584e+00
-1.231601699128045624e+00
-9.290613721725027307e-01
8.065385266752842508e-01
1.762647687452966849e+00
1.468585085793836731e+00
1.205948228970895153e+00
1.395422976171910801e+00
1.351491282395227866e+00
2.586657766481770704e+00
2.677656332212939638e+00
3.285567535146856066e+00
5.087189290675294906e+00
5.334397240322024558e+00
4.977319450350369046e+00
4.878574026045980894e+00
5.200648418148187346e+00
4.689368363938299034e+00
4.771355693476090565e+00
5.030791248677243033e+00
5.092218027499392008e+00
4.598628965548959613e+00
4.729494357552749051e+00
4.886137009755278982e+00
4.844645093769949895e+00
5.219532093923331395e+00
4.799464068129682737e+00
4.427825391129799115e+00
5.074733486629662949e+00
3.397419996221463734e+00
3.236156684448297405e+00
1.335821216272917500e+00
1.450318554748270872e+00
-4.914781729461020765e-01
-3.601473463439497369e-01
-1.264186759883509925e+00
-1.273473618443714539e+00
1.341440012010567395e-01
1.003981996212623962e+00
4.257472229045001222e-01
-5.081463816121083166e-02
1.499081636494872694e+00
3.659532270313958335e+00
5.281384483869962843e+00
5.567688091416814977e+00
5.596489132915262843e+00
5.323242075090158565e+00
5.208640194301854542e+00
5.674293552120348139e+00
5.196700526790110075e+00
5.238063574700758451e+00
4.954857156707385357e+00
4.030069090209162042e+00
2.770781013498389012e+00
2.729424997966636735e+00
4.055759004406943591e-01
-1.313609453478599587e+00
-8.187816914542025426e-01
6.308886693812821855e-01
3.091120223699936886e+00
2.016915706860394675e+00
4.627796152448551581e+00
4.719133085303877984e+00
6.187111204739536241e+00
6.815292588164511223e+00
7.222341405076194931e+00
7.418673993605509942e+00
7.931167137550629853e+00
7.826932230633901533e+00
7.605778755514554845e+00
6.948236269569968648e+00
6.650448575106371329e+00
6.215718586656480582e+00
5.934476939797271200e+00
6.534112608312554471e+00
5.950437666009782411e+00
4.767832312176288667e+00
4.623988585981693156e+00
3.483340753768595643e+00
1.459503190433480757e+00
4.398125546234334937e-01
1.018701296020128183e-01
6.429434550359989231e-01
1.088788430028197141e+00
1.583096167587552561e+00
1.651040558399450298e+00
1.127897339396120913e+00
8.192825831604280129e-01
1.495278370126245926e-01
-3.354092710924982401e-01
-7.002481037087614490e-01
-6.911437730798615231e-01
-2.533841639165870685e+00
-4.869518709796784250e+00
-4.434941683552915848e+00
-8.270187733513505890e+00
-6.587360097900722522e+00
-1.680827614208135978e+00
-1.887811842455744182e+00
-1.780982558551742034e+00
-1.204826502082334327e+00
-2.341274684001367845e+00
-3.539368465293840416e+00
-2.673180711595337655e+00
-1.078712835270384529e+00
2.373954683522926379e-01
-3.372573561235476386e-02
2.370498929071695460e-01
1.857301694410623261e-01
1.226503992067416116e+00
1.843789301177522821e+00
2.069081348186606384e+00
3.246072594564760827e+00
2.807505030634800391e+00
2.293052274504054022e+00
2.593638095666634391e-01
-1.119496706633887673e+00
-1.889195382620443064e+00
-3.008408858841237432e+00
1.146598138357836222e-01
8.894933983318987769e-01
1.168619641136454446e+00
3.004411576718268417e+00
3.688436108229446120e+00
3.110637886330777757e+00
2.298470566819563743e+00
2.430032257090129377e+00
3.288430082815505529e+00
3.593321340044217660e+00
3.555028288171316220e+00
4.148077460178647868e+00
3.107873350901029674e+00
2.810921332579984444e+00
2.570160607961040622e+00
2.866359496972323839e+00
3.743871605169334593e+00
4.841649068145206236e+00
5.596274082499164138e+00
5.701089977012411936e+00
5.924727610753004470e+00
6.180057603442600467e+00
6.436112513614224540e+00
6.523317689554065879e+00
6.589278475312054795e+00
6.318356035397505011e+00
5.628391246419742089e+00
5.525292125750953076e+00
5.235405829870927619e+00
4.919162919048539528e+00
4.421581910175921060e+00
4.735607904998453854e+00
5.492600527340320227e+00
5.673229245048185376e+00
5.301393267874786375e+00
3.295482575566992978e+00
2.855846637862327064e+00
1.655047322441152602e+00
2.457606636867447847e+00
-2.372140319470142700e+00
-7.323043661629511369e+00
-9.392514085151356440e+00
-9.185633621884450761e+00
-8.942715142895021785e+00
-5.729241139834101659e+00
-3.487227104124142940e+00
-3.641230570165796543e+00
1.053586213550487205e+00
1.776911129848015358e+00
6.845386362139006531e-01
4.745506754665429483e+00
5.410067029693780505e+00
7.024345273544703616e+00
7.122795387015294466e+00
6.963313467719896011e+00
6.776319307414665261e+00
6.883175041734954647e+00
6.857012637044902270e+00
7.210178330518881573e+00
6.996404855361392450e+00
7.582991807852525135e+00
7.965967587385119231e+00
7.352559290252155932e+00
7.285157086663128112e+00
7.272770021683498065e+00
7.348789296591482056e+00
5.374891555196159132e+00
4.339454180994605004e+00
2.815511085696841498e+00
3.409875685213958008e+00
3.568964349612909093e+00
3.150759851970999392e+00
3.048025062225745430e+00
3.305518639637525347e+00
3.025351940221041147e+00
2.765927814404935070e+00
3.398647274847115707e+00
3.873275951123578142e+00
3.855475752165558045e+00
4.847949717734434394e+00
5.900095794642288283e+00
6.107707971448316897e+00
6.218290624056724170e+00
5.531240388795337637e+00
5.183352780598548648e+00
4.217577878096944843e+00
3.829659037685548828e+00
4.180059754451890264e+00
3.852739113246947955e+00
3.658819569333342514e+00
4.202595315883089100e+00
1.986124746901379634e+00
-1.719926744917861461e+00
-2.858885610162122948e-01
-3.666095619874127909e+00
-3.568194160658459957e+00
-3.011085866169219027e+00
-5.263921131404995180e+00
-6.984614559157027003e+00
-4.646168406961929342e+00
-1.012828785563151479e+00
-2.077154963185265935e+00
-2.099602093099518285e+00
-1.876126520726151492e+00
-1.072212613538151782e+00
-1.356097582716845329e+00
-1.253014748017198032e+00
-9.541009071152650733e-01
-1.333661734226496420e-01
-9.292136071816345377e-02
-7.161974550860437105e-01
-5.960619310581501962e-01
-4.039044147882980274e-01
1.903349933542921590e+00
1.921716468925283250e+00
2.381490114708068706e+00
2.169192631524516912e+00
3.087010210092522300e+00
4.315180396375401628e+00
4.023164209677465131e+00
4.664520515428652203e+00
5.949209647934717182e+00
5.857725250071219136e+00
7.054717441069343842e+00
7.421574653073283123e+00
7.247687524653896318e+00
7.200914768028430224e+00
7.484222172928932437e+00
7.556743921861752256e+00
7.316159846207071382e+00
7.633490893177445891e+00
7.386047488678798345e+00
6.780084504152425140e+00
6.861334089537588277e+00
5.321609230869319696e+00
4.093008196311765268e+00
2.197774953751817861e+00
2.443638364040367605e+00
-4.187931915860188536e-01
-3.446251479579416799e+00
-3.316843578033794593e+00
-5.789003731159693800e+00
-3.656762156324944613e+00
-7.170536449983766047e+00
-4.190587299770563767e+00
-1.725562643049143086e+00
-3.775591639382386955e+00
-1.475358571124524953e+00
7.525186536989532105e-01
1.121906563223820097e+00
4.922049162991696258e-01
8.224261453440715464e-01
1.161715462079332628e+00
1.140080760214069011e+00
1.493194475345964500e+00
1.107091266202307134e+00
7.751320561842768297e-01
7.322270147786434924e-01
1.464732508594913662e+00
2.063848449987078837e+00
2.187431802909117540e+00
3.120896820602041544e+00
2.639166131431734286e+00
3.049573125550375519e+00
2.959298469713104840e+00
2.620563472127695359e+00
2.295712478816660074e+00
2.051631694884788359e+00
1.217283391210451260e+00
1.516055035854967370e+00
8.592470643077608772e-01
9.788085909797050732e-01
8.629322672621591028e-01
2.469650828340034243e-01
2.168274197639025735e-01
1.395111854717407396e-01
8.520445992933070034e-01
1.090292493072302360e+00
1.047065935787100388e+00
5.933131953983926676e-01
9.720065469083639664e-01
-7.625303453883156557e-01
-2.038890044617647224e+00
-2.278618335075445422e+00
-4.211060217829756258e-01
3.435730429829702004e+00
5.109253462564096182e+00
6.663182052892545393e+00
7.101701957417214217e+00
7.576164135333012695e+00
7.464396284519834168e+00
7.429211350650197332e+00
6.360476934264341686e+00
5.355618999059742258e+00
3.514934022252425461e+00
1.754220731286984858e+00
6.004028775710421595e-01
-2.399491530997599043e+00
-3.637063245461524819e+00
-3.229507418197854030e+00
8.126327724642576911e-01
9.182277621080281449e-01
3.050769954180482024e+00
4.422736910520294273e+00
3.784793337946859015e+00
3.862138948244494330e+00
2.784000943566947939e+00
1.234338784676746181e+00
4.897723481419927194e-01
7.722968012988749020e-01
1.416516018477973260e+00
-5.743361826159302241e-01
1.821073077967673370e+00
3.651813476404512038e+00
3.950790102099336565e+00
3.509262809262190252e+00
2.903710472010882615e+00
1.815921093725821889e+00
2.260804276044412031e+00
4.810402821874529167e+00
5.598414584833111718e+00
5.507858231933052906e+00
4.811386918026191672e+00
6.246662741577949873e+00
6.410830276623645574e+00
6.478255654384323492e+00
7.174905569109816028e+00
6.930936046209360768e+00
7.091195928998450526e+00
5.837158408553429823e+00
4.998414271814412224e+00
5.763576622371811453e+00
4.545468194970202269e+00
3.139963926756557555e+00
2.343761290976256184e-01
-4.025312997667281900e-01
1.767929647483581362e-02
3.350026327279360255e-02
-1.962085932248103681e+00
-5.943143422182237678e+00
-5.702666237349253819e+00
-1.259856971599775166e+00
-1.283661850014677031e+00
-1.591314662765956456e+00
-2.659706546314828834e+00
-2.041405283633767276e+00
-3.527599750435971515e+00
-6.727199649817595883e+00
-2.028100029343363087e+00
-3.415503402291588220e+00
2.341284118151303328e-01
2.127416252450784029e+00
3.322219996510654916e+00
2.182727960374788001e+00
2.616649957043712504e+00
1.855628081292051368e+00
2.214773699618507230e+00
3.086015455155298959e+00
3.441637425201594880e+00
3.350807170132060975e+00
2.692161691531167911e+00
1.039498894598237300e+00
-1.863642629424006603e-01
-2.534040397738046124e+00
-2.992505565781970134e+00
-2.813074417110507763e+00
-3.227442873379802180e+00
-4.463637841934239847e-01
-3.222257619190021849e+00
-3.089462292713665015e+00
-1.856452172736291706e+00
-2.001641718954324300e+00
-1.378727649876531736e+00
4.953372648763385566e-01
-1.143607806944456851e+00
1.112052451532738462e-01
1.385342020010914332e+00
3.814597977789675021e+00
3.826963333723709670e+00
4.446897057276379073e+00
4.025058403547287611e+00
3.957293556599522866e+00
5.335049642907868872e+00
5.822258669899440520e+00
5.629020987335902504e+00
5.880407190200451772e+00
6.446676127138211143e+00
6.512309679864218381e+00
7.288053864468687415e+00
7.334506398954864004e+00
7.236382328535057695e+00
7.169898138002506194e+00
6.811105453052124226e+00
6.450466163271326714e+00
5.828635599163781933e+00
5.600351407029345197e+00
4.450683104320675376e+00
4.567942270236494906e+00
3.240349039626340577e+00
3.603637956568790379e+00
3.054057719041463947e+00
2.022928646858059842e+00
1.198068902270938096e+00
-9.271986794639364149e-02
3.446284709685266678e-01
4.838221773800084335e-01
-2.801768113863709400e-02
3.060370809058628461e-01
4.544322827387707875e-01
2.815037043258839522e-01
-1.048508262989213735e+00
4.017856275473383892e-02
-6.014289714785472224e-02
-5.731498939837164075e-01
-3.218478248552280596e-01
-5.153939249109182885e-01
-5.195877128841877024e-01
1.767287258451226140e-01
-2.143654295406423604e-01
9.428296188481977147e-02
1.351602850975738290e+00
1.128577479067065070e+00
4.414238416898764172e-01
3.335214501134765031e-01
4.437391594704573894e-01
1.182085642345924947e+00
7.648868740781267217e-01
-6.657662913298297014e-02
1.881331900894944037e-02
7.568078500618190541e-01
8.277409350382596287e-01
2.380381634257462853e+00
2.221036434906584756e+00
2.681369428432520685e+00
1.341749684526712283e+00
5.057699272819817793e-01
-2.562989108904599078e+00
-1.278828713813131346e+00
-2.222071088088815927e+00
-1.347969629938543523e+00
9.316958644077597551e-01
3.181921775091560711e-01
2.074792638381569798e+00
3.256735821335090098e+00
3.147254288313872106e+00
4.113340349009284580e+00
4.310497138455699151e+00
4.329909042200299041e+00
4.430457461277128139e+00
5.070085568935728482e+00
5.075596145533484815e+00
5.380722304992675120e+00
5.307055855561262803e+00
4.436416765922021277e+00
4.295843189507274396e+00
2.778237170691622016e+00
2.273473562164853856e+00
9.323029781638307867e-01
1.185469124547464670e+00
7.146288708577641646e-01
1.332251400515835904e+00
1.518796675419732178e+00
1.571799088606627093e+00
7.970426417223169802e-01
2.613869401278658411e-01
1.079320435448201110e+00
1.329886409348427279e+00
1.425944756453560114e+00
1.956725595920709937e+00
2.440628894128095361e+00
2.092699987126729777e+00
2.295075737673610838e+00
2.427895066440066252e+00
1.255787692924313026e+00
-1.512266985408716513e+00
1.444657523272702832e-02
-2.586114124160351305e-03
-2.491505636286558190e+00
-1.494920012579120883e+00
-1.656546049711053126e+00
-9.214425120862980156e-01
-1.495002268529880940e+00
2.262165731670496421e-02
6.245410545196616176e-02
5.570091144990613197e-01
2.642055875013598065e-01
3.733459428145228465e+00
6.327392902319411760e+00
6.780265738669227993e+00
7.694451588337461345e+00
7.550195399244254091e+00
7.387923088485543133e+00
8.373466337193280040e+00
8.946308117778718483e+00
9.617389667401383235e+00
9.335787546120760894e+00
8.846329632325083736e+00
8.316125795145826061e+00
6.969959994549298266e+00
7.454910726071446447e+00
7.345499142002417159e+00
4.961312988250553779e+00
4.218757455150157654e+00
3.184413048412410241e+00
3.358001807807915462e+00
3.721876945551089833e+00
3.257647459609931406e+00
2.796813307340559440e+00
3.464814651836380932e+00
5.137753932108936050e-01
7.196169407584773747e-01
-6.202909202070950867e-01
5.161470925297432233e-01
-1.313198789524741450e+00
-1.764751034399662855e+00
-1.809007324281212692e-01
1.652188664445946475e+00
8.427029760759012778e-01
2.766949160291981791e+00
2.947629429952340896e+00
1.794344475268495387e+00
-2.607324235758331499e-01
-2.545994462522820800e+00
-3.561139964599774110e+00
-4.726554730682575034e+00
-3.857864716417598316e+00
-3.895985886624110606e+00
-1.952226881719938634e+00
-2.724680775732673865e+00
-3.905024070973370787e+00
-3.524017915794914302e+00
-1.457364034716703838e+00
-2.177285840920266669e+00
-1.417106502263750123e+00
-9.212665459552348279e-01
1.440855082813373489e+00
2.896109326235119408e+00
3.924799936131764699e+00
4.019863348039661943e+00
4.502003678632910955e+00
3.737710333635778426e+00
3.060680047433825823e+00
2.412179863588249873e+00
3.078117143003214373e+00
3.964751095659597713e+00
4.474451264835961339e+00
4.131047746465167592e+00
5.408497614450391566e+00
5.684586501764911759e+00
5.632747397882129192e+00
5.378975419289465876e+00
4.186205692515046373e+00
3.379229143179152572e+00
3.282678419274236425e+00
2.689586055946887377e+00
2.846939561034618205e+00
3.837881694577860436e+00
3.024056542818045479e+00
4.078517586844058407e+00
3.415792166262447083e+00
3.661321439763401298e+00
4.422677996089360519e+00
1.943641038747332406e+00
3.389771923594802061e+00
3.357590024419961239e+00
8.374082593013347786e-01
-1.599258357457106761e-01
-1.726788781007452922e+00
-2.435748887688384379e+00
-2.018356661906633764e+00
-1.462548556052150284e+00
-3.909886272849804056e-01
-1.260478499906966920e+00
1.406868173500845365e-01
-1.124983908315805081e+00
7.212847163544204854e-01
1.209562595450305977e+00
1.847114102903430144e+00
1.872772264682609933e+00
1.230095813644305425e+00
3.283831855684229417e+00
5.288826371977157770e+00
3.984585778939784273e+00
5.107291597517551907e+00
6.020294715522639173e+00
6.669749333358828025e+00
6.943572153196567953e+00
6.676234297381204996e+00
6.727977363186198545e+00
6.705969093525522062e+00
6.911815376816216272e+00
6.725131726311481373e+00
5.550409521036527849e+00
4.756416253731003962e+00
4.032615244711620583e+00
2.851961930533389200e+00
1.033960127958055253e+00
-1.033639151904950149e+00
-4.212584749448806676e-01
1.016727154121109589e+00
2.791972679434515658e+00
3.930329013597479548e+00
3.924717560684527484e+00
4.446148732003629256e+00
4.727715386657117769e+00
4.114651256216946607e+00
4.191243185914784064e+00
3.638386595082418573e+00
3.711094811049931330e+00
4.373130461320862139e+00
4.359161865706601802e+00
4.060870117478990515e+00
3.561885588706773298e+00
3.353486213804863780e+00
1.956910095019225526e+00
8.486644091172700355e-01
6.817184184702314020e-01
1.231795534003630843e+00
2.031104670631299847e+00
1.998596065392253207e+00
3.837777214522807512e+00
3.021334413566036048e+00
2.597531244267519579e+00
4.599688878935645597e+00
4.567046777353453990e+00
4.645022392460252725e+00
6.210660248280342799e+00
5.157057068807072042e+00
5.990738336680982989e+00
7.531930477488076647e+00
7.915528179741336601e+00
8.015613666985363039e+00
7.624649476830056116e+00
8.165738740086000647e+00
7.670628797127757359e+00
7.964318876882058973e+00
7.300007176101206419e+00
5.806832719800585352e+00
3.271940095076658395e+00
2.623099231286221134e+00
2.560415093284877486e+00
3.186651870587972724e+00
2.586069093747240366e+00
1.641731114683396831e+00
4.321499672064375019e-01
6.475436677672669061e-01
2.001691412504749579e+00
2.152985109485697102e+00
2.348669344728344210e+00
1.946878489936147760e+00
3.034864972885117140e+00
2.461242211889994813e+00
2.850936654114434532e+00
2.603014662040182614e+00
2.851806622011802794e+00
3.067141707619783553e+00
1.267689510112838480e+00
-2.080423855313788539e-02
-1.437936385549457796e+00
-1.100250791384011606e+00
-1.706807806247934378e+00
-1.801118780790189611e+00
-3.200763931805120421e+00
-1.123876813500978011e+00
-1.752596397041536580e+00
-2.835012852412718054e+00
-2.360471525483677890e+00
-1.214862103804016602e+00
-2.412663066222055230e-02
-1.062232739618154564e+00
-8.165503448265821751e-01
1.755911324091119941e+00
4.119419749623403959e+00
4.760059584653908438e+00
4.609873666497734668e+00
4.277999016944690425e+00
3.926134245373986253e+00
1.792548712607322292e+00
5.362274036065837191e-01
3.539855401853514438e-01
1.142088902692611541e+00
1.449230655709042637e+00
1.628324298745064125e+00
1.859855213221829562e+00
1.498641943545508504e+00
1.743749175554145214e+00
3.063299613917291886e+00
3.576194599056194967e+00
3.477605288706989040e+00
3.412621420160189878e+00
3.128791819649827666e+00
4.064422209091259397e+00
4.595063324703751562e+00
4.404611800126439825e+00
5.064202117163628003e+00
5.626988823291711128e+00
5.723964365994225645e+00
4.857111082514231626e+00
5.383462240807110888e+00
2.450256704673265507e+00
2.317514785109727082e+00
5.020041376631132479e-01
1.076018102023893752e-01
-1.603332717028825294e-01
-1.736067673761074737e+00
4.064871430992583745e-01
1.719857681022146645e-01
-3.510757578582646143e-01
-8.108366547905975219e-01
-1.866259793510998577e+00
-4.784347919758541456e-01
1.631905072423888381e+00
7.172030133354170278e-01
2.308564079690169191e+00
2.847401143462277240e+00
2.884560283242967316e+00
1.790285357069328898e+00
1.731561392970325519e+00
2.787327843089746793e+00
4.016497826776308955e+00
7.172309578309433498e+00
6.646113624222081739e+00
6.658900402289078535e+00
7.964641739264567200e+00
8.268454366897380226e+00
8.190098363913950408e+00
9.089001213144378255e+00
8.938048578876255590e+00
8.792381850274729516e+00
8.715274032155024386e+00
8.180571739534393316e+00
7.925060138299357959e+00
7.222948795430230717e+00
7.390087622829538461e+00
6.606641550614296143e+00
4.576351233029626542e+00
5.372197236588639235e+00
4.449207388424857967e+00
4.797460165352986472e+00
5.312544191414136030e+00
3.734229435853746892e+00
1.498188445935567659e+00
1.265991433101670172e+00
-5.128546850156448400e+00
-2.850640964410407818e+00
-2.035609212566283688e+00
-3.835646371282446676e+00
-5.540579863359509361e-01
2.458273038725707682e+00
1.374136761602894552e+00
2.611715482688757195e+00
2.523455265526614699e+00
2.583001798939803528e+00
2.741654257391703542e+00
2.585934021498882629e+00
2.908491137321399300e+00
3.229715716335240572e+00
4.260352504661137907e+00
5.287255843838285507e+00
4.773894257495028270e+00
4.184554782491987091e+00
4.309288362734564615e+00
3.575717406362445949e+00
3.783385039173162490e+00
3.299629325385598833e+00
4.425838371120989656e+00
3.348250108780480794e+00
3.294358910374492133e+00
1.683981295283850432e+00
1.448877902074625190e+00
7.300639640661178431e-01
-6.217137113214175059e-01
-3.549724178808142838e+00
-1.762325807070389327e+00
3.518971288121934826e-01
3.703228389420790023e+00
4.777404709595590049e+00
4.264812094511535534e+00
3.967994678603154579e+00
3.640733844154263821e+00
3.204104047929047905e+00
3.608980853379050835e+00
3.294250776705887951e+00
1.984603698068978739e+00
2.126283717972938359e+00
3.180055546674100064e+00
2.103030407614093988e+00
1.537509831224566970e+00
2.011622929970064533e+00
1.189169432262677573e+00
1.648614589786694395e+00
2.180004854014115701e+00
2.190734087979688383e+00
1.753832634509752797e+00
1.889320163326218216e+00
-1.961467657007967269e-01
7.153771487626345849e-01
3.102867963849139876e+00
5.732609552994649249e+00
6.690372560535712054e+00
7.504523159883906835e+00
7.740425116183827114e+00
7.318283300131074753e+00
7.653448278832756912e+00
7.823121001346285297e+00
8.169093600435017422e+00
9.332508786810594259e+00
9.373213704811099944e+00
9.085136558280078489e+00
8.959750370944867370e+00
8.266845884890521745e+00
7.411481997502132657e+00
6.751911212730136391e+00
6.572017460589066218e+00
6.610687416074958023e+00
6.447020339385176158e+00
6.609616600108091156e+00
5.848038683854134945e+00
6.920878085092424747e+00
5.109427784570867992e+00
4.760142326856900752e+00
2.560244420495588535e+00
3.073302735590773160e+00
4.971585333453855782e+00
5.994949553261812447e+00
6.400500842186266581e+00
6.706349109981537993e+00
6.657004666213457433e+00
6.675204581037573526e+00
6.956692828817379493e+00
7.216711109763506826e+00
6.816306112799227712e+00
6.866141115176561449e+00
7.410221387266831883e+00
6.541895929148674682e+00
6.232077977145413783e+00
6.173531273162728539e+00
6.080071307919813428e+00
5.344514879032757015e+00
5.601583144447246809e+00
5.666669453739756612e+00
5.211695949095584979e+00
4.721295701479122364e+00
3.886684454516833309e+00
4.263723827418724355e+00
4.198345930063749343e+00
4.136369252509163985e+00
2.845038411867810257e+00
3.002266481317426017e+00
3.229290845551600064e+00
4.077695631131866172e+00
3.210122581023777233e+00
4.104348345780478802e+00
4.539248967048255423e+00
4.935413730933620791e+00
5.062805433204631278e+00
4.221773073455717729e+00
4.181553320220539938e+00
4.995891225065999919e+00
5.400985303949015659e+00
5.883251201008499187e+00
5.512127558424189999e+00
5.288583747636121934e+00
5.366205983964881909e+00
4.679696643533790557e+00
4.069237927109762509e+00
1.810194833445366802e+00
2.154688216903505982e+00
2.892610483085936046e+00
6.678486057336834314e-01
-1.805560070368235071e+00
-1.604170750013483859e+00
-3.321359066581081265e+00
-3.195977365365853196e+00
-8.836888671681918384e-01
-3.642809963083166735e+00
-1.496774091511639204e+00
-9.862877128423958029e-01
2.586336971939284246e-01
1.334992953840185681e+00
3.866763465391479748e+00
6.300619311161320013e+00
6.027169863770447833e+00
6.745800666022311987e+00
6.444725134145969037e+00
6.098895411253291599e+00
5.365352452494790647e+00
2.868448946390248722e+00
2.853198549961261765e+00
1.855522822505348390e+00
2.372665326014887999e+00
2.600102403997198941e+00
3.547353197775737321e+00
4.843509750516028944e+00
5.534736686369463143e+00
5.507155138107782122e+00
5.683591160113804719e+00
5.644347382162449023e+00
5.784867275208020132e+00
5.273929734225175636e+00
5.232457382575445237e+00
4.246335617004191931e+00
4.205065488845668220e+00
4.556254591377754792e+00
3.905683915688253460e+00
4.517170516459518836e+00
4.415306809947855626e+00
5.872371487170857662e+00
6.038263784157344105e+00
4.746502071184245608e+00
4.627876701304034057e+00
3.072207871307558236e+00
1.306959431278901462e+00
-4.146074425319021373e+00
-1.828964721966011453e+00
1.725065992624368549e+00
1.177956175130600691e+00
-7.669623323851131325e-01
-1.936182520425020481e+00
-2.432675479898391557e-01
2.130864863485881777e+00
3.208959487960356238e+00
3.987172440175528187e+00
4.067002049538917419e+00
3.400225675945192094e+00
1.922283720180045563e+00
-1.311255057759592280e+00
-1.226393384909882478e+00
-7.163525500596088946e+00
-7.813701618356287959e+00
-5.060464952267908600e+00
-6.493491322975337710e+00
-2.605925898243515171e-01
7.606600285605633616e-01
4.328234807668941642e+00
5.836764783369589260e+00
6.102912928703149831e+00
7.758974620655337162e+00
7.609843094532154240e+00
7.803348330524761955e+00
8.223001589082409524e+00
7.204128920081966037e+00
6.296947259589852131e+00
4.765799721221676499e+00
2.710472054733853220e+00
3.206524406546135353e+00
3.516717420493446156e+00
3.465458361555922906e+00
3.916776094251127383e+00
2.243707854046316008e+00
4.810327361314709754e-02
8.123676108784636529e-01
-5.522323095630529144e-01
-1.028386988764174115e+00
-3.587954548411626199e+00
-5.016962073372004838e+00
-7.234806846959198623e+00
-4.834489949086668403e+00
-4.907810694029516085e+00
-1.975353353412159452e+00
-3.576430191615593390e+00
-1.864025642129827798e+00
-1.804910038860329191e+00
1.142429889515383268e+00
7.417674301003831516e-01
-2.628895412238850260e-01
1.598418163664611757e+00
1.019708436231390847e+00
1.740540207310692589e+00
1.054669226516164127e+00
1.931159105955145838e+00
3.168846043049109440e+00
3.308406447004745399e+00
3.805455656844968004e+00
2.984435221629714974e+00
2.543777253402613070e+00
2.802143714332841373e+00
2.541600875685440464e+00
1.834633767770768031e+00
1.178982643380777739e+00
1.418746219497626804e+00
2.202655663305803202e+00
9.036042626770472985e-01
1.914830656541101961e+00
3.215928967894472912e+00
3.667697772906770570e+00
4.782794747291585935e+00
5.287052481607234178e+00
5.019096229652615371e+00
3.823615949263047042e+00
3.402557956536021333e+00
2.382435021429781585e+00
2.505431286416119896e+00
2.641718695444639664e+00
2.108963914629549574e+00
1.710028349685964066e+00
1.358117701381212239e+00
1.203879141481641657e+00
1.547216041561644495e+00
2.245462658242953768e+00
2.739506065401133394e+00
2.830558004627747426e+00
2.819943539619866879e+00
1.972852436440983626e+00
1.779231913902811435e+00
1.686315436328206463e+00
2.605091060097892264e+00
2.606360411495592722e+00
2.322053888183080339e+00
1.584463311545023734e+00
1.259935357542762979e+00
1.479989379994053333e+00
5.459680862671558721e-01
2.297336345405653624e-01
1.444656567187569962e+00
7.432185453517965446e-01
3.098758970015969005e+00
3.858336682266059192e+00
4.277580537450119458e+00
4.294575368466847287e+00
3.783107685363977790e+00
3.535569559024589470e+00
1.533883353110881309e+00
2.010229388479145118e+00
1.289751769681438009e+00
-9.487579830068296194e-02
1.420758013809046705e-01
1.971926840065474640e-01
1.733764437880369824e+00
1.535343796644898173e+00
1.320278795082120649e+00
-1.563755027580875590e+00
-1.943911136316909705e+00
-4.774803588010685829e+00
-8.190706312789041377e+00
-4.211606689439562956e+00
-2.824628117501244429e+00
-1.693863204771905107e+00
-3.494976861842013616e+00
-3.828146623542865168e+00
-3.710378132549129848e+00
-3.095146943676021944e+00
-5.626948247400881620e+00
-4.668063411887617420e+00
-3.864109835220408851e+00
-3.936790979998260553e+00
-3.891943546330367543e+00
-3.879722060933734618e+00
-2.382591644369195460e+00
1.098230410978067589e-01
2.940125524291048453e+00
5.929754980344943860e+00
7.391637121907743690e+00
7.806925930010325310e+00
8.065497067416854904e+00
7.395968811856150182e+00
7.205353941720495037e+00
6.411244619658234001e+00
4.914640133258359356e+00
6.137403825003420188e+00
3.920986856985919644e+00
1.138789444170331455e+00
1.721937808650837676e+00
-6.315156470693250590e-01
-6.304498524951250849e-01
1.608433230821069593e+00
1.274075291651132202e+00
4.795108661623473933e-01
1.610139282397918148e+00
2.652829705283328288e+00
2.216378968634467039e+00
1.005026272732581161e+00
1.312095782647929365e+00
4.834494842466699471e-01
4.822652544658256879e-01
-5.815556022686575455e-01
-6.696565441629416249e-01
-2.980551155195699131e+00
-2.595699711053790715e+00
-3.500070960534388043e+00
-4.501497556937020583e+00
-6.425100253399235406e+00
-2.882884724256290276e+00
-1.497946638389546559e+00
1.806143686259955361e+00
3.239492643323066190e+00
4.215355734729590687e+00
2.913841043445100087e+00
2.921530490341506692e+00
1.607625204403517971e+00
1.815529379438040936e+00
2.396658314757335262e+00
1.981178431627690584e+00
1.923900021698609297e+00
2.069109411571345536e+00
1.626636267452702400e+00
1.807989988140299875e+00
2.084982228700054563e+00
1.663494161468171750e+00
1.445479878986960287e+00
1.545909765351223708e+00
1.402954580460809897e+00
1.468328167231957915e+00
2.053588652208100829e+00
2.148543449266751448e+00
1.651143719107960317e+00
1.663708494128232296e+00
1.347458209661352102e+00
1.913088864276351497e+00
1.505554371070416897e+00
1.937031550851069595e+00
1.971755248847058439e+00
2.383914779104761461e+00
2.212416221423612051e+00
2.208446944434529602e+00
2.536086998445308716e+00
2.948963346769202687e+00
2.989201180608810127e+00
1.250435687406269203e+00
-6.918572684042103571e-01
-9.550736294353101563e-01
-1.646479870326530426e+00
-2.784628492887409212e+00
-2.540519851730975276e+00
-9.569898051306393594e-01
-1.679636733435810880e-01
1.283270202134343618e+00
6.919352175227335700e-01
1.420182010095998759e+00
1.512898609341573941e+00
3.519183855428215324e+00
4.498022175556406488e+00
4.039564338978406610e+00
4.274054286480010845e+00
4.794757017595097537e+00
4.777806408609964528e+00
5.025035782790409300e+00
5.323526330988313404e+00
4.983095623392435947e+00
4.557120433481729904e+00
4.629630778314988149e+00
4.324691131621058560e+00
4.392600117439505958e+00
4.733749596653135328e+00
5.018785048602120824e+00
5.330598916334396975e+00
5.312724063700348331e+00
5.362645437185301844e+00
5.522039859475777135e+00
5.410215269598773524e+00
5.410481347746667780e+00
5.124128610370947357e+00
4.706180949321826290e+00
4.907050635202099720e+00
4.537661596142928744e+00
4.627804572097852009e+00
3.348092293285449550e+00
2.003352866862197157e+00
2.187553917868247932e+00
-1.320780594719904055e+00
-3.159839292448239689e+00
-4.273316330600106738e+00
-3.378038910143135176e+00
-1.371874378714555975e+00
-6.549154033287944987e-01
-2.685653971911699411e+00
-8.058416599460255236e-01
-1.604286765112964641e+00
-4.491463326328971606e-01
-5.001041116879673121e-01
1.133716385643095625e+00
6.661214201010177138e-01
2.575928079599580922e+00
2.443987196399236783e+00
2.832558699666376079e+00
1.712216123841217907e+00
2.870579415119415501e+00
2.833737109102915763e+00
1.878661482406316585e+00
2.866386822243604193e+00
3.133969743447333034e+00
1.993392849174021819e+00
1.388710588891044928e+00
-1.111207460533296665e+00
-2.277181524858933770e+00
-6.455568848417311045e+00
-4.697214302056914370e+00
-2.624900798853595063e+00
-6.497561371829081445e+00
-8.686550789048695265e+00
-7.419429185290811191e+00
-1.941786336866433649e+00
-1.680693064729509301e+00
2.627404936777971933e+00
2.261509231285205868e+00
2.247001358350539935e+00
3.138941626100919091e+00
3.122778583278140729e+00
5.478782706221078769e+00
7.433909595976359697e+00
6.788597233828644661e+00
7.433122435940799022e+00
7.710844739091603728e+00
7.966688975858979838e+00
6.809622943267292783e+00
6.988926896801225475e+00
5.436744785950041958e+00
3.818533212228420570e+00
4.833311049654157365e+00
5.127111725491481309e+00
5.049473707355840446e+00
4.709259050031319838e+00
4.921976123016498228e+00
5.418449678871231079e+00
4.740977392938738433e+00
5.156613894584571867e+00
5.671965347115182077e+00
5.476421330201160842e+00
6.021715194330871768e+00
5.637274347457124080e+00
5.927746359930220699e+00
3.736845233170347225e+00
1.033663659280793734e+00
1.289879493451969172e-01
1.791506543259879791e-01
1.032851022349600578e+00
1.566570706283183290e+00
1.679272537111391683e+00
1.690206951692643456e+00
2.059863076104281099e+00
2.948242172068775702e+00
2.674525864208419090e+00
2.550548348452641001e+00
1.510414598323050805e+00
5.487731444162673444e-01
-2.760978801413515593e-01
1.369316990035331916e+00
1.531872281602926655e+00
9.472079328255538222e-01
-1.414857354442173865e+00
-9.783660708650788740e-01
-5.608066390458439354e-01
1.304671336121183911e+00
3.627435876517783875e+00
2.953358956201155294e+00
2.844712220364983501e+00
4.313031585080673302e+00
5.149591487068199136e+00
5.255034381624684059e+00
4.851756834819548558e+00
4.563272383053408099e+00
5.119313707250867651e+00
4.724767065365938379e+00
5.143292987771339142e+00
4.646020138790317944e+00
3.269493905213240126e+00
3.394588236237438661e+00
1.350955988300436061e+00
1.113972445367548358e+00
-2.874702713183353020e-01
-2.054926909464480200e+00
-2.456237325810485927e+00
-1.933510795702204632e+00
-1.256221868226449434e+00
-5.351569545369372349e-01
-5.506250292400494302e-03
1.587607184248145176e+00
1.237161216788682960e+00
1.875413880763956431e+00
2.226949420288215187e+00
1.481751239891874183e+00
1.927137318559069223e+00
2.573733840733940514e+00
2.308503736571744014e+00
3.544426841665542227e+00
3.696080290250270295e+00
4.401204717213358819e+00
4.461198140906443399e+00
4.267949256802758384e+00
3.771098264030134484e+00
2.691879118349659095e+00
3.546310297958817248e+00
3.457614428892902048e+00
2.695758571314508245e+00
1.168505532509612088e+00
-1.965023766979669961e+00
-5.778442375590882030e-01
5.403021613449653371e-01
-8.736850233193350634e-01
-1.319034002244934278e+00
-6.174917844878423878e+00
-7.480280144147899435e+00
-3.833501407378894221e+00
-4.908905418777276708e+00
-7.952972404107983451e+00
-2.868728222583731835e+00
-4.840947750598667554e+00
-6.831031629233736968e-01
1.286572638462590845e+00
1.990342045388765468e+00
4.914702824068273301e+00
5.799342992540062802e+00
7.358148991737982314e+00
7.858441110676107400e+00
7.734953865436282605e+00
7.876301553230718788e+00
8.199180360955299562e+00
8.197999528424199767e+00
8.283017141779861703e+00
8.339888522889403077e+00
8.145267519491648400e+00
8.303340478817508696e+00
7.562903883637841496e+00
7.384607622269149019e+00
7.369676613713405544e+00
7.826476973998177655e+00
6.526376933196303298e+00
5.965702811926771432e+00
4.458205127992257211e+00
4.627513610249629039e+00
5.190280971959159828e+00
5.391320007772231193e+00
3.741350522558470892e+00
1.152229212360164068e+00
-1.636782640205468820e+00
-6.843446734466569481e-01
2.935393783330647599e-01
5.757493299658896779e-01
-1.568260008240917269e+00
7.799679138882082974e-01
9.872712435792042607e-01
1.625336816115479976e+00
1.262469042382537765e+00
2.094715213747214477e+00
1.268662235452360676e+00
2.549411495459609434e+00
2.239469407426397218e+00
1.832103047293915488e+00
-1.320423910932338463e-01
-3.943342562357182723e-01
-2.844238672868666828e+00
-2.908741894366582592e+00
-1.723823152972147721e+00
-2.102059159055986282e+00
-4.591028890112911931e+00
-3.257887137535244282e+00
-4.674325984143888668e+00
-2.562599206718870093e+00
-4.975510683863180184e+00
-5.663030122764521224e+00
-4.225509154918202448e+00
-3.821204411338483542e+00
2.256821516867753563e-01
-1.228958528183645926e+00
3.178774087786297109e+00
3.598897083476078507e+00
3.568692350130540980e+00
5.180685020144306208e+00
5.607775493431455871e+00
5.818593054723208091e+00
4.857960828803684628e+00
4.161945689372982926e+00
3.861680704087785188e+00
4.270188567152022330e+00
4.014259743410704573e+00
3.366145831025524338e+00
2.945984142392954030e+00
2.976587271933157641e+00
2.925469202220774889e+00
3.156463534779430535e+00
3.542991344868515746e+00
3.647267713555202295e+00
5.712783483815542240e+00
5.377461339121917483e+00
6.623088180662954905e+00
6.500077372133716835e+00
7.064089677849116455e+00
8.270048443479373290e+00
8.279133586764794828e+00
8.176954384320602287e+00
7.992919269596516330e+00
6.289698391336571603e+00
3.372076820236133532e+00
2.869202505970354089e+00
1.594009210173349622e+00
1.432832738398682748e+00
1.925256889596248744e+00
4.760654687724192868e+00
5.188258898145466702e+00
5.601084849903221752e+00
5.588911143373120893e+00
7.362504161751144416e+00
7.400291843243978818e+00
6.994050181103633079e+00
8.210140914620744468e+00
8.181635731165549430e+00
9.550819062358996803e+00
1.006703081040693881e+01
1.002881519043225111e+01
1.027070389253506200e+01
1.046812525558128648e+01
1.039878381606810187e+01
9.524460355982071746e+00
8.650250401810403389e+00
5.080398656333791507e+00
6.052280305973663843e+00
6.122387639673108950e+00
5.977406965739157307e+00
5.120252392303983768e+00
5.995007174800107919e+00
5.720197512400561735e+00
4.796461675171372008e+00
2.134340576157795599e+00
3.800234252700598336e+00
5.359695264746665799e+00
5.808925273480014084e+00
6.550758060695325291e+00
6.477917322002678446e+00
4.909282626824208684e+00
1.208511437659902432e+00
-2.673299543593131156e-01
3.840053072910768472e-01
6.917851356065454205e-01
2.132085315280556892e-01
8.891681737608404523e-01
-4.316388984463377376e+00
-1.177308483810819428e+00
2.281027108662314173e+00
2.724915962882843434e+00
5.688582911586488322e+00
5.195642461804126810e+00
6.058065191274900840e+00
6.819543955679182368e+00
6.097375598614225289e+00
6.984300658139220630e+00
7.455533619427471947e+00
7.857693687172232266e+00
8.844729634641302241e+00
9.263186045097073773e+00
1.009159817959389649e+01
9.869357922883182255e+00
9.582502272397082521e+00
1.022231036344607169e+01
9.952122476331146217e+00
9.305115711598713091e+00
8.855520546604516596e+00
9.775347149965121218e+00
9.550614373821645131e+00
9.955052082806183478e+00
9.731653945575070352e+00
1.076870307402682592e+01
1.081312836303428426e+01
9.760245947609728745e+00
8.607687876079205935e+00
8.625038592513442737e+00
9.100653593368932093e+00
9.605871343140300667e+00
9.018477298637524342e+00
6.476069105515040114e+00
5.273772879535179037e+00
6.051457670519448051e+00
4.373868796632002898e+00
3.033201540361632809e+00
2.535083299578428484e+00
1.209265058188359943e+00
2.821934385787087773e+00
2.527847188041654647e+00
-1.098724375393444141e+00
-2.182318828465504179e+00
-4.461796623349915336e+00
-3.938016930714730579e-01
3.102838822563875887e+00
6.872749916633202005e+00
8.005367525651688965e+00
7.782780100414143476e+00
6.468670593871348018e+00
7.601559737932936933e+00
9.246129792016320792e+00
1.036126955828583363e+01
1.018319190002705454e+01
1.014791406224171233e+01
9.842712834538321687e+00
9.674851170416495449e+00
9.556687598436479192e+00
9.773174421417339275e+00
1.014639306194520252e+01
9.293469408030922807e+00
8.162752811470094016e+00
8.274897515512799728e+00
7.984175352432459682e+00
8.441674806589725577e+00
6.752976470145512167e+00
7.605412633792240307e+00
5.203986654445418303e+00
1.942885047520673814e+00
1.497484096102065898e+00
2.547874933216571769e+00
2.031938707491542040e+00
1.925928277177612280e+00
2.515105418047686170e-01
2.081571697705073998e+00
-2.234800631697556605e-01
5.376316990052918410e-01
2.441584535472825390e+00
5.573278268926108225e+00
6.802964074160761321e+00
6.596417638381309345e+00
8.950661299710333196e+00
1.011800199760109109e+01
1.040803561155415125e+01
1.027910008697703503e+01
1.019793438528033214e+01
9.631980580720485463e+00
1.056101489882635747e+01
1.069548043741456844e+01
1.021227995590312965e+01
9.552571590953755631e+00
8.342904333428394992e+00
7.666355642627108224e+00
7.751642403406615145e+00
7.631554711030641869e+00
5.884717183425153486e+00
2.756604390045065855e+00
-1.423148572702463699e-01
5.671754159290752773e-01
-5.046188972712893905e-01
-4.767221736581596758e+00
-4.239977306256993650e+00
-2.469458625867876567e+00
-1.954687612985593015e+00
6.808918354597465195e-01
1.059292989966369003e+00
1.090917872120576781e+00
2.620583862438796707e+00
2.465201606794776623e+00
4.804246003842443713e+00
5.328541776706240185e+00
5.903073262044898684e+00
6.255043427657399846e+00
6.104237351673308609e+00
3.966267362059814783e+00
4.161653004300783110e+00
4.731504368952847095e+00
4.712756186757741439e+00
4.869547527426564493e+00
6.060065491310471231e+00
6.918087055489743342e+00
6.975152515314916535e+00
7.995584538504885153e+00
8.216732762319139738e+00
8.739625264428914519e+00
8.206488396546321340e+00
7.629428140205803288e+00
7.463671081731115819e+00
7.622081051251958783e+00
6.851572519979579390e+00
5.885279350974695234e+00
6.457726573628591815e+00
7.212385310209388223e+00
7.779843778625247452e+00
7.361825622073054909e+00
6.180041212139979478e+00
6.379205692316927134e+00
4.867731219793861364e+00
5.486755725127608230e+00
5.391044429594272103e+00
3.804536180359315622e+00
4.460673945958532727e+00
8.800392700095491794e-01
3.925716335715389027e-01
5.040499655981801608e-01
-6.690025877716554437e-01
1.159378343919563736e+00
1.778613836149208094e+00
1.260173108084024163e+00
2.108801974787952727e+00
2.729821417228821101e+00
2.862502892952977884e+00
3.097846110809139741e+00
1.201649749787377708e+00
-1.392248993918541622e+00
-2.004090164780989891e+00
-1.354239820282341800e+00
-1.192995511824442301e-01
2.338818222836099858e-01
-5.149731288794708872e-01
-1.410827101115590398e+00
-2.231817682906730660e+00
-4.951568982949973829e+00
-2.392489853993486015e+00
1.980811871632542909e+00
1.788107954208969508e+00
2.191830200651011307e+00
3.270507549848859608e+00
4.110007704945703111e+00
3.497765288090274538e+00
4.005620155218402090e+00
3.708396731895711618e+00
2.485991886727992206e+00
1.945988751682738771e+00
1.588693443875701439e+00
7.084443793238147657e-01
3.388667223879266999e+00
3.692115793584839878e+00
6.655160456217311449e+00
6.512434642659302497e+00
6.357679679948407880e+00
5.982529541592889188e+00
5.991014274044537125e+00
6.081101308720127108e+00
7.520168509403414525e+00
6.716237614670182765e+00
6.699049932732394019e+00
8.145292779383407122e+00
8.725725571517438439e+00
8.657188650402341423e+00
8.986087482519227621e+00
1.005215223772871980e+01
1.023379092342236341e+01
1.041908459344352877e+01
8.758047606693468268e+00
9.572174184772833883e+00
7.748909965144420653e+00
8.473239281626854691e+00
6.604826694753640481e+00
6.540527590743426600e+00
6.176662116795833768e+00
3.972719184471361409e+00
4.936538892218678143e+00
3.190853816107482643e+00
3.198978745891779774e+00
2.925547887295290472e+00
2.788784026249021331e+00
2.978660209173437323e+00
2.911639240562111652e+00
3.669114274896176919e+00
5.119958964404743185e+00
6.820085009458120240e+00
6.495569620680772260e+00
6.477560917228477599e+00
6.828970938846897987e+00
6.621218530132830793e+00
6.205646706774846422e+00
6.592859341138947116e+00
5.878423687265794229e+00
5.447414818618044663e+00
4.286418627586297880e+00
1.020373040772246442e+00
1.585361336883516215e-01
2.313421639654382744e+00
2.927374050172720121e+00
4.543700337580504289e+00
4.533113510331058471e+00
5.023296101587875206e+00
5.905267714919942179e+00
6.473213837490002120e+00
6.462896552668055961e+00
6.812879361570144177e+00
6.301377219819367603e+00
5.986207483989933742e+00
6.378782955596390636e+00
7.150862535382797702e+00
7.100124709088884600e+00
6.094738891447530449e+00
4.576301913745361993e+00
4.114573721406476814e+00
4.556764856351946058e+00
5.146219662386908311e+00
5.513231220861706028e+00
5.467764250005041404e+00
4.485332869116032128e+00
3.585230314906632465e+00
3.173864743697350832e+00
3.006118510696420110e+00
3.460666113466591476e+00
2.761215385004380352e+00
3.472357164428887977e+00
2.754695044598782339e+00
3.626610360990170534e+00
1.350834666773733650e+00
1.185608133067372894e+00
1.009270863279752906e+00
1.720453621901978591e+00
2.593861638770569300e+00
1.651766644623087199e+00
9.548646264241034132e-01
5.294546028548042793e-01
2.209532040671085440e+00
2.532614604212592546e+00
2.148419196265724196e+00
3.651301352525033184e-01
7.956475919879069103e-01
-2.745076975785186946e+00
-5.106512591830957959e+00
-5.219719534790701942e+00
-3.824528476656943177e+00
-3.938702194399013035e+00
-3.329682061464101395e+00
1.437222348953666184e+00
2.415048710028882439e+00
4.073165910573871784e+00
2.768857865101365334e+00
3.155459278715483151e+00
2.865578253348378013e+00
4.598576740236697269e+00
6.030445667717044600e+00
6.553823183070822900e+00
6.609661275388981849e+00
6.275220515602430105e+00
6.156836190401708819e+00
5.699734459519904206e+00
6.415199682620952082e+00
5.837299857869776787e+00
4.469505658174107943e+00
2.225414920362413618e+00
1.887481229510212355e+00
6.299776359410308446e-02
-5.207987647431090439e-01
-6.273146045648468894e-01
1.464582540811869109e-02
-6.328418053850458636e-01
-2.703805685019913807e-02
-6.805882100652091982e-01
-8.919340851014508076e-02
-2.593905417097357446e+00
-3.400316788246105837e+00
-4.138330632808166598e+00
-3.133286764503242949e+00
-2.961637929886637988e+00
-1.709055815154889135e+00
-1.312202541362408326e+00
-3.495101085747525538e+00
-4.030799332912994082e+00
-6.865255157494136284e+00
-4.061374342867896559e+00
-2.584529574267266025e-02
-1.422528238122673094e-01
1.084074112972297943e+00
1.349661088951731092e+00
1.484166135562038136e+00
2.016454803236384041e+00
1.754356616482587450e+00
2.251315191623373679e-02
-1.054079480858763240e+00
3.153753687937267403e-01
-2.744127191201906069e+00
-4.052721638115772684e+00
-4.052616742193472454e+00
-1.569909200056393672e+00
-1.719855202717351927e+00
2.297810610975568935e+00
4.225811277319731829e+00
5.784798544901845752e+00
6.636208859320428033e+00
7.372503281366844519e+00
7.095329775140143624e+00
7.343947374317743915e+00
7.567622717169260937e+00
7.675784378392726204e+00
7.420447300448477002e+00
5.729110391211900577e+00
5.836127458711212412e+00
4.010048982600893375e+00
4.497814185935044229e+00
4.420134794872328854e+00
5.168181149925655582e+00
5.715774286698842133e+00
4.048055929809082798e+00
5.036110032411141191e+00
4.825818041022046145e+00
5.425308643534575204e+00
3.187253265275298730e+00
4.312415579408338751e+00
4.487665609712464310e+00
5.959371685288186171e+00
2.741748553511357045e+00
2.911531997142791095e+00
-1.442100186547738971e+00
-5.049891109496924102e+00
-3.098150258483128194e+00
-4.861194810832551561e+00
-3.724153758245880574e+00
-6.246682511172352292e+00
-5.295119378039495395e+00
-4.292463822548484131e+00
-3.846345264754658544e+00
-2.858853813328756654e+00
-3.665481867028330676e+00
-2.437478436887165589e+00
-2.505100338179126584e+00
-2.907074509230034742e+00
-2.798713852731482987e+00
-2.919378417640015488e+00
-2.578132664153707232e+00
-1.809752447038906364e+00
-4.200950405418362621e+00
-4.130120578084382821e+00
-4.525525229484374634e+00
-2.662587956066651884e+00
-4.880474979515806666e+00
-4.685159898906499087e+00
-4.020613683811190775e+00
-5.646947369109406978e+00
-5.393155016549119551e+00
-2.675590513048776486e+00
-2.007459374978384670e+00
-2.052675408428780823e+00
-2.212040912543360438e+00
-2.345971235878050010e+00
-2.827361386163782075e+00
-2.001404052656822863e+00
-1.216084701483422625e+00
-1.852195714907185264e+00
-4.317098449444955577e+00
-6.185211757825160639e+00
-6.580387694159992584e+00
-3.824769626232538577e+00
-4.912110551122552238e+00
-9.039193607300368694e-01
2.006827491228837523e+00
1.034993353036289143e+00
2.043779529715947785e-01
3.175686111635068087e+00
3.007481801857942560e+00
3.373224695815546070e+00
4.169306567173356015e+00
5.125591754787724774e+00
4.471239415122349570e+00
5.105591035170778724e+00
5.462767862732674118e+00
5.338267663565283705e+00
6.263596742634835124e+00
6.215305112922548503e+00
6.405703712192578614e+00
6.162368373113729092e+00
5.682351303017043165e+00
6.185944694126394694e+00
4.386986327656972939e+00
4.781540877491537778e+00
1.747300267956338082e+00
-1.377356646884960067e+00
-3.569916883741973024e+00
-3.718497440967143852e+00
-2.852216309780411407e+00
-1.606641245087754521e+00
2.036400243827841905e+00
2.347292620905232940e+00
3.124669193875019069e+00
2.539885271755727203e+00
1.023621072121851272e+00
1.213957600098744649e+00
-1.440888394582164889e+00
-5.057154000751475920e+00
-5.493528303366468357e+00
-3.054479582635677204e+00
-4.045935913721307564e+00
-9.863618130727294542e+00
-6.776555688157060331e+00
-5.256066381524177267e+00
-4.767369369504636190e+00
5.891903594639017472e-01
3.254876322645696707e+00
3.210305705882863681e+00
3.743636076959408587e+00
2.922733740532306168e+00
3.475515208591842153e+00
4.101559737559338004e+00
4.347664242432147219e+00
5.331139788447839756e+00
5.397112597916091659e+00
5.186893466761728355e+00
5.812411852853718308e+00
6.879188709277924474e+00
7.415531206808733344e+00
7.463516371462882049e+00
8.690714595473908233e+00
8.533215139763488111e+00
8.114526206065637126e+00
8.620563448635913062e+00
8.118943619408113932e+00
8.061925840815021616e+00
7.507523788660397379e+00
6.934031665835540537e+00
5.482824820502174568e+00
6.057144682298448046e+00
6.435191664018409696e+00
4.460727532995764300e+00
5.669147052572873768e+00
5.037523801930896994e+00
3.405736392885915009e+00
1.978348128818596452e+00
2.486058591246637750e+00
2.601910509849542752e+00
3.056320271394880272e+00
2.313352556568155194e+00
1.994920388212047424e+00
3.687433000058314647e+00
5.399870572411867187e+00
5.149583915241599641e+00
4.697801331148829362e+00
4.541216994002077456e+00
4.839173819987846237e+00
4.408605797829670436e+00
4.367583492833873038e+00
4.893861233282020606e+00
3.883362443977902423e+00
3.292961491056456858e+00
2.800204366595038241e+00
3.074285237439002838e+00
4.336757717110971910e+00
4.731555396227115295e+00
4.411073521313178425e+00
4.800988134787955275e+00
4.415082698982912390e+00
3.699844190114081499e+00
3.355575050397890280e+00
4.105912049927141538e+00
3.934188893092383843e+00
4.118685255691585390e+00
3.219338079340214875e+00
2.770540804747476216e+00
2.571306941613615393e+00
3.267210633355792204e+00
3.897944424383106732e+00
3.803803156439192534e+00
5.577379663961632872e+00
7.113582550667906013e+00
6.751899703282639109e+00
6.428961313279301315e+00
7.240622231178787338e+00
7.166881893572951689e+00
6.536011941011198090e+00
5.852505956246063512e+00
5.255287344842640707e+00
4.883966040894654803e+00
4.957304662989208133e+00
3.269952509931036921e+00
2.742759876158944454e+00
3.098652511630073381e+00
1.800806378399307572e+00
8.597477100197449262e-01
1.255860151413734860e+00
2.214692409160848197e+00
2.629481100700161278e+00
3.932874659547480167e+00
4.519318763717403264e+00
4.544195885599241258e+00
4.999863616260165067e+00
4.916367081881056755e+00
5.080252982657578187e+00
5.118681069513457693e+00
3.339817498241099081e+00
2.735517975405923785e+00
3.481279923736591453e+00
1.299684877360882673e+00
2.231388555957523501e+00
3.557550065897345792e+00
8.630466309985076467e-01
-2.311504587972743052e-01
8.647515357228185984e-01
-1.076097686956440369e-01
1.711681142952439449e+00
2.142659091973255769e+00
1.406782083689595009e+00
6.070870989138480667e+00
6.168915428626444708e+00
7.108888997326047843e+00
8.177391421349494038e+00
9.255313127516755500e+00
8.609097227871703950e+00
9.138036813659795143e+00
8.698282318440570648e+00
9.089715859654326380e+00
9.800886295859751129e+00
1.059994381231982707e+01
1.053585979669291461e+01
1.042304215985456928e+01
1.031415230570673636e+01
9.233819148324638348e+00
7.662510732999512797e+00
6.933618864574079055e+00
2.393781144131450045e+00
3.223766312899080777e+00
3.596965617797966530e+00
-1.500590682205859672e+00
3.084396534820687055e-02
-4.177258037492550535e-01
8.569082490862369728e-01
1.597995877124041453e+00
2.414546118999160385e+00
3.226976772448840514e+00
3.199921206868467038e+00
3.752932235891313972e+00
3.299853373620711405e+00
1.585927675801743764e+00
2.050517448840568413e+00
7.965393627168051438e-01
7.503606763575558780e-01
1.601306087697172420e-01
1.774847042741942271e+00
2.826739988461381969e+00
1.747741340183101677e+00
4.502779164959427316e-01
1.728876249013767907e+00
1.220787940221729873e+00
3.656796813769153776e+00
5.311641287220183472e+00
4.351826136099860243e+00
3.231252936125841746e+00
2.245249211251199473e+00
2.073157097241890678e+00
3.446230497258297998e+00
2.828022271931653897e+00
3.380909615514906985e+00
3.712650368763545927e+00
4.349623665346856072e+00
4.145444841245524259e+00
3.089982857269819583e+00
2.711213562267462684e+00
3.529747943652894460e+00
3.968755937878886364e+00
-3.815530558649848220e-02
7.677758959978317477e-02
4.837294583879623300e-01
1.952277824623778413e+00
3.125987510535013225e+00
2.081295676854626908e+00
2.729926243026709720e+00
2.672418401495771922e-01
-1.851486618165282538e-01
2.857078148369382564e+00
3.659995333221529812e+00
3.196352994007187753e+00
4.027667591518744317e+00
5.417017308654409113e+00
4.333282086634248742e+00
4.858498360950575190e+00
6.289683252496249821e+00
6.992235099003250021e+00
7.083280408352226054e+00
8.410836354533747894e+00
8.642765019020250961e+00
8.202980224144228671e+00
9.102441807286931308e+00
8.988283071136770275e+00
8.725983165453680357e+00
9.663163577189790132e+00
9.391237512251706221e+00
1.014754025060953246e+01
1.009394109449450028e+01
9.865693535999220387e+00
8.228553889544393485e+00
6.161848223464081897e+00
3.247069552223239342e+00
5.847279825509575923e-01
2.749936784557216907e+00
1.484420611109197985e+00
7.416903988968523986e-01
2.564961967679947996e+00
2.297126791158337511e+00
2.059354207874948273e+00
2.807811731071538475e+00
4.859944870137721473e+00
5.231779270645338542e+00
4.051109811166753616e+00
4.999321025700523613e+00
3.329967894528941486e+00
4.493602013856060395e+00
7.317019922681616606e+00
4.789040416587027060e+00
6.734672932708917870e+00
8.416341402848299680e+00
1.119027847260682940e+01
1.191681624168781894e+01
1.197720470521318248e+01
1.061172917024069307e+01
9.240403513484960030e+00
1.049066177449316406e+01
9.333520512189402041e+00
9.329659322397510834e+00
7.358789858059817668e+00
4.710250129917296746e+00
3.200894344217847909e+00
3.113592318006451087e+00
1.901095183817551826e+00
3.987492046881450758e+00
6.406021452999787869e+00
5.154600842725145071e+00
5.350256256373341124e+00
7.342439468172406336e+00
8.025966734308267903e+00
8.182904299460409092e+00
9.612712020166785720e+00
1.024007317416229412e+01
1.015107247899799958e+01
1.029865106094131910e+01
1.061499937618100198e+01
1.071403617828152299e+01
1.068928152454824598e+01
1.104376939174880334e+01
1.091069456383689840e+01
9.318748620508852554e+00
6.616548497462374279e+00
5.742041951853177117e+00
5.209913259381306894e+00
4.052139938104004635e+00
5.744982097357427264e+00
7.082607432436965667e+00
7.737905074349300527e+00
1.012580532523227106e+01
1.078527041618781013e+01
1.051685104707612162e+01
1.235856299982098605e+01
1.264917208778024538e+01
1.291091114805129081e+01
1.290156853863377506e+01
1.783747298648091473e+01
1.781826246981142603e+01
1.785632759442024309e+01
1.787797275855745482e+01
1.757600086502789694e+01
1.672177563050899352e+01
1.472155599768542267e+01
1.295067832276778219e+01
1.254883110164729310e+01
1.353603954816132671e+01
1.292475673130923219e+01
1.306433401913771064e+01
1.338453351682682602e+01
1.271468072336564958e+01
1.256702600117815294e+01
1.108120391536667526e+01
1.060730580044802984e+01
1.145995414722627181e+01
1.059212551377359546e+01
1.129189245032111977e+01
1.217778168082205070e+01
1.251843131333258086e+01
1.276831978651103938e+01
1.294325024320137274e+01
1.324335578221061382e+01
1.249564313360718160e+01
1.282133662037944255e+01
1.247514621887804864e+01
1.202789164745336592e+01
1.112730015125204197e+01
1.186518871029235100e+01
1.161789632403392858e+01
1.163839097422907187e+01
1.105511272785263444e+01
1.120452104921490033e+01
1.184621127825070985e+01
1.227030011464039738e+01
1.183912769624622996e+01
1.180526166328369797e+01
1.241917376277370089e+01
1.262503274109702467e+01
1.046050382591269745e+01
7.417218204358404066e+00
4.161188843168023510e+00
4.487175576175511438e+00
4.217136406893739142e+00
1.174285597462158881e+00
1.325064858153451208e+00
4.088889287155106800e+00
6.224441025116943749e+00
5.104811403386633195e+00
9.534047072723888405e+00
1.157915487089473316e+01
1.318841007918818420e+01
1.326371147107097137e+01
1.303734738637483304e+01
1.249610051813485612e+01
1.258935468685631776e+01
1.223553118034476128e+01
1.040927409425217398e+01
1.061411567692263347e+01
1.033670677737817556e+01
1.093447253172842260e+01
1.212532744117313399e+01
1.267714959463335944e+01
1.301945068193546895e+01
1.417349516512557095e+01
1.364794354578835112e+01
1.227773692999622313e+01
1.424225840305465596e+01
1.438996434773363653e+01
1.366366376180430464e+01
1.439427983658013055e+01
1.522570003924478321e+01
1.559308313954253222e+01
1.483987572455291115e+01
1.389813992316488722e+01
1.413754604422704553e+01
1.292758217555050138e+01
1.118625452161600187e+01
1.244364874273218113e+01
1.137999373628533917e+01
1.194887598896636050e+01
1.032517338332710644e+01
8.254713271449986678e+00
9.275710955921601553e+00
8.965895313953307522e+00
9.866079172263667374e+00
1.183688699599681016e+01
1.098553561221239860e+01
1.355473816855291780e+01
1.572449564159216173e+01
1.587549216973638266e+01
1.795170984258620450e+01
1.753335242292327223e+01
1.805380628110344077e+01
1.802931448566796035e+01
1.814787347025438891e+01
1.866425638868117076e+01
1.853046422616896649e+01
1.706189487840568830e+01
1.717144254047473595e+01
1.733424469083838915e+01
1.483177705097634913e+01
1.049039068381293838e+01
8.534247081207952945e+00
7.254606414604964471e+00
7.693975747388511977e+00
9.590647666891031875e+00
9.318489176605959656e+00
1.029121946421452805e+01
1.104488087131429097e+01
1.199985802531249313e+01
1.285719578973807842e+01
1.290575934994721763e+01
1.285351507394661930e+01
1.037089398303574583e+01
1.075500217883426579e+01
1.195647161532184555e+01
1.000230298480268942e+01
9.542509329447577571e+00
9.073614011196889706e+00
8.979426054138635038e+00
1.019645793130045774e+01
1.278645781323555219e+01
1.213145500604050753e+01
1.377886633474042277e+01
1.456514781857810803e+01
1.457424963992452760e+01
1.460246190126344246e+01
1.450411896974455672e+01
1.467261400012834827e+01
1.464391407670263945e+01
1.489799538653444166e+01
1.466254072575353362e+01
1.457766533321292179e+01
1.418939042357758495e+01
1.406823138090553371e+01
1.355510233478699078e+01
1.446166757573289630e+01
1.501947850172581767e+01
1.483079270599731281e+01
1.487658951909385152e+01
1.374150908690560335e+01
1.419797017652775750e+01
1.323667949158386214e+01
1.346180833116860143e+01
1.174354828508818471e+01
1.096763628257977352e+01
1.085427854719136675e+01
1.181210241843245257e+01
1.187919180465510927e+01
1.404108056276968775e+01
1.351253867192971470e+01
1.570700095708331290e+01
1.472071991423011994e+01
1.508258338122967146e+01
1.525749100049744911e+01
1.559948075181850236e+01
1.510433992928360070e+01
1.598294161230478139e+01
1.576228255796743838e+01
1.519861487212257600e+01
1.548091996009489257e+01
1.484159712351040028e+01
1.482530667180560080e+01
1.418331941716967748e+01
1.149990200710702837e+01
1.138803427239636790e+01
1.044493430056130201e+01
1.206853360479662385e+01
1.252759878312349784e+01
1.249136454045926214e+01
9.275758498832548327e+00
8.159838307822964154e+00
6.730708289425557211e+00
8.415566673512500984e+00
7.335676884281578936e+00
7.015090786477651719e+00
7.484354934981287677e+00
9.708081080213053937e+00
7.572951370526052273e+00
6.886538686218256267e+00
5.820168739160587634e+00
4.946254833795765471e+00
7.026002825619598546e+00
3.550430987270440486e+00
5.702366754407213634e+00
5.811461962256210256e+00
9.690062265760493787e+00
1.192443082830132539e+01
1.295482201022726265e+01
1.345916325262724023e+01
1.402973633393365915e+01
1.535297948267636414e+01
1.449103673763715960e+01
1.367466664829523637e+01
1.272596109824412380e+01
1.174389375312500761e+01
1.223674360165172104e+01
1.209469202059569604e+01
1.217694054796594827e+01
1.227286863940899053e+01
1.224438038157548192e+01
1.233149507448142757e+01
1.323606155293752806e+01
1.301751600605980563e+01
1.319834578734490904e+01
1.210832676802281505e+01
1.216354030557515387e+01
1.093476634718013152e+01
1.224275349396386403e+01
1.224445514880013341e+01
1.341538944378271125e+01
1.438315371339986015e+01
1.368072056590329666e+01
1.313701122609700178e+01
1.122384612769958423e+01
8.856221335972595199e+00
5.466262664196515075e+00
7.203624174786059875e+00
6.630258328943893886e+00
7.926333465796805200e+00
7.431568382269380102e+00
7.224287808255166254e+00
1.079621675394919933e+01
1.059830862117561168e+01
1.251343968627795356e+01
1.145153314574478998e+01
1.514121515787025629e+01
1.755437120647457050e+01
1.764552528408340848e+01
1.758856642926014757e+01
1.671201122984707865e+01
1.655922472052579408e+01
1.610311173420643627e+01
1.426968730627648441e+01
1.243199909666606473e+01
1.473521134526549048e+01
1.431548526835634050e+01
1.462057883394416180e+01
1.398097138056777489e+01
1.462364125974743523e+01
1.472101782610535636e+01
1.372196870201659813e+01
1.504649276377121225e+01
1.436079789301800247e+01
1.490856905777230068e+01
1.258335639747657275e+01
1.182159995415323550e+01
1.257686933951821295e+01
1.284393290847522096e+01
1.271091894259604516e+01
1.276318239959238099e+01
1.411833055028666095e+01
1.442712762056066644e+01
1.447866028756673629e+01
1.433770243770971931e+01
1.453720142744726651e+01
1.403927562448646427e+01
1.353399060348437999e+01
1.251379161555339614e+01
1.277611889723026017e+01
1.273290652734421613e+01
1.401474135526532905e+01
1.372967234882865206e+01
1.336126900698090481e+01
1.297231433002460577e+01
1.238569641404680510e+01
1.031549639240152239e+01
8.841831854233834775e+00
9.295627304544684222e+00
9.060180974040330071e+00
8.940033249037423246e+00
8.850078941929723442e+00
1.030188009516253267e+01
1.132084380326841000e+01
9.476487724062712559e+00
1.120822944549990474e+01
9.569142230194200849e+00
9.884097008267483275e+00
7.944313769874630005e+00
7.642990153782958096e+00
8.667135081419253595e+00
1.125873172867604666e+01
1.276162620640205247e+01
1.404249960903768368e+01
1.363629319279108998e+01
1.440186448871250136e+01
1.413853805534123609e+01
1.446396639335788592e+01
1.235948547211068949e+01
7.914789719623376740e+00
5.160215133257244347e+00
4.971472302711173796e+00
7.137637012225427569e+00
1.054702000758044633e+01
1.364862017892366275e+01
1.249631031579706431e+01
1.482981442808958938e+01
1.571967746402565602e+01
1.550916588517718075e+01
1.601114613144333987e+01
1.619100171428086909e+01
1.546480300094577665e+01
1.623464182319312954e+01
1.688142470190324929e+01
1.623441493140735759e+01
1.633393859072061005e+01
1.656413805924387361e+01
1.641116712934242727e+01
1.616354822953524817e+01
1.610217513830565750e+01
1.716809030641660172e+01
1.589450622231597343e+01
1.624309480936929617e+01
1.648451938928841187e+01
1.523754881864779520e+01
1.609977764942382095e+01
1.618911040969200599e+01
1.469450983015884660e+01
1.215262127643435974e+01
6.933784486528484337e+00
7.046156152918291227e+00
3.083910858828036616e+00
2.657091388439674517e+00
5.349367270124937512e+00
8.829964038996127584e+00
9.928038953146140599e+00
1.070283092633159505e+01
1.312051246135517246e+01
1.503127096894174031e+01
1.471361258259948634e+01
1.411649669082909853e+01
1.428266686266836061e+01
1.355715628971926279e+01
1.459563230469154327e+01
1.452658458475843162e+01
1.480009491375526309e+01
1.457311585005522936e+01
1.505351829404245123e+01
1.379799451282092804e+01
1.200941976496524433e+01
1.383740917751877397e+01
1.147032013088985281e+01
1.023902685938687895e+01
7.562780382343271768e+00
9.477462578834527918e+00
7.822816538860259961e+00
1.109208210988561305e+01
1.095994477486089025e+01
9.876102050782753494e+00
9.927742690059956132e+00
8.288534034478262313e+00
7.471787899274831446e+00
4.946039268360905794e+00
5.851513313285789941e+00
5.437669339306800964e+00
5.032305460818068177e+00
9.698558363932464843e+00
1.139948171632891416e+01
9.555334792190562254e+00
9.155568404019749806e+00
1.108439776480443051e+01
1.397837161642424775e+01
1.353231873053881706e+01
1.289339910893804131e+01
1.432738264790338079e+01
1.459196097480502630e+01
1.360968088125671649e+01
1.262727416115543555e+01
1.316104539903699511e+01
1.431276977824218477e+01
1.429000896762631001e+01
1.495167496411534813e+01
1.434594051888243271e+01
1.412276651006614081e+01
1.415615836742350098e+01
1.400186079404964090e+01
1.393531595869208317e+01
1.486550087382517482e+01
1.470635227729769312e+01
1.450832045477243071e+01
1.407694829818668403e+01
1.396823187919969556e+01
1.486559433414266884e+01
1.379437879310885151e+01
1.276636442012768669e+01
1.219949707526959770e+01
1.226652599165973001e+01
1.110004846202265938e+01
1.031480482136401911e+01
1.233227162032968138e+01
1.341067751918302520e+01
1.422632009303918643e+01
1.380281785531254357e+01
1.541087853560652476e+01
1.501687885739744210e+01
1.652376252465841944e+01
1.690316377855403829e+01
1.658084828956137713e+01
1.707288568200528189e+01
1.694062642570492017e+01
1.678958495138850893e+01
1.641194880224592723e+01
1.548128359192997650e+01
1.625582276177896190e+01
1.517468194669739390e+01
1.560879083620505980e+01
1.567699027214196228e+01
1.149084981162385155e+01
1.217207365130778207e+01
6.879626224473788021e+00
7.416946199935521733e+00
9.953820631148749598e+00
8.229058852955471792e+00
1.932071032160877166e+00
9.674832240354314550e+00
1.382016074049964871e+01
1.469587227519831885e+01
1.409158770237419844e+01
1.381196059386420139e+01
1.425721939148271389e+01
1.332645859703464986e+01
1.195948940689746109e+01
1.221224388253491888e+01
1.339567258622477297e+01
1.457484809999768771e+01
1.301581453064762783e+01
1.277715284678000529e+01
1.014342642756047042e+01
9.293010860932772843e+00
8.964147265809595311e+00
8.777848074299306802e+00
8.119393955003989305e+00
9.250682716575591158e+00
1.064199695469788409e+01
1.203380661458153611e+01
1.183787389243243027e+01
1.092458551400422095e+01
1.141734408882078000e+01
1.161141540547639650e+01
1.285247158747781882e+01
1.318571648151334585e+01
1.447039259470815509e+01
1.504255764619205848e+01
1.488280903469314076e+01
1.534618509342038628e+01
1.586709723564821672e+01
1.502240338522011953e+01
1.612429862550900239e+01
1.552773117792266078e+01
1.598331529141696450e+01
1.601135556924423042e+01
1.644020738014322092e+01
1.722176937656106688e+01
1.789224872735757188e+01
1.816115969625453985e+01
1.793785319664490885e+01
1.781369273882284077e+01
1.746307629811801476e+01
1.652365687741352573e+01
1.671354250414121623e+01
1.559334109431411264e+01
1.425886156471911903e+01
1.477342696014690659e+01
1.230440668984553554e+01
1.320809334662913237e+01
1.344060410756124568e+01
1.398536557034414329e+01
1.146369544631784798e+01
7.928574163500838878e+00
1.079025221241702681e+01
9.868932905094855101e+00
5.520571554994471164e+00
8.089599319769188668e+00
5.771559293764559229e+00
6.828011895221016481e+00
3.590401961317318147e+00
6.149647590716467604e+00
6.025702957233784574e+00
8.545740326993556124e+00
9.475393126123456966e+00
1.048571248118295607e+01
1.132580842145918609e+01
1.066498989512562190e+01
1.039135964948363267e+01
1.180651912087041211e+01
1.229404743298693248e+01
1.282275823891235689e+01
1.276597091314955179e+01
1.224438243292024708e+01
1.326308103350119083e+01
1.285400500757403641e+01
1.274133421722507009e+01
1.331467657688868655e+01
1.375907456694002384e+01
1.357504696399148614e+01
1.417668204676809474e+01
1.300328986004254617e+01
1.075312727575969518e+01
1.132154548433068797e+01
9.595491762539051450e+00
8.968737245189078777e+00
8.724363688772953651e+00
1.000705857574249080e+01
1.022074362629498800e+01
9.272451610405319400e+00
7.666860926258348918e+00
1.059923419925496368e+01
1.288876549351436474e+01
1.423468622199843736e+01
1.563817101406718280e+01
1.632603252508379299e+01
1.646707570800020903e+01
1.646964531415562405e+01
1.640017239664013005e+01
1.631978849885201299e+01
1.438059552178053657e+01
1.493310712467407875e+01
1.510875845195360867e+01
1.394394701978227857e+01
1.331090216338357557e+01
1.071096501586237792e+01
1.072546142686666926e+01
1.035520867567134218e+01
1.054348042046431289e+01
1.091145896314082009e+01
1.246185001552725602e+01
1.392816554720661237e+01
1.363544096915603987e+01
1.390041052022205648e+01
1.370578882342245386e+01
1.424450773497413003e+01
1.326715651372882832e+01
1.033771108809766304e+01
1.362250596631590582e+01
1.285296233984849756e+01
1.600541470306801273e+01
1.573694755647446719e+01
1.596312980247111923e+01
1.595651361493962384e+01
1.607824159008611886e+01
1.618954996381241429e+01
1.621275768588118638e+01
1.585730901906751633e+01
1.489093610399883261e+01
1.487902081522032738e+01
1.453758111487878324e+01
1.427699872511207602e+01
1.372921303059054665e+01
1.291783456068083247e+01
1.324488677586363572e+01
1.303633609223378897e+01
1.262833934052378204e+01
1.396489988887004685e+01
1.425661286387041038e+01
1.426136338477191856e+01
1.461931087614587632e+01
1.520734665015137033e+01
1.511348911479711887e+01
1.500884137073879288e+01
1.548210303129725141e+01
1.526905596020894329e+01
1.436075814421037933e+01
1.338056743802393811e+01
1.124349208560308711e+01
9.642890261905103344e+00
9.439359495891089580e+00
9.274034560161123153e+00
1.208638857082378770e+01
1.361774015013667594e+01
1.402688418304220619e+01
1.306350589552133101e+01
1.272753582712328679e+01
1.271601445623343274e+01
1.159273460682657131e+01
1.035061736049122594e+01
1.014350511278266254e+01
8.672526656853429827e+00
7.936306644544598221e+00
8.707571265463498023e+00
8.015028569517852475e+00
7.865084168523566177e+00
7.057107552285465601e+00
6.478680794707289969e+00
6.675740689520541338e+00
1.043072141775767392e+01
9.563116755561676285e+00
1.023641434990191890e+01
1.503018770818335881e+01
1.384621007749672117e+01
1.455459546814405769e+01
1.717473080757036641e+01
1.698276955355509799e+01
1.735640706769438424e+01
1.720741343709830318e+01
1.723287719453159639e+01
1.661561111097314480e+01
1.679878740866509190e+01
1.735776999907011131e+01
1.719730773275978919e+01
1.734487268553736783e+01
1.683178642044277495e+01
1.618687274019297817e+01
1.470372739698073694e+01
1.310619556846475220e+01
1.279325535713377349e+01
1.184468213186703878e+01
1.253277577901635809e+01
1.092068026984388496e+01
1.119650298601225558e+01
1.064035324689767315e+01
1.051966051524932944e+01
1.097777303366375534e+01
9.496295358157869515e+00
1.027772491324991044e+01
1.143529598635261735e+01
8.617932715829459411e+00
1.073992701698565533e+01
1.251998981751706985e+01
1.129494526546225330e+01
1.180834679071283766e+01
1.354780289115254455e+01
1.332982126594579242e+01
1.455354023505582717e+01
1.277427532124869813e+01
1.258724363966602766e+01
1.557795616270131944e+01
1.566734658501799871e+01
1.489698191407869032e+01
1.683346872090990587e+01
1.765960477916683402e+01
1.777334078501224113e+01
1.771362650962498364e+01
1.798793242455306896e+01
1.673978374858032936e+01
1.708728463389800112e+01
1.728509980921547395e+01
1.715324396541306484e+01
1.713991539915013718e+01
1.691746378062318001e+01
1.688162638513207270e+01
1.543569089166335573e+01
1.604361238252788624e+01
1.391345560903871714e+01
1.526462025027175073e+01
1.538106456237201414e+01
1.460865351215661079e+01
1.441420325928733348e+01
1.436115737614423082e+01
1.429726567468559928e+01
1.451857424391570284e+01
1.396445210653981484e+01
1.407873778306166201e+01
1.379158383146944011e+01
1.479654695873082737e+01
1.510378722577709176e+01
1.470340302497668361e+01
1.455061097105024182e+01
1.145034125295782346e+01
1.234406904754571599e+01
1.355147647911416087e+01
1.218789096616156797e+01
6.706816926960819103e+00
7.862035498877815165e+00
7.220182203379562402e+00
7.213182733006769709e+00
8.472063585484413295e+00
7.955298065919742534e+00
6.368462546333379493e+00
9.435137760228736070e+00
1.191412500413011877e+01
1.029260529792983547e+01
1.345412011532032182e+01
1.515020573774225809e+01
1.486203989340779330e+01
1.545462731164029080e+01
1.536424268096223500e+01
1.535863047911316492e+01
1.490022327819493775e+01
1.461492996208704653e+01
1.347566744855372534e+01
1.311323106113885295e+01
1.182850472126081698e+01
1.011496015029159423e+01
1.131145481705691935e+01
6.594836918113077928e+00
7.360132266011979674e+00
6.204162142329998630e+00
6.532583075430204111e+00
8.441079181430238165e+00
1.077548179835548403e+01
1.122962862222557590e+01
1.099682059322352501e+01
9.867107737042188020e+00
9.049703024438201737e+00
9.421548642046481348e+00
1.151327588398913626e+01
1.211967529356803475e+01
1.156211809526622858e+01
1.244349523553353620e+01
1.121604460008339466e+01
1.247159725200097213e+01
1.251539633208313163e+01
1.456281853747631416e+01
1.380896914959089017e+01
1.567967137805232447e+01
1.657460952373504881e+01
1.858615585146981175e+01
1.785624602602701927e+01
1.861794020694551577e+01
1.811141780129330670e+01
1.868844045811382060e+01
1.814841357265486721e+01
1.788115757368479919e+01
1.834276018124914742e+01
1.868157362504140906e+01
1.873540586233866279e+01
1.850490250727569475e+01
1.816653808354919164e+01
1.774171799186681042e+01
1.838512375676720012e+01
1.776411332903692042e+01
1.786405414667191138e+01
1.829559046379976550e+01
1.822525338987249910e+01
1.778508644084124413e+01
1.723830279632633022e+01
1.614669637763587673e+01
1.714845483678146465e+01
1.531941901079285806e+01
1.172498217998875880e+01
1.110930577066376834e+01
1.358344719437477721e+01
1.411975017866932447e+01
1.396495361904912968e+01
1.041014181947227257e+01
8.943533479524919727e+00
8.960290606951542003e+00
8.022432214984151599e+00
8.365983344192088111e+00
8.851480540003789699e+00
8.943022838689500986e+00
1.132603693541695655e+01
1.322493897018384956e+01
1.305902317459097972e+01
1.369833976596397385e+01
1.345910629628086497e+01
1.347151981313620439e+01
1.366489516190438280e+01
1.308934693084452938e+01
1.293109516326676456e+01
1.352864703665184365e+01
1.319680671316861975e+01
1.367259414400557560e+01
1.387592324438543478e+01
1.369709386283081187e+01
1.293941583330734701e+01
1.029332724660021370e+01
1.146771030308654282e+01
1.098005121145748575e+01
7.507758260898914848e+00
1.104610634103113931e+01
8.988103534691600061e+00
9.690425868030830614e+00
9.460682409907965607e+00
9.820850475142709257e+00
1.011060871596876609e+01
1.030336922720259096e+01
8.828370368815456004e+00
8.621053836321944885e+00
7.407884762553607949e+00
9.735229664530297811e+00
1.005789635361190548e+01
1.252630958013017271e+01
1.386771386681027707e+01
1.401708343346832031e+01
1.426594635864890748e+01
1.441605770922920726e+01
1.441514803459389427e+01
1.527902561118644087e+01
1.560678035992830459e+01
1.683738601660692424e+01
1.687909222430809919e+01
1.675776240134544537e+01
1.723872901016785519e+01
1.724187702024538638e+01
1.716213961115980879e+01
1.764605002324362815e+01
1.642162206933825885e+01
1.729286681142698967e+01
1.793041121589921261e+01
1.777992546043571664e+01
1.592097086624791302e+01
1.495491118052514423e+01
1.488898817852760104e+01
1.282129113904128026e+01
1.237318919949068174e+01
1.200347514312428920e+01
1.266968632436085862e+01
1.265273897028336236e+01
1.330641097855629340e+01
1.328853045181723758e+01
1.368713306433836152e+01
1.266118460583772887e+01
1.431080222906741817e+01
1.395275593112502222e+01
1.577520719947667871e+01
1.590511194507246628e+01
1.558222962355122299e+01
1.517667310726010754e+01
1.388268288900579961e+01
1.233941223436582924e+01
1.272998810791737512e+01
1.388192592380713641e+01
1.319009897072445980e+01
1.347660387543436400e+01
1.175938164760971105e+01
1.219185512533080740e+01
1.135111658775899812e+01
1.316705753364275644e+01
1.548059255619896923e+01
1.558548120706124429e+01
1.502269786403584106e+01
1.463889371335757872e+01
1.575918390096244615e+01
1.533905568540568964e+01
1.479379781071804167e+01
1.527245077559333986e+01
1.426303667433134592e+01
1.424500322695743293e+01
1.239436781365934159e+01
1.309119636342816584e+01
1.057888253582583360e+01
1.158884959665133607e+01
1.014422505835851318e+01
1.032589236268923294e+01
9.011488839123330763e+00
1.132350170682837209e+01
1.268926850777342175e+01
1.154099784896470915e+01
1.103336798218043668e+01
9.444134006545857218e+00
9.316598100160909723e+00
9.708709393393229803e+00
9.704249651832894230e+00
1.029092696333224133e+01
8.568631925339818878e+00
1.138745791515584216e+01
1.014516347624206283e+01
9.853139182693761100e+00
1.064829082866389598e+01
1.010932186202905037e+01
1.145217407278337518e+01
9.942775914045382635e+00
1.110531700836464353e+01
1.186097484255015111e+01
1.162330703755713124e+01
1.133027066355713863e+01
1.164743930525661320e+01
1.198455954406188440e+01
1.202908263720019733e+01
1.125299437968988236e+01
1.080982775126721407e+01
1.091677506019405008e+01
1.181292963549805819e+01
1.377877238988830122e+01
1.405180591750673180e+01
1.464976330361919210e+01
1.372359997966161060e+01
1.046181803721291814e+01
9.044899208115086964e+00
9.552629995059895407e+00
9.374629765852279917e+00
1.019505789521680406e+01
1.443637427792304528e+01
1.644224291716956898e+01
1.583907570749936333e+01
1.383905969836414585e+01
1.405126014121504063e+01
1.635091348122831434e+01
1.591815467096136416e+01
1.734932594212973100e+01
1.731051873823613008e+01
1.649300338668793131e+01
1.605258439370579282e+01
1.662031173082003832e+01
1.689543091834577737e+01
1.670540237993080623e+01
1.699673080784027945e+01
1.770099384167736645e+01
1.820372212221996477e+01
1.875570853092891355e+01
1.875476583331759883e+01
1.843174576717566993e+01
1.876378932484847084e+01
1.862757180833436266e+01
1.961543517643681867e+01
1.989055337804755652e+01
1.980450963197567305e+01
1.983862429606064381e+01
1.984946606142598924e+01
1.988248303844461518e+01
1.965924094784236331e+01
1.916669156089823645e+01
1.870390814495262077e+01
1.739089793346696311e+01
1.754127284870328296e+01
1.714835157284115397e+01
1.543114763856616278e+01
1.322872753501395771e+01
1.017246495470926426e+01
8.976128134514402390e+00
7.707402014617993125e+00
7.855048018663602249e+00
8.263144465838879071e+00
8.866651311804044866e+00
9.054409317506156185e+00
8.637144271405361451e+00
1.137748786913652310e+01
7.784506984798884588e+00
9.548363652644384914e+00
8.026007540648569361e+00
7.754474650983339323e+00
9.796841770120538584e+00
5.431032786012639946e+00
2.478608755884916803e+00
5.206211386104289573e+00
9.439811201337027669e+00
9.218113138931126826e+00
1.087216584011089004e+01
1.349518300418612426e+01
1.334465712446746011e+01
1.303517085554623023e+01
1.321916645003970281e+01
1.261461366474432566e+01
1.219659512949275637e+01
1.257376124071486245e+01
1.392375681941298637e+01
1.416076481699097833e+01
1.352378977401811966e+01
1.430891600363127836e+01
1.252647674359771202e+01
1.280643967627716329e+01
1.293253340289904685e+01
1.473444320591091028e+01
1.480667004906767836e+01
1.354122794149293085e+01
1.412077471315338428e+01
1.071165691426720024e+01
1.344533520905839552e+01
1.276882038595815239e+01
1.418698482893528734e+01
1.308781292636177263e+01
1.039531005953676512e+01
8.943086394454688559e+00
7.890159494304088028e+00
7.280685916107251465e+00
8.721086511220160986e+00
5.615109380320730814e+00
4.977621949481104480e+00
5.016816471492160368e+00
5.999100153842206851e+00
6.022042767314670364e+00
4.628916098974011462e+00
7.300249009427004054e+00
6.086035777933660462e+00
7.411277953711838506e+00
3.185007821736234757e+00
5.163647100197142237e+00
7.695354278871628928e+00
8.653332388372191986e+00
7.323614021783184214e+00
3.289929979465704424e+00
5.062046666842022979e+00
3.623623956168502414e+00
8.623232792349718068e+00
9.247502122978604078e+00
1.223703412410331381e+01
9.031463514163483808e+00
9.100890229042843060e+00
7.838166113240514932e+00
5.066397196266261282e+00
7.238750455046809584e+00
6.712671473237978859e+00
8.132348618311365129e+00
9.205959829261924909e+00
1.429997209609061848e+01
1.331348465837139550e+01
1.569700922464686244e+01
1.610134541960979604e+01
1.636617250379378419e+01
1.695481073481864698e+01
1.723295337626257506e+01
1.763334534508685536e+01
1.866011524810729938e+01
1.885585041119669825e+01
1.865157402334925507e+01
1.891532697189841983e+01
1.809000176175602093e+01
1.813481642439952779e+01
1.700109803785997187e+01
1.274693133184002392e+01
1.286674984342681327e+01
6.862468120006265160e+00
8.608923327981724327e+00
9.041927764454769090e+00
1.030552440634270184e+01
1.298195184006955394e+01
1.376508208893217500e+01
1.454566888422029436e+01
1.342328258877333624e+01
1.337554070158375197e+01
1.482510072037369753e+01
1.501408103807416339e+01
1.476871558692673858e+01
1.535876381091364706e+01
1.511807568799231127e+01
1.468111083401526784e+01
1.413065539966650164e+01
1.457731031518454223e+01
1.381594167445344468e+01
1.538966729218328666e+01
1.490131595941680587e+01
1.250065837981848915e+01
1.188155287755090939e+01
1.233187521132342646e+01
7.361888602917079361e+00
7.567721078983135286e+00
7.200125442082483396e+00
1.025078894380969530e+01
6.449641706466380242e+00
7.328263630732250178e+00
1.078371879337734818e+01
8.865700242316997048e+00
1.251418222480707243e+01
1.506224742086810409e+01
1.575057669764544244e+01
1.634683002927329198e+01
1.627136195584323630e+01
1.727972414406226420e+01
1.717195968562191410e+01
1.748670201525553125e+01
1.723588532673225160e+01
1.675144191864520593e+01
1.650233071483415870e+01
1.566071043310892819e+01
1.526464666374261547e+01
1.367192323816887445e+01
1.485383520942172453e+01
1.552993540991386645e+01
1.469498251732983007e+01
1.399708077496986292e+01
1.468332715306732972e+01
1.440409134575439509e+01
1.422326457852501136e+01
1.474078201208943284e+01
1.505502224331103278e+01
1.428042219441360317e+01
1.316560265060521928e+01
1.274654157472401472e+01
1.391947644649229332e+01
1.366191949150951146e+01
1.105230405724114284e+01
1.259440568853495890e+01
1.233075765000602075e+01
1.090585077399723346e+01
1.178880201650648374e+01
1.167396393371168628e+01
1.006074103787322471e+01
8.693541344661142034e+00
9.665063027557339481e+00
1.050653878310134282e+01
1.126545061442285700e+01
1.419354872836813541e+01
1.513127364994677038e+01
1.419619194732884182e+01
1.647505858254569233e+01
1.600732584374824441e+01
1.569110717304673663e+01
1.680305047203523827e+01
1.688249059683839448e+01
1.749799366934664491e+01
1.663051284016657050e+01
1.645697952950354903e+01
1.659827784307426768e+01
1.628274649110347028e+01
1.633823345801734206e+01
1.649588709426996758e+01
1.674104893331564980e+01
1.704075623991169408e+01
1.709717849302921877e+01
1.645653900375532430e+01
1.624972612399367478e+01
1.536898333867456934e+01
1.292971349966981442e+01
1.235889202961997491e+01
1.253388661993835740e+01
1.327230027626469244e+01
1.286802833278489722e+01
1.379399945056944787e+01
1.469237590719361997e+01
1.371785905432855834e+01
1.075776980158057228e+01
1.015300412791837736e+01
1.070906480052005882e+01
1.069994382654882514e+01
1.133016753096861251e+01
1.222866091955578760e+01
1.242405250621431634e+01
1.163954629771835947e+01
1.235823672092585213e+01
9.547101182487983451e+00
9.856282733219948966e+00
1.019346534524560077e+01
1.446246319764521004e+01
1.701245644704067672e+01
1.578030085163326746e+01
1.748433219841347608e+01
1.822125700989174391e+01
1.739464691410134733e+01
1.815887223038444986e+01
1.806287625269985853e+01
1.782407707808130937e+01
1.767222471640442194e+01
1.879068846005832327e+01
1.843262284360223191e+01
1.896199976981166913e+01
1.937285125258847529e+01
1.929167476830531314e+01
1.920624587213954371e+01
1.939553349908048929e+01
2.024317561708618030e+01
2.000755501321595986e+01
1.997271049735811133e+01
2.021032141598346499e+01
2.020413324889234019e+01
2.015612036428221288e+01
2.034942834715808857e+01
2.043453992225288118e+01
2.016964551366927338e+01
2.010848723289451101e+01
2.014815453398092160e+01
2.073500892634621451e+01
1.998565526136213677e+01
1.752025472440997689e+01
1.789160912801185432e+01
1.674005562586735962e+01
1.589811503169019602e+01
1.559093888239776859e+01
1.505811801788377302e+01
1.473236415743799910e+01
1.381501695975269506e+01
1.554875110317883014e+01
1.449969956513852409e+01
1.147621563190946503e+01
1.302103163601531222e+01
9.596603513672064878e+00
1.281112045777286568e+01
8.002624374254681427e+00
7.495139580396610768e+00
7.156087083158075401e+00
7.968661789789495131e+00
8.722835653178588444e+00
1.021845615637622728e+01
1.205734372243677122e+01
1.158984557243633162e+01
1.247080518866455101e+01
1.171546922682230019e+01
1.355193248795279359e+01
1.310954475773243821e+01
1.312828733396181846e+01
1.348824268304662155e+01
1.177443458260026610e+01
1.252791967124509043e+01
1.298525420549575671e+01
1.442316895373647334e+01
1.412616471646441241e+01
1.408430801552174572e+01
1.453193649631214868e+01
1.541624598046192318e+01
1.520399304393996687e+01
1.382878771389809636e+01
1.555326512981991627e+01
1.636727027804759160e+01
1.700056618720993384e+01
1.663458279359493019e+01
1.612458437904934527e+01
1.554421068208162993e+01
1.597226035977888969e+01
1.435990923971196054e+01
1.303356234680163439e+01
1.191832889357069192e+01
8.807532966575838174e+00
8.414053569572923053e+00
1.034352982043038338e+01
1.217676271812442224e+01
1.361218952171006080e+01
1.534530742973974959e+01
1.593208390244324235e+01
1.485984374146066500e+01
1.426270700254171686e+01
1.355515291629800778e+01
1.529112536790930577e+01
1.535141597534557256e+01
1.508884425171697075e+01
1.321116624862471411e+01
1.113507517411335002e+01
9.913672443810753521e+00
8.177291829260513012e+00
8.447386133796229046e+00
1.236393267166401344e+01
1.338768919693736237e+01
9.137536099600902517e+00
8.784675790072212109e+00
1.153355987034407093e+01
9.541652057054315961e+00
1.256418385026709039e+01
1.468259822684821359e+01
1.301983936758495730e+01
1.308813738553735107e+01
1.359963862072163110e+01
1.428802006039695627e+01
1.567821422270394649e+01
1.470119235693850435e+01
1.377432017532239605e+01
1.451068735167670454e+01
1.420056038364069551e+01
1.393909668528463186e+01
1.612116893370191661e+01
1.553531708973946479e+01
1.596903180448933313e+01
1.416657095495283691e+01
1.563708508694791277e+01
1.523266199691458489e+01
1.550398964791916612e+01
1.638777752511933983e+01
1.597066150326921985e+01
1.612773335253569940e+01
1.621843242125283169e+01
1.612472421853287585e+01
1.712867615166736712e+01
1.674984156925875567e+01
1.681848406016412056e+01
1.687644643509270992e+01
1.739982016974541068e+01
1.678604727464216140e+01
1.650741828163513603e+01
1.644753651380190007e+01
1.651674178440562812e+01
1.605107541618048117e+01
1.588829884646362878e+01
1.610883389638227214e+01
1.422028641133396221e+01
1.467699887682273108e+01
1.548798129428333503e+01
1.422705193846656258e+01
1.252065047784927643e+01
1.217201948372356846e+01
8.680377056280086379e+00
7.404566327695633277e+00
8.307094283573487559e+00
1.002509555096329663e+01
4.807721339483041589e+00
6.375411225297272999e+00
9.029108517268182865e+00
9.881249906988054832e+00
9.510658037854108571e+00
8.998070850852458946e+00
1.215012940604274938e+01
1.268646413699269004e+01
1.145069459659970157e+01
1.161973495064810535e+01
1.291959473144355997e+01
9.819115680600114970e+00
7.936564568117687735e+00
3.851822522968396889e+00
6.108258958091393964e+00
4.227088328932438799e+00
2.818704306929554981e+00
6.589914632829366070e+00
5.079333239822268808e+00
9.753454928708933380e+00
1.366627811700944228e+01
1.479447082561913440e+01
1.656103637332580547e+01
1.726538326011098334e+01
1.759388378972732880e+01
1.685558590189442540e+01
1.761428609919769883e+01
1.705198667758434539e+01
1.788366359445383225e+01
1.795408273657173126e+01
1.688736026909635157e+01
1.743285420857721491e+01
1.779188215651016947e+01
1.543639133899067595e+01
1.484807123897869729e+01
1.375585749307833794e+01
1.421959838438628410e+01
1.437202260656884079e+01
1.372142204916605479e+01
1.284381147247945876e+01
1.341571585659760402e+01
1.233231273980792153e+01
1.339502454197252845e+01
1.280398613203148273e+01
1.196215442670597184e+01
1.023189476790859764e+01
1.103584417957850761e+01
1.173336705713149541e+01
1.620577437072736871e+01
1.679821693109524361e+01
1.854981983802701606e+01
1.786357554951083060e+01
1.954868898288058077e+01
1.901502188163485840e+01
1.919763305381557572e+01
1.884204865786963268e+01
1.814195558536604125e+01
1.741806648880939434e+01
1.480665890556166175e+01
1.367237841506759644e+01
1.408647647296319505e+01
1.473190379313563447e+01
1.457440221448231910e+01
1.392913174336605309e+01
1.196198639638159200e+01
9.343310044209985676e+00
5.470647527190033443e+00
1.821925291579754358e+01
1.640892526774434401e+01
1.738095155151056659e+01
1.374403972248911643e+01
1.716575743681100619e+01
1.683812495199517301e+01
1.567605256165598604e+01
1.688099015796961666e+01
1.954426398225530193e+01
2.038691317581232809e+01
2.010027225980499210e+01
2.254756712557434639e+01
2.202620128370048747e+01
2.066466902202500933e+01
2.195421950639243036e+01
2.208236297602887532e+01
2.229083973416876674e+01
2.272880620948319574e+01
2.246413156881748563e+01
2.128125000199563743e+01
2.093832762587533125e+01
2.223611930620933208e+01
2.297260660201305882e+01
2.192398236541687595e+01
2.212834066888018469e+01
2.114916693039798901e+01
2.077394180966692261e+01
2.108997988129625156e+01
2.227755655244897781e+01
2.235023260659623645e+01
2.250715535142663271e+01
2.288208569867242304e+01
2.204846492105260936e+01
2.219211804138040378e+01
2.348085283329476169e+01
2.289369962837248096e+01
2.267456252884935708e+01
2.262223218930182966e+01
2.278382132724562581e+01
2.340748881061553277e+01
2.342463983239008485e+01
2.393150861622591208e+01
2.461989974374068879e+01
2.400075830972797419e+01
2.502880691525914969e+01
2.537504162614485992e+01
2.530525940013292896e+01
2.399203842510328499e+01
2.451506792387964850e+01
2.360490796066372354e+01
2.233928668891376645e+01
2.172790320505947648e+01
2.214036310466017099e+01
2.122997411111633781e+01
2.112109368081286576e+01
2.009449003526107447e+01
2.055911931103693391e+01
2.111641218706118650e+01
1.941236406616776478e+01
1.979757648111912971e+01
1.943034987441733819e+01
1.975036169930461583e+01
2.135603694516569107e+01
1.911477247598337570e+01
1.930395782971497809e+01
2.018070916244510471e+01
2.074672982866871251e+01
1.871392524473275998e+01
1.945518189242431362e+01
1.629809009731094704e+01
1.889337448707041034e+01
1.429267808482465973e+01
7.579111486217846583e+00
9.116383879564276427e+00
1.260824876593613908e+01
6.220950697627230852e+00
8.513996375469547573e+00
8.998033527120488984e+00
1.400054388090974555e+01
1.604257894804891649e+01
1.771729586925809841e+01
1.693100499336597053e+01
1.677392377556705583e+01
1.643311489228428712e+01
1.654729739600082539e+01
1.788811285733597600e+01
1.716852635527343907e+01
1.696339556447665586e+01
1.728093152347654637e+01
1.714761809585856867e+01
1.720284982081130920e+01
1.711771688421281823e+01
1.670723311713852155e+01
1.700221426213719766e+01
1.729922947331530381e+01
1.818366744537981816e+01
1.861277067723180423e+01
1.958655386761305550e+01
1.977245846415943831e+01
1.934758023196908638e+01
1.940293239113169932e+01
1.952660603583418109e+01
1.973934131986795393e+01
1.975173301975446805e+01
2.028339290540290918e+01
2.021486720356400113e+01
1.972301357395416233e+01
1.939422389874075492e+01
1.961503253644284328e+01
1.992913953449070164e+01
1.979746515329349421e+01
2.053413427462358243e+01
2.031738931784421709e+01
2.063417735074718351e+01
2.076495955987370579e+01
2.109645288267616436e+01
1.983593934090267652e+01
2.049222738055324200e+01
2.051121500264144970e+01
1.723825402657755390e+01
1.642775578872902997e+01
1.639370962704936829e+01
1.710345037079632391e+01
1.766284686463754383e+01
1.787211115147281859e+01
1.910653541850382453e+01
1.942713927606751767e+01
2.076985622950202171e+01
2.054710967092718832e+01
2.113989268253017428e+01
2.142295086413786720e+01
2.031092687408702346e+01
2.054819529304044678e+01
2.068190419572855632e+01
2.112513906685889253e+01
1.871412098937962654e+01
2.031940954455185278e+01
1.945020887850665048e+01
2.031288139985229080e+01
1.846941243232001284e+01
1.798162255903138629e+01
1.403272654200078406e+01
1.418929232782515726e+01
1.661092706683296427e+01
2.148772255437509671e+01
2.450108140250736710e+01
2.451940188965360079e+01
2.512276939262824271e+01
2.585708781897523778e+01
2.577416373008828998e+01
2.642946845353549534e+01
2.583501681322115218e+01
2.591308256003855348e+01
2.575734773793396926e+01
2.399953975289566444e+01
2.240477071933197095e+01
2.073618253991267224e+01
1.765342159132055855e+01
1.656217879629032197e+01
1.315138532295833151e+01
1.488635763755240937e+01
1.060450824489938526e+01
9.966391344236281924e+00
9.489384904113313368e+00
7.424514946774543489e+00
1.457831009058281424e+01
1.293043364271982476e+01
1.207346764831214436e+01
1.545084719990796707e+01
1.717166120569638466e+01
1.867329934451620232e+01
1.922101336221197698e+01
1.869281917311677788e+01
1.623690070567322863e+01
1.200381299644527999e+01
1.373651979096462128e+01
1.289950019890419597e+01
8.022060514302296497e+00
8.893552659899805590e+00
7.834194171598193535e+00
1.270562610496161682e+01
1.694309110174302546e+01
1.540455349312139433e+01
1.644710577716742961e+01
1.891169022833958735e+01
1.885674164584857238e+01
2.110948900858712207e+01
1.952556260585948422e+01
2.098282680494735786e+01
2.088619831695105589e+01
2.038068255740273571e+01
1.889486824926505193e+01
1.912347190372604899e+01
1.883741001580521157e+01
1.956374456364457259e+01
2.058742836552709576e+01
1.967951840699749866e+01
1.987423462796247975e+01
1.919469180339206105e+01
1.937013979496656901e+01
2.005980754044056624e+01
2.145239444958392383e+01
2.201906529469296103e+01
2.205928287568290358e+01
2.163147064568497768e+01
2.174293643420983813e+01
2.086083792520748403e+01
2.110334072893988377e+01
2.080526729470580349e+01
1.861089612641111657e+01
1.863635332339139339e+01
1.760159068934321169e+01
1.779686701447880282e+01
1.625190569878616031e+01
1.685340255761159511e+01
1.639669837837911359e+01
1.677442213933046489e+01
1.642201497824330758e+01
1.716518576500807214e+01
1.920024254544890141e+01
1.923914258740630956e+01
2.029980047289365430e+01
1.960201982958064093e+01
2.071621966198272347e+01
2.028227405263459460e+01
2.117089591250558200e+01
2.215330963468843706e+01
2.178744610767678225e+01
2.218513182256018368e+01
2.140866497244292788e+01
2.153414961648399739e+01
2.067166135257060944e+01
2.177249725408176317e+01
2.027239220121793295e+01
1.778408804034845758e+01
1.856356730130251265e+01
1.982078628555174049e+01
1.686286891349761419e+01
1.737010231614242173e+01
1.868012949423742697e+01
2.011145747123867622e+01
1.978439434193973412e+01
1.741398248140772509e+01
1.777683667931967548e+01
1.808188473623465597e+01
1.844061463642417209e+01
1.838832193742358712e+01
1.716008141694937805e+01
1.787682184039257294e+01
1.478122846140284707e+01
1.431143099650552131e+01
1.344619714123864718e+01
1.381291356904542411e+01
1.270821463994646727e+01
1.396799445057476063e+01
1.296612091217286533e+01
1.324715620161452279e+01
1.464715560535045569e+01
1.188094101313906314e+01
1.616335932875728076e+01
1.813656531715272990e+01
2.036901342747582788e+01
2.010411274301520024e+01
2.028760721648652066e+01
1.999193588157888968e+01
2.062037259562089631e+01
1.933987043120726668e+01
1.925036781104490657e+01
1.726827814655863236e+01
1.758300334968551226e+01
1.839877792208188723e+01
1.816640661091785347e+01
1.721083583880709966e+01
1.732066072080822394e+01
1.554132093490906819e+01
1.569467491613498034e+01
1.567026590232910976e+01
1.647464259636118200e+01
1.574841850214563976e+01
1.758514564278943126e+01
1.943094328942312998e+01
2.231324678711444776e+01
2.390218256391630547e+01
2.365156140345846580e+01
2.353910109969233844e+01
2.341933302996748623e+01
2.373552425573846136e+01
2.355576003311561450e+01
2.276956488268887213e+01
2.049097518377752536e+01
1.852989348275795578e+01
1.662862731037107267e+01
1.630158487341325824e+01
1.696334818009726320e+01
1.856200353825864013e+01
1.884754559869325519e+01
1.857723421511826345e+01
1.562012697399848449e+01
1.586537211009551029e+01
1.548431647612316198e+01
1.781272378836191450e+01
2.039358985931020385e+01
1.994132254198224175e+01
1.927477958483445164e+01
2.170066555694489097e+01
2.060521956021202072e+01
2.122238337977065825e+01
2.030921662875762479e+01
2.042477929343512244e+01
2.064753960947334832e+01
2.136039307481608773e+01
2.120281514294406477e+01
2.101260870815419679e+01
2.141877735804493810e+01
2.081647472033157698e+01
2.275374058845696013e+01
2.263894267332405619e+01
2.175279271581476692e+01
2.164664438565610638e+01
2.230586355734652670e+01
2.271622264225361221e+01
2.258489972361511633e+01
2.098533139129965619e+01
1.922083917177945267e+01
2.010381945098595935e+01
1.567527918032627987e+01
1.383556900966038938e+01
1.100190698009886958e+01
1.350947271386105797e+01
1.478551705779121761e+01
1.199210711372440841e+01
1.119571437627897836e+01
1.458151949796751978e+01
1.521887199250955902e+01
1.425062999092425642e+01
1.707121626431401751e+01
1.864825204319306806e+01
1.839137196694122878e+01
1.758051959596190983e+01
1.709631661998490060e+01
1.852311867104722864e+01
1.705112605511810386e+01
1.660721249100636143e+01
1.863294865943521472e+01
1.861988168423993528e+01
1.752871903369848638e+01
1.798124973419461270e+01
1.740453586266659869e+01
1.300928919545579099e+01
1.104442324090971894e+01
1.415697405527925312e+01
1.509318094956961964e+01
1.012515934559607977e+01
9.311934463605332724e+00
1.085509223699842707e+01
1.295381749355430046e+01
1.425647659602922701e+01
1.768810654876906341e+01
1.698223684232623754e+01
1.987345725409049280e+01
1.919060834777387115e+01
2.063101097036710030e+01
2.123892809861697373e+01
2.277499582077705043e+01
2.311092787070768040e+01
2.324585614694066038e+01
2.260072764021083813e+01
2.193985902114656739e+01
2.089483781035940524e+01
2.060756854771327440e+01
2.187589910842513774e+01
2.126271269585330259e+01
2.119980199798785137e+01
2.181292736922456044e+01
2.215806531171040206e+01
2.190335862493301988e+01
2.241251571332551151e+01
2.146761939819674581e+01
2.207283289245519953e+01
2.181723591804142970e+01
1.813675644142603716e+01
1.897128285083482879e+01
2.036802202711826482e+01
2.136162305021949237e+01
1.994734003664517275e+01
1.552045605280427232e+01
1.705483848332134755e+01
1.349609565450132287e+01
1.317057348979294318e+01
1.660725192080081314e+01
1.816071133012568950e+01
1.855234754858038926e+01
1.827609650808323849e+01
1.811983880505962574e+01
1.801143840817967501e+01
1.956710096219810424e+01
1.869843893718920924e+01
1.885168186167145521e+01
1.885021328816371877e+01
1.928914720888946022e+01
1.850667408165284300e+01
1.923437136266019110e+01
1.905453783064179163e+01
1.905192366086441780e+01
1.887017794738923016e+01
1.973158056031522634e+01
2.069469999586779352e+01
2.012125865851836437e+01
1.866710587421708567e+01
1.728567827956802816e+01
1.831028260766344573e+01
1.747477298180798755e+01
1.703109260518937162e+01
1.945292176409369489e+01
2.292310240809424116e+01
2.331182924265964118e+01
2.270118764805714306e+01
2.152163026012553360e+01
2.101398665319532100e+01
2.066500852217195927e+01
2.045862159942177882e+01
1.865287442218553338e+01
1.907443607843767097e+01
2.010013920850334301e+01
1.740844352296659281e+01
1.707536850419797503e+01
1.600219424890632069e+01
1.417883655332338400e+01
1.528897646581857472e+01
1.462363559075705588e+01
1.267455883291426133e+01
1.315053359245708720e+01
1.163556633008908037e+01
1.085863492039384326e+01
1.481503762681748881e+01
1.637798747028755031e+01
1.721470734872107045e+01
1.567730829933752545e+01
1.186770105678082565e+01
1.887406442247354832e+01
1.696502543941969776e+01
1.560385485712934894e+01
2.092472877422787292e+01
2.281112030327423668e+01
2.473837576037622554e+01
2.395887952534824095e+01
2.466815134835909618e+01
2.490468704084040041e+01
2.426773849983890585e+01
2.549028353029585503e+01
2.573389996338102037e+01
2.385446318546789968e+01
2.118324031374067218e+01
1.930542629447504055e+01
1.498587965618063933e+01
1.482779415881941354e+01
1.608752043721629477e+01
1.600614057757449160e+01
1.862479070802510250e+01
2.034400190254999785e+01
2.150425972110499018e+01
2.036061035780835482e+01
2.081345594273109612e+01
2.021585312913984112e+01
2.036557499034919516e+01
2.057581812996164672e+01
2.081576421096915652e+01
1.888377455123688620e+01
1.971945418094077240e+01
2.162440718822125518e+01
1.738214570017187910e+01
1.680676943564086301e+01
1.930132465378544637e+01
2.018437269887026275e+01
2.065549485645176020e+01
2.095213328875828651e+01
2.107943338628408014e+01
1.905805752458875091e+01
1.942445881785128137e+01
1.903091480391570656e+01
1.969739375030469120e+01
2.029202318244516690e+01
2.064354578295075271e+01
2.035848205396569455e+01
2.035980766976932443e+01
2.045071469568054567e+01
2.101585734689237839e+01
1.889296358267263543e+01
1.667786475014621317e+01
1.616643889661589029e+01
1.732067834514519689e+01
1.602431620078628072e+01
1.735303117828587460e+01
1.755608990051521090e+01
2.006560098387467761e+01
2.142493657427433007e+01
2.133995160918209422e+01
1.712521754352644621e+01
1.953282565219896938e+01
1.914305345264616065e+01
1.943206221103264397e+01
2.099037084413015819e+01
2.207272527617938351e+01
2.217048492464222775e+01
1.949269108939644823e+01
2.187170270572845254e+01
2.207773753992480792e+01
2.277478312460216259e+01
2.222576866264524753e+01
2.238638490627131716e+01
2.317938318328068448e+01
2.213020671634471626e+01
2.202697943717318907e+01
2.171047398798696904e+01
2.160772667739522745e+01
2.123775518015899877e+01
2.210552390203125839e+01
2.271626833095305997e+01
2.276416300821511030e+01
2.291710830496192131e+01
2.184789607486663598e+01
2.134124781466702103e+01
1.748640792021900126e+01
1.774785525896544058e+01
1.246625820237094828e+01
1.311411197668656037e+01
1.516846508029944829e+01
1.163668416438564002e+01
1.613753605361143428e+01
1.648440434747969974e+01
1.535485697987929754e+01
1.503442758195572893e+01
1.568938214982788182e+01
1.829484488641070783e+01
1.948499170151196580e+01
2.205717657562869505e+01
2.217492038737161053e+01
2.309448872339368464e+01
2.314657475238892204e+01
2.365734373196258034e+01
2.263209025841618782e+01
2.191161039307363367e+01
2.211992554202492656e+01
2.140305574524126797e+01
2.315245851163480140e+01
2.244663734905295271e+01
2.150053981563011263e+01
2.249672673553273938e+01
2.120906817037197811e+01
1.861673991384088112e+01
2.012561723355632992e+01
1.587890688730649380e+01
1.549813415740349853e+01
1.401182135896148040e+01
1.412010977069246387e+01
1.553630671007418407e+01
1.414950220364374722e+01
1.513820228055127259e+01
1.522405927090469113e+01
1.667487559915750239e+01
1.605070093573902312e+01
1.886804051871572341e+01
1.890848976536838322e+01
1.895203527417337597e+01
1.923015169701258387e+01
2.028498222123999284e+01
1.710311436441927668e+01
1.716764523684687660e+01
1.603103125062574819e+01
1.490372795843129872e+01
1.695391506277047000e+01
1.599539195509167300e+01
1.827001386212461043e+01
1.354835072920549877e+01
9.213993823641784431e+00
9.723299422504945611e+00
1.227290103200072302e+01
1.572835449681047670e+01
1.241659090251543240e+01
2.151152505111445734e+01
2.126241416714883670e+01
2.248154554217236978e+01
2.539507454723280944e+01
2.391921144249638331e+01
2.613137973534629310e+01
2.587228925091954679e+01
2.645784790130132080e+01
2.610515553399500277e+01
2.667820165150714473e+01
2.623298342133011829e+01
2.670099673298015475e+01
2.595320608415061514e+01
2.672946042126883270e+01
2.613839665567467918e+01
2.609489036799576311e+01
2.662691348453871143e+01
2.543146600574926453e+01
2.626302049336191047e+01
2.522614054889644564e+01
2.394940603928016287e+01
2.362636014461602940e+01
2.068986102176890185e+01
1.656715294078632894e+01
1.696851648957373015e+01
1.818223644231004954e+01
1.752435589413834194e+01
2.002568685020570882e+01
1.781790641510853845e+01
1.814402667841713424e+01
1.733712311781363269e+01
1.841114218117325407e+01
1.828576851815900994e+01
1.849194945828748260e+01
1.719439275082982022e+01
2.018959741035229882e+01
2.117443418491599871e+01
2.141270618631396161e+01
2.169293189026392099e+01
2.045858912350452385e+01
1.971467334837588226e+01
1.947199354040473196e+01
1.838255588049642597e+01
1.799467670948175879e+01
1.968750041771783188e+01
1.897133447409364848e+01
2.001499535409980268e+01
2.003100005209815038e+01
1.958885578583569398e+01
2.132401869861905652e+01
2.329467013987951418e+01
2.224336390012398468e+01
2.136293094094615697e+01
2.153655585890140500e+01
2.152633566379719099e+01
2.285485185467994285e+01
2.375564728289841554e+01
2.355756305968209929e+01
2.395201643680493930e+01
2.345799640831227606e+01
2.381567690091450729e+01
2.337517543270326570e+01
2.448678511617746167e+01
2.463311403269418420e+01
2.524823506390098515e+01
2.505615311153259839e+01
2.516333378519602348e+01
2.490188042803270108e+01
2.426808119080241610e+01
2.429439988989057753e+01
2.435827997629917974e+01
2.461773706418863128e+01
2.400519584903722858e+01
2.528826112008936633e+01
2.236233501604406371e+01
2.257334032572520854e+01
2.204319136134994395e+01
2.150551670140835725e+01
2.265792232498685621e+01
2.100862273878382425e+01
2.271383891803520427e+01
2.295187944386490386e+01
2.218945248111272406e+01
2.254459921885925056e+01
2.180225141996983496e+01
2.035742094225751231e+01
1.964996913513104104e+01
2.265849998183501413e+01
2.205383630970015929e+01
2.274014153177082775e+01
2.516603939054259342e+01
2.493485360595999367e+01
2.667638040418098910e+01
2.779985531761611384e+01
2.648390283865921191e+01
2.794921681486308174e+01
2.844487966919944100e+01
2.970630116459721748e+01
2.962679691868560283e+01
2.862257475227025338e+01
2.853438314621541494e+01
2.831444973057285353e+01
2.856702109499504871e+01
2.868017073053270138e+01
2.866700221428047257e+01
2.789505573845676167e+01
2.704970727728992586e+01
2.602744962837519083e+01
2.492771261650237236e+01
2.515381413895349638e+01
2.482463550007292596e+01
2.479334461296114966e+01
2.185520468909663805e+01
2.487767328164972369e+01
2.546658091031297744e+01
2.342907055070538291e+01
2.376205896040344712e+01
1.966717299035506983e+01
1.889969092454775534e+01
1.481369989248583430e+01
1.415078425918035343e+01
1.414996880826920211e+01
1.902862411174887569e+01
1.959123348657704966e+01
1.787330571454298322e+01
1.756587808780874482e+01
1.502926551395718668e+01
1.524846174426320822e+01
1.866823272173401449e+01
2.057376144074514102e+01
1.863900953094466928e+01
1.872693299199292483e+01
2.125767716985146549e+01
2.500851285544834823e+01
2.582163184907457065e+01
2.496720052980627713e+01
2.525230218314901265e+01
2.610059054606857387e+01
2.735702419569333799e+01
2.482534354855946646e+01
2.266014574800400538e+01
1.863884109760741126e+01
1.928201222041944263e+01
2.196520387046245304e+01
2.304505540266465502e+01
1.804754296593845808e+01
1.479909133691151268e+01
1.437411871594622781e+01
2.268682049004694790e+01
1.893686027046835108e+01
2.073112043859043041e+01
2.165339824591627149e+01
2.258919658508283135e+01
2.020847609687981716e+01
2.552564324460097112e+01
2.484109620831038967e+01
2.731575055800036367e+01
2.723465432016603671e+01
2.720521598298223509e+01
2.671863331074649750e+01
2.709829994475645876e+01
2.699026064972897387e+01
2.722058328166619745e+01
2.746997694487101072e+01
2.748371142999980066e+01
2.530652204127316907e+01
2.584405706456409035e+01
2.419784751230286446e+01
2.132248830076576240e+01
2.372499498337412405e+01
2.431169511629693147e+01
2.536362837006797122e+01
2.535107311122909124e+01
2.626380470328130201e+01
2.549930817359761903e+01
2.638174950991883705e+01
2.527197468244120060e+01
2.507653356141158696e+01
2.331533714244098476e+01
2.356342165162789826e+01
1.805376062058101638e+01
2.129140848511016060e+01
2.188045718793254935e+01
1.825014619465961019e+01
1.611040535729903311e+01
2.134109551375323832e+01
2.321731477833969493e+01
2.155686124629728440e+01
1.965864383646682967e+01
1.925801448128366644e+01
1.783186486678055260e+01
1.778164869525595293e+01
2.181185292744262227e+01
2.247989930861086094e+01
2.187523778068493741e+01
2.224581185254303151e+01
2.335816546084513945e+01
2.302513283149778189e+01
2.403570487402212308e+01
2.444918619760716183e+01
2.470857255903344907e+01
2.452178025012065277e+01
2.373828380980027575e+01
2.581682180750704347e+01
2.619064691537069578e+01
2.505552515474547803e+01
2.562250553994383040e+01
2.546629523860364230e+01
2.484907086786559915e+01
2.794174793709290228e+01
2.810683840719432425e+01
2.981994680141909271e+01
2.848912036205547338e+01
2.865749292719379326e+01
2.877380681597036727e+01
2.713966624052946841e+01
2.809489115090114097e+01
2.864756864059340558e+01
2.615501353279435648e+01
2.702134565458858972e+01
2.377382439380997425e+01
1.917935805992568632e+01
1.811545185283600290e+01
1.844105070234521548e+01
1.732873194686260376e+01
1.684052412136417232e+01
1.244371427848451717e+01
1.555145888473021287e+01
1.950231503305829506e+01
2.013866404577878200e+01
1.979523304180016297e+01
2.311683545267350581e+01
2.370364931493482885e+01
2.378920358852608885e+01
2.485809495808372205e+01
2.636376248506532605e+01
2.639758334286296559e+01
2.458506006739871097e+01
2.151715638696681054e+01
2.020371800443747290e+01
1.958157962772083849e+01
1.971781107087122109e+01
2.111595779874557266e+01
2.418132807239491910e+01
2.385271295221293997e+01
2.656310580605443761e+01
2.615764936245355443e+01
2.567289256234729677e+01
2.529229662738915252e+01
2.412287774496127923e+01
2.601167556882099419e+01
2.561568491513869361e+01
2.734686007136671293e+01
2.754807501434222061e+01
2.734982611019546894e+01
2.665592063936848533e+01
2.675654128055706238e+01
2.697571091718629788e+01
2.683098837671886372e+01
2.724932104524970100e+01
2.772933724734805594e+01
2.640210111658206671e+01
2.333237520158375844e+01
2.177153523437533877e+01
2.099333704871289896e+01
2.085335021015679757e+01
1.970402679979478222e+01
1.865631800311522071e+01
2.022383618069862621e+01
1.939526491593572999e+01
1.905271026291515568e+01
1.957702142604649964e+01
2.002816526161121402e+01
1.980408649244170860e+01
2.251246564301393605e+01
2.234485502441643590e+01
2.155050458124330248e+01
2.499550874927734512e+01
2.509377635093958858e+01
2.376299243547235562e+01
2.340136237713478096e+01
2.241490970683489437e+01
1.991873667643968915e+01
1.690884054285011473e+01
1.762433679564416167e+01
1.646320505635592113e+01
1.751243283480086887e+01
2.097463608659769818e+01
2.056468819253381852e+01
1.936438938334190141e+01
2.088914937686502071e+01
2.058309845558287066e+01
2.272232588486575722e+01
1.976259959237077268e+01
2.463122231551352215e+01
2.453360026316240194e+01
2.249135748929572998e+01
2.677378836271964246e+01
2.683421242594231870e+01
2.649693679155727821e+01
2.517930168039329786e+01
2.483337940888632289e+01
2.382519116383080870e+01
2.304280603576738784e+01
2.425143296312845109e+01
2.228199230647679485e+01
2.118868162807139655e+01
2.261328437588570139e+01
2.513581302693562591e+01
2.451397892795169398e+01
2.610458166020031356e+01
2.495758217715229321e+01
2.582994560814029938e+01
2.548230001046509230e+01
2.442451355545475522e+01
2.571341710815169534e+01
2.652068120370813276e+01
2.645129027292720991e+01
2.610920398012877541e+01
2.685807233543678052e+01
2.685471718928588558e+01
2.574826138930104946e+01
2.452713916521230075e+01
1.936240547390939781e+01
2.001087291430156867e+01
1.988928458179744041e+01
2.332796011331461017e+01
2.177878282141675115e+01
2.209172543894302976e+01
2.315256610915160707e+01
2.344771843565681380e+01
2.421395508040685129e+01
2.379097794154353807e+01
2.331577371318469005e+01
2.433904781304892495e+01
2.502257045272231295e+01
2.430720497602838392e+01
2.367733714360061015e+01
2.574053316623513865e+01
2.640720846182463788e+01
2.563286302428968710e+01
2.514819650922038718e+01
2.642966186153759622e+01
2.685297515195802021e+01
2.681368596413863159e+01
2.650097135677221161e+01
2.705970252495291462e+01
2.756941481733179700e+01
2.657042321424377107e+01
2.699339098075336096e+01
2.648283266426194871e+01
2.640744046105877629e+01
2.665031910701538109e+01
2.641547256143041267e+01
2.693777939803437249e+01
2.466505341118821804e+01
2.512786723447128878e+01
2.138672738863060374e+01
2.105548652632638351e+01
2.244120468068015128e+01
2.183699417522312203e+01
2.067711340869193748e+01
2.036912347012803082e+01
2.335664032589011896e+01
2.426553303779493120e+01
2.427771382946133372e+01
2.464633578089510735e+01
2.333800260204071719e+01
2.494983388956485726e+01
2.448715372444940641e+01
2.206548759098701851e+01
2.215160710083745599e+01
2.360068373752318394e+01
2.159099517608801477e+01
2.386714970546454140e+01
2.538349745543046154e+01
2.434269667283788152e+01
2.554779047387220459e+01
2.427912631613936156e+01
2.360295039603710165e+01
2.292237873150712701e+01
2.318470275535272407e+01
2.272895773762996185e+01
2.271826160469491285e+01
2.473862836963892775e+01
2.452057120929399403e+01
2.469212939971662735e+01
2.582911976590182590e+01
2.823387130805190282e+01
2.639336503330968142e+01
2.771721952734232630e+01
2.646991893995552658e+01
2.645055110396463149e+01
2.540250985288425412e+01
2.542204682149416328e+01
2.740887015525608206e+01
2.728176102323919494e+01
2.893495806376943236e+01
2.971454155251229778e+01
2.971858624580006847e+01
2.955705646798115183e+01
3.030574426823254086e+01
3.010740026231285427e+01
2.997542279369737273e+01
2.881072725431824466e+01
2.839046942421434494e+01
2.881531381094137956e+01
2.959721454212147052e+01
2.975531222357947669e+01
2.896958115711137083e+01
2.967329582185805492e+01
2.687588846235829010e+01
2.498898850233163671e+01
2.590730537118408705e+01
2.157476711353359278e+01
1.997369237659664876e+01
2.073262034741404847e+01
2.022230855739208266e+01
1.729446250478727265e+01
1.969318774690744434e+01
1.876617822355166254e+01
1.848339214665494268e+01
1.816613571518834647e+01
2.006537362333020624e+01
1.768412681341535375e+01
1.906646749458748857e+01
1.642051199787354676e+01
1.721741900970801709e+01
1.678038865330013607e+01
1.762889144727477131e+01
2.172494799850046832e+01
2.155594430247362325e+01
2.172552835385484116e+01
2.232388280150209425e+01
2.114941939379189506e+01
2.094949871044886436e+01
2.358469058637217231e+01
2.401512544628207735e+01
2.494527421799096700e+01
2.460105660572623520e+01
2.455138587562156260e+01
2.402582138250193822e+01
2.395802830163667352e+01
2.436799268673965102e+01
2.485361719482577314e+01
2.515757178862848065e+01
2.437351222183757571e+01
2.434960630317902996e+01
2.457039575941720599e+01
2.440930548870096217e+01
2.377062267153933561e+01
2.421103255088803863e+01
2.394899616454515723e+01
2.423545639175042510e+01
2.373582367701153117e+01
2.424147569296557592e+01
2.464711428496116241e+01
2.336264529419745628e+01
2.380942280956095303e+01
2.498598562068454854e+01
2.509183873065902048e+01
2.547867927576234948e+01
2.577393128946976475e+01
2.605371839252935828e+01
2.590033677798560419e+01
2.605350856581477359e+01
2.612862753393471849e+01
2.624458272695719074e+01
2.688127609178053845e+01
2.662012710226807499e+01
2.625493870671377650e+01
2.524491313285424354e+01
2.283045306464289581e+01
2.345841001174963836e+01
1.946139515752684446e+01
2.033345685120648838e+01
2.185149000257456464e+01
2.253288954854832582e+01
2.256228095160518166e+01
2.175495048663749742e+01
1.860169707179484178e+01
1.896240637377051286e+01
2.061552840464493030e+01
2.072785027053569351e+01
1.876955233080344598e+01
1.110853097496263864e+01
1.369314042507369678e+01
1.916807008429371351e+01
1.878858945745702513e+01
2.109864006711455175e+01
2.107893935803031837e+01
2.448526132360243324e+01
2.397015859508869084e+01
2.436673399022552999e+01
2.555553281355820872e+01
2.537219478080668722e+01
2.604635939962545876e+01
2.581980619192027504e+01
2.678937392901381997e+01
2.577311837867410560e+01
2.659513420074102186e+01
2.687077685760963064e+01
2.703800996169309201e+01
2.753409328602754869e+01
2.730500604818811183e+01
2.765560258801014015e+01
2.749323217846129452e+01
2.733504872781953665e+01
2.742960019308837261e+01
2.753832357015440735e+01
2.642155087149838266e+01
2.750975877768116007e+01
2.732534067229350683e+01
2.721259576185502738e+01
2.755809114078499533e+01
2.355505002028144190e+01
2.559920571095334196e+01
2.475114200982988422e+01
2.260241051420169356e+01
2.211009415413341728e+01
2.308534575015044865e+01
2.217807641597393342e+01
2.154165269269707395e+01
2.053132506195494500e+01
2.098446186524098422e+01
2.163659283859306015e+01
2.155069863159461363e+01
2.097583981665531283e+01
2.194946151564754899e+01
2.207946914479373746e+01
2.168087464877486070e+01
2.372107592869675585e+01
2.293878758808409657e+01
2.291891183074683624e+01
2.275537537998495807e+01
2.251582510099337853e+01
2.326111611525950451e+01
2.265448016645374096e+01
2.135448245234073639e+01
2.443410947924861176e+01
2.340739694109588243e+01
2.699233046693757743e+01
2.793301959453774685e+01
2.710050750668911235e+01
2.654494725956867285e+01
2.755384190595177785e+01
2.786874975015504674e+01
2.773040499603763465e+01
2.453557545538643225e+01
2.609234766555811191e+01
2.740545141381454997e+01
2.721459919983662701e+01
2.748230803352017659e+01
2.730110524002889605e+01
2.448806393972456874e+01
2.215223656872102254e+01
2.418563681042625646e+01
2.580189837012908072e+01
2.314426258634091127e+01
2.551886492493984449e+01
2.649915456165975058e+01
2.879268445452737524e+01
2.900885198049829938e+01
2.920963178098777746e+01
2.878742887396447259e+01
2.862165917710310836e+01
2.688181022168354417e+01
2.520240450267351662e+01
1.990581369185175475e+01
2.399581484364129835e+01
1.845625852276032575e+01
1.875723625400283368e+01
2.094780990056877457e+01
2.505115414096538728e+01
2.377072387882677873e+01
2.454689429353239660e+01
2.378806613049015795e+01
2.274704118994137048e+01
2.104640671101591920e+01
2.400741094862155478e+01
2.239331826228886158e+01
2.493760636296394750e+01
2.633457008579739878e+01
2.665522263753721433e+01
2.523594535026601804e+01
2.722611995659928041e+01
2.680952584278408324e+01
2.676293357286585461e+01
2.730980700007213713e+01
2.714026199454593424e+01
2.621888021987150097e+01
2.677634747701959128e+01
2.590097330441671630e+01
2.469573300572302799e+01
2.335878747463762650e+01
2.367233400236617058e+01
2.423661083937211558e+01
2.358550358545732450e+01
2.264367709486060676e+01
2.222157081994135197e+01
2.165418036041100436e+01
2.157727091599953440e+01
2.167352664591433609e+01
2.259995657547280956e+01
2.305654172692409531e+01
2.294907743380974807e+01
1.982462387182361141e+01
1.900613961458328305e+01
1.935520371748786417e+01
1.677395089256573257e+01
1.638836901433579385e+01
1.688051492616404303e+01
1.867878325698578479e+01
2.128529611271026667e+01
2.383509406373342188e+01
2.340346121644068944e+01
2.287598208865267324e+01
2.359023965980929205e+01
2.333303154406193514e+01
2.194744731568020768e+01
2.348643383530411555e+01
2.286034863918714422e+01
2.161850404398262526e+01
2.102791131754202425e+01
1.908057626844571431e+01
2.172246959347896222e+01
1.537316153686930775e+01
1.644917096009497470e+01
1.651508302740755596e+01
1.954975272223355276e+01
1.887213030660569046e+01
2.017612482015012532e+01
1.822762516460757354e+01
1.575530387470075055e+01
2.041734612806818916e+01
1.903023244895142341e+01
2.075709793189764696e+01
2.237566426420873711e+01
1.907580800729505910e+01
2.240948525420780513e+01
2.315539735941952415e+01
2.489881346921059802e+01
2.576862449934269961e+01
2.612730155535560783e+01
2.783849895166811805e+01
2.713348727895237644e+01
2.822690251857753552e+01
2.882702450252818593e+01
2.793828227968708333e+01
2.789454138937445293e+01
2.927471023684368845e+01
2.870085189744749599e+01
2.912450791137834116e+01
2.694239947761625587e+01
2.442848919710601052e+01
2.701914801441547809e+01
2.598894917678232019e+01
2.642751544514861806e+01
2.571262947462134463e+01
2.602217736466752385e+01
2.707115038209532543e+01
2.559946488465279657e+01
2.580501142105163837e+01
2.687912901796710585e+01
2.439640047432090952e+01
2.589441716529675119e+01
2.357225729773553269e+01
2.255969125010411247e+01
2.325331391449095975e+01
2.371619221542511369e+01
2.175563025189008926e+01
2.074660496689894629e+01
2.126766670693239192e+01
2.136015279292113078e+01
2.303810882335645971e+01
2.857610256349168409e+01
2.752074001770951739e+01
2.846999683869456987e+01
2.828247465150772655e+01
2.790280556600063733e+01
2.757727273560738723e+01
2.816120921232213448e+01
2.899542419382387948e+01
2.769146027390789300e+01
2.737758440726427978e+01
2.860112802916521346e+01
2.853522003146741426e+01
2.800302981559971016e+01
2.771710166933477382e+01
2.683325687166638218e+01
2.490593474354046677e+01
2.337560004778369915e+01
2.166811668540622549e+01
2.318442269794572042e+01
2.310183727871031678e+01
2.350036694545358529e+01
2.164375122691535225e+01
2.081206912230786799e+01
2.449878746984786559e+01
2.609436694436676873e+01
2.525286582053080409e+01
2.343719206257159016e+01
2.473157817830522731e+01
2.353792395661045589e+01
2.219362703679481186e+01
2.138580674219456768e+01
2.439080739559388533e+01
2.661937725003262756e+01
2.845258593565243999e+01
2.773267093785879567e+01
2.740962063280247207e+01
2.598399818927123306e+01
2.518980152546714280e+01
2.170815777173924488e+01
2.178446053789848591e+01
2.448173495587565895e+01
2.342723375531950580e+01
2.585243319373723381e+01
2.610407801951858175e+01
2.614005037519078201e+01
2.703059639385077517e+01
2.573056508063811165e+01
2.599032269520428784e+01
2.535830088157991469e+01
2.771398139801535621e+01
2.772598084496428328e+01
2.829808823677166885e+01
2.675691683864650372e+01
2.631075517423991528e+01
2.802958581507672520e+01
2.736985145091020399e+01
2.721812193288779724e+01
2.448633675475149829e+01
2.504558204723467796e+01
2.642722725817090179e+01
2.593614595937221523e+01
2.656319838948030565e+01
2.642620868408473100e+01
2.544948446465589598e+01
2.726558166912931114e+01
2.687691430045789787e+01
2.763117243817979585e+01
2.810511927640806462e+01
2.815025255002476356e+01
2.765133240784497559e+01
2.573516705850352437e+01
2.134323007053206567e+01
2.276445028008624405e+01
2.193955762407005494e+01
1.576565016850434020e+01
2.100245643233927240e+01
1.729303649462723058e+01
1.793400439409697711e+01
1.783210093032302623e+01
1.887929415117061538e+01
1.736794893731384093e+01
1.880091491857928077e+01
2.283311371236269238e+01
2.408253739173531827e+01
2.453182995011299994e+01
2.443677935646619659e+01
2.401944249186073321e+01
2.416241549762707663e+01
2.435506576494554309e+01
2.422123493268363603e+01
2.369061628254206298e+01
2.425497548531780367e+01
2.453117462817952088e+01
2.248088543658346339e+01
2.238978177986989948e+01
1.974064811800904806e+01
1.816192638436137941e+01
1.856512687052403621e+01
2.087919374126648719e+01
2.043171317465674619e+01
1.754764237269148452e+01
1.762754125359161961e+01
1.761662760453777210e+01
1.913519303253437087e+01
1.941211771526656804e+01
2.009298863371076038e+01
1.965389960597796914e+01
2.023656811921020449e+01
2.154151515742427847e+01
2.148256528937714904e+01
2.084544731748840363e+01
2.157835824728741159e+01
2.166714698444465981e+01
2.045594231658978401e+01
2.168808016608427280e+01
2.110958320353979190e+01
2.207658578095588808e+01
2.275127176474405388e+01
2.328048249519540391e+01
2.202043092623732434e+01
2.178598559398568923e+01
2.113975334587840038e+01
2.272649899339458557e+01
1.840797190483198875e+01
1.725657226007061595e+01
1.589704135958603715e+01
1.465285872233595477e+01
1.752652821547136597e+01
1.728918984580295160e+01
1.713539561845326986e+01
1.774896392731686490e+01
1.663808499324426649e+01
1.634193953329588211e+01
1.678232043758482916e+01
1.583788118629795783e+01
1.210385147271385797e+01
1.561270028318715575e+01
1.832136134409989836e+01
2.003870692201389403e+01
2.358693910066622124e+01
2.209285893138418189e+01
2.436003132125272330e+01
2.385375274133417633e+01
2.503662746114175164e+01
2.388328118687090296e+01
2.157181333730179063e+01
2.330238312782219268e+01
2.361498142374184894e+01
2.452499067905692698e+01
2.425426698528372427e+01
2.370435090336946971e+01
2.152916323412439681e+01
1.893085902684459398e+01
1.952591415716921475e+01
1.767181571441583188e+01
1.620898411165757835e+01
1.166619597369702710e+01
1.422681562660734045e+01
1.135085741749142940e+01
1.330300089184986945e+01
1.504915034127321860e+01
1.329142045477843936e+01
1.336722644462698462e+01
1.657782708437259345e+01
1.829527614788850798e+01
1.796430131344853010e+01
1.912715877944933851e+01
1.932255830673451769e+01
1.908453069784053469e+01
1.537500824974947022e+01
1.740770408554241300e+01
1.846722622274744197e+01
1.933727240713140105e+01
1.843887288631448840e+01
1.790516996805857275e+01
1.897797071866729723e+01
2.158983150780026961e+01
2.177496016695470971e+01
2.093263627663761639e+01
1.995907255920933920e+01
2.289961656310602223e+01
2.267697025249226073e+01
2.216868555471547708e+01
2.193425104763365852e+01
1.926320633462008658e+01
1.862105832294119878e+01
1.891604440493217609e+01
1.710929280062852698e+01
2.078202427540606934e+01
1.772033876708874445e+01
1.888496220235851197e+01
1.850641535409921801e+01
1.879290128634578494e+01
1.903350108978969146e+01
1.788217654464640560e+01
1.705497367649353535e+01
1.883587151222562284e+01
1.749365396986131671e+01
1.855570986681424728e+01
1.689260978045431472e+01
1.568535225624361829e+01
1.748031309462212590e+01
1.683392462672097167e+01
2.270362331693492308e+01
2.046440690956855946e+01
1.852713218761515179e+01
1.909330995320214797e+01
2.246133331636978880e+01
2.150828991839964743e+01
1.983107686360559185e+01
2.267198111788789916e+01
2.450331889251167183e+01
2.441278713686159207e+01
2.354269595257856196e+01
2.225020863140473892e+01
2.111066370516177315e+01
2.138672477703819652e+01
2.062274744323514142e+01
2.125970816733072866e+01
2.167000171808519227e+01
2.261931395960342073e+01
2.555875806845820719e+01
2.552449127708004895e+01
2.496861916729802289e+01
2.463109283391027660e+01
2.348937179301948674e+01
2.492201246899677614e+01
2.547496545012491964e+01
2.601203913997716910e+01
2.550828664520464173e+01
2.706780323736786897e+01
2.588395514390432339e+01
2.697398716063308655e+01
2.689851678538524737e+01
2.620736407684525204e+01
2.630473824112474190e+01
2.651918429359078999e+01
2.639625682113616278e+01
2.619143671434770226e+01
2.637969596287329210e+01
2.637968510288549950e+01
2.736533047917291128e+01
2.640860057520503545e+01
2.666196423364727153e+01
2.677149114781428807e+01
2.579120897571746340e+01
2.574886739208040609e+01
2.433493466768579694e+01
2.201521312377631290e+01
1.684939598388286086e+01
1.844640203059952555e+01
2.050135083574509665e+01
2.204747868861549165e+01
1.745867806880284689e+01
1.529700439845008475e+01
1.748443022346645392e+01
1.620231818881542551e+01
1.728980887728923577e+01
1.709037062263502094e+01
1.758991393922003610e+01
1.727013500685146852e+01
1.831521187379071236e+01
1.859155045304797937e+01
1.722393063531801261e+01
1.872387640187502100e+01
2.017335178238358395e+01
1.901678746275431919e+01
1.993436947448527619e+01
2.035093161964442743e+01
1.959179028313999993e+01
2.031967286249859939e+01
1.981617892294670469e+01
1.846553682148793740e+01
1.803870966624234384e+01
1.759934583873895875e+01
1.805775781285792547e+01
1.864084437146100015e+01
1.779044727675201898e+01
1.843137256426036785e+01
1.986186424387943816e+01
1.919137445765760575e+01
2.043555850392445450e+01
2.070581941849248153e+01
2.127399475008307306e+01
2.114598605434940026e+01
2.119064994818375425e+01
2.114414525865869621e+01
2.003466658007423717e+01
1.981401987538161791e+01
2.056973526116612661e+01
2.114134936105759976e+01
2.103716389890421823e+01
2.088994910582389863e+01
2.073616861077493212e+01
1.948051407161154458e+01
2.125224712938484473e+01
2.062908483405206184e+01
2.205947272276698357e+01
2.260118326452347048e+01
2.228400120536810647e+01
2.274313258314758457e+01
2.231259730655643381e+01
2.133749333195456899e+01
2.137693381310585394e+01
2.230417460359025128e+01
2.220817980727922958e+01
2.056965582803879400e+01
2.053353856175681358e+01
2.086932227471143619e+01
2.000609301429581066e+01
2.003357992151725142e+01
2.034953155752999621e+01
2.012761715136696949e+01
1.992749264135305154e+01
1.714552577206070438e+01
1.776101931967503589e+01
1.953974229623269920e+01
2.130571868092413368e+01
2.142829145731169760e+01
2.136764446033639686e+01
2.238228011256460093e+01
2.246748678826437029e+01
2.290477036863397231e+01
2.206464707293178762e+01
2.247694656736697283e+01
2.219019915489533901e+01
2.277986479092085048e+01
2.300200575612679543e+01
2.375743705257442429e+01
2.270488549010093138e+01
2.252912370256411023e+01
2.250292192984637296e+01
2.419602172804992080e+01
2.374592092671672816e+01
2.398548966090187307e+01
2.332867828296025436e+01
2.170353012989621888e+01
1.874862958641533695e+01
1.738006454739581130e+01
1.803451969116149911e+01
1.711339706308808317e+01
1.696371309674577077e+01
1.921315535375941153e+01
2.032048196083823655e+01
2.127260469010667521e+01
2.131064866141956671e+01
2.038850809933794395e+01
2.069360975142023662e+01
2.016452362667264353e+01
1.758578315766858680e+01
1.406245887378593906e+01
1.810338930113691092e+01
1.809231689709428181e+01
2.374509395266429124e+01
2.514863943553905656e+01
2.565168205731010787e+01
2.566350661057562377e+01
2.612246911841479502e+01
2.566790846457838882e+01
2.580886823388880913e+01
2.563745237846071134e+01
2.494437554778463095e+01
2.577755176931326631e+01
2.519318441443822465e+01
2.525769137018131971e+01
2.513103309483602388e+01
2.457869929144703391e+01
2.430906269088398020e+01
2.507035418306408658e+01
2.414451568413934268e+01
2.519369709483331832e+01
2.532533187622905047e+01
2.439542652336169937e+01
2.479896534057940016e+01
2.498901339837931346e+01
2.561280554375495200e+01
2.535590676164398616e+01
2.566892110301443353e+01
2.543719245313711497e+01
2.487666091462970996e+01
2.503250938029548678e+01
2.386976291974349351e+01
2.157680324444411468e+01
2.309271092632577194e+01
2.046525817772878497e+01
1.485695252990285375e+01
1.667929706495986864e+01
1.986672459759186182e+01
1.968676947779422193e+01
1.839172129955158752e+01
2.015960373846404607e+01
1.832536481416754270e+01
1.703589404664177565e+01
1.752453072748420482e+01
1.692901960281059814e+01
1.756327816148678167e+01
1.645767215477874146e+01
1.749924682997633951e+01
1.747275397865602997e+01
1.855662872209684977e+01
1.734458185729738489e+01
1.808832043846308224e+01
1.740930292256159362e+01
1.749995295722839472e+01
1.735163546676017177e+01
2.141257393303888890e+01
2.104484279998736795e+01
2.241068531850722678e+01
2.175876584822803039e+01
2.247955735866585769e+01
2.208763178425389739e+01
2.150761067721909825e+01
2.151280879679438129e+01
2.150613660021275209e+01
2.103163343854004808e+01
2.209535614181873342e+01
2.169801858819761620e+01
2.127633949688306458e+01
2.239709914240369670e+01
2.170116332951334215e+01
2.126258151369158966e+01
2.195132337133361489e+01
2.117211548828392864e+01
2.059757545992731309e+01
2.009402650086969544e+01
2.129018262558870944e+01
2.049482342680092017e+01
2.039872130063212907e+01
1.971702481379541894e+01
2.159056083419616101e+01
2.133081812868320526e+01
2.167057338352143603e+01
2.130950201227024721e+01
2.132011229566386135e+01
2.077949883216488303e+01
2.152329558132306886e+01
2.182495421852365425e+01
2.138380567083315142e+01
2.103089282588357278e+01
1.867439341088240212e+01
1.486068752562899675e+01
1.208288366961895832e+01
1.431334938528815215e+01
1.909453164484020604e+01
1.949727127240778302e+01
2.006755731408973986e+01
2.002306181984538469e+01
1.982979097592967221e+01
1.866136755464682295e+01
1.725121391295630602e+01
1.386291557367854033e+01
1.260653369674121826e+01
1.452544090354368223e+01
1.431474814458522005e+01
1.890607149873833492e+01
1.836992867551376563e+01
1.921882306071130131e+01
1.975403851926661147e+01
1.831826652851537673e+01
1.936938744758599995e+01
1.893012819105120315e+01
2.187790411005964941e+01
2.163450792923817900e+01
2.197822875630514972e+01
2.309387910454718806e+01
2.447152395870353558e+01
2.486323457076236920e+01
2.396105957401621112e+01
2.438539250666914882e+01
2.329272261720883108e+01
2.255124888133435945e+01
2.276903752614479970e+01
2.244036558526316227e+01
2.374250391572072516e+01
2.478681558136010565e+01
2.342599735420962048e+01
2.308186149667735165e+01
2.365901229710804898e+01
2.180556164046706868e+01
1.956411280155922228e+01
1.888111733435693651e+01
1.940544530785604493e+01
1.818882343749882580e+01
1.649582933389432782e+01
1.932846319537398827e+01
1.608517789473457782e+01
1.399481770722109708e+01
1.477320830438204347e+01
1.724639688439120988e+01
2.018191812920029449e+01
2.075049427423491011e+01
2.234344148872060742e+01
2.168951211730093220e+01
2.332862124287142791e+01
2.310117923111514315e+01
2.499519556757678984e+01
2.268437560204921155e+01
2.331485064631135629e+01
1.920122457004838168e+01
1.693554119297466443e+01
1.762196555846857748e+01
1.787728339706615799e+01
1.730590721660725961e+01
1.746100193943137313e+01
1.603046596033142990e+01
2.155632430633318108e+01
2.273136539145177792e+01
2.140725651991354539e+01
1.661114431277732351e+01
1.798622857603948333e+01
1.265476435775429565e+01
9.646787179540890378e+00
1.801236068160057613e+01
1.534168953499134602e+01
1.769530164163829156e+01
2.281291063953845111e+01
2.364280233621104799e+01
2.210323724797061118e+01
2.266696169460740151e+01
2.291835034108771296e+01
2.094040516794809648e+01
2.070664147362015939e+01
1.847565035039609427e+01
2.135000939013698940e+01
2.196866163482591006e+01
2.248779647628930434e+01
2.269705718451626097e+01
2.371128964004777018e+01
2.378896869358471378e+01
2.331884344454462621e+01
2.046533179069692210e+01
2.118634931271362021e+01
2.087691879349074497e+01
2.141636371570542252e+01
2.088471399264801320e+01
2.063150220245303146e+01
1.804355665026729838e+01
2.097450292625488544e+01
2.014032177312158112e+01
1.910023610362116742e+01
2.126942437633743666e+01
2.000453300875144436e+01
2.051104642048725779e+01
2.169086702034383762e+01
2.135035475088765367e+01
2.148101470432034787e+01
2.015971026332310956e+01
2.141810827212957591e+01
2.106327589571097647e+01
2.006677863305766607e+01
1.874958417340152295e+01
1.934152547402831601e+01
1.855826742737102819e+01
1.800245470364900058e+01
1.465504349046397792e+01
1.412440787776084505e+01
1.468945931021721307e+01
1.140899107303060944e+01
1.211926576232504438e+01
1.411223127368161201e+01
1.352134978922942565e+01
1.952381427282373849e+01
2.289552234468816749e+01
2.368981174515453603e+01
2.355696011232252118e+01
2.482938817549988997e+01
2.450514552158243120e+01
2.462964156623451117e+01
2.373638047893086522e+01
2.127951700999794227e+01
2.182107755432175367e+01
2.138717100270203986e+01
1.939784885620593968e+01
1.593505773364619849e+01
1.426489928665044538e+01
1.640820061560682674e+01
1.473052234886617029e+01
1.470417767208830817e+01
1.328253752709165170e+01
1.663192766212448248e+01
1.833297965081094461e+01
1.870561829096005724e+01
2.199797646229107784e+01
2.141704168761156524e+01
2.002375780151993467e+01
2.100795333844898494e+01
2.248746108341440930e+01
2.291336112408753678e+01
2.266107146934515271e+01
2.126497183805498992e+01
1.797491622697606672e+01
2.001856207094018458e+01
1.961186603107886484e+01
1.492291986997853925e+01
1.821896399098453756e+01
1.809356014888146547e+01
1.898263522030867279e+01
1.723393558807266501e+01
2.140542346177981159e+01
2.122380570908432773e+01
2.287320933295314163e+01
2.282858761296030536e+01
2.016981456723422994e+01
2.005117254544406791e+01
1.804185125742943896e+01
1.995917211883459430e+01
2.148614471405575799e+01
2.494627288032391021e+01
2.326014817762807141e+01
2.323616387926704974e+01
2.391060569736566421e+01
2.394591252204227416e+01
2.433964187617042896e+01
2.482315265683197225e+01
2.413997476486567706e+01
2.397129208347092444e+01
2.440079291924210381e+01
2.323960310767709458e+01
2.454715482132145965e+01
2.292028623120880582e+01
2.456903915654901738e+01
2.347732821853799123e+01
2.422300491719000348e+01
2.439083517177795812e+01
2.188141827219702407e+01
2.014682434375429665e+01
2.144478391061431921e+01
1.922687811918631695e+01
1.590069339970559525e+01
8.601774328229335964e+00
1.217208779997655554e+01
1.048429067152546246e+01
1.120516401162648279e+01
1.203889663893201067e+01
1.679592152549705375e+01
1.683104259863371865e+01
1.564078119786545429e+01
1.861587614784509981e+01
1.668440549656488159e+01
1.638844253127192374e+01
2.019134615577998204e+01
2.006934669454129150e+01
2.012090648895700085e+01
2.111280054381690974e+01
2.108066028816010373e+01
2.141852037848763501e+01
2.318097099502788438e+01
2.272353811308018479e+01
2.256887764254238249e+01
2.149445927842821646e+01
2.146897371757885864e+01
2.162582899186386953e+01
2.226701522343587314e+01
2.282938180208531875e+01
2.287382183280620751e+01
2.258199081093881588e+01
2.151398094157930529e+01
2.199620909495106247e+01
2.201320592320506719e+01
2.157163295634583022e+01
2.196939906276618615e+01
2.357477126528110034e+01
2.323055443217724303e+01
2.306953000664844211e+01
2.337453513941396110e+01
2.328699117684488229e+01
2.245201289145444434e+01
2.387582126408996430e+01
2.399132985831970544e+01
2.370701346958460931e+01
2.380204084288264710e+01
2.327539219427252704e+01
2.318721333327492573e+01
2.420272276911329357e+01
2.459965015533786925e+01
2.571913826337340936e+01
2.496451936022410223e+01
2.297188809932641362e+01
2.151531483746528295e+01
2.194932622922156540e+01
2.239258661642065462e+01
2.258195402547831065e+01
2.256778946285912113e+01
2.092537405818072926e+01
2.120289591205203195e+01
2.169385628267899691e+01
2.161304100922442473e+01
2.114525736792128185e+01
1.971245956923389286e+01
1.728484592000574338e+01
1.968999703616370667e+01
1.924997243894769738e+01
1.886945390140765255e+01
1.819885942242078514e+01
1.972669367159965859e+01
2.007728749032590798e+01
2.267477441119793014e+01
2.459623283723978204e+01
2.390005883143053822e+01
2.588643801628407104e+01
2.488385822510892709e+01
2.460379851341995661e+01
2.500727673822803609e+01
2.479633525073005273e+01
2.668464375430145807e+01
2.652031762503946055e+01
2.705183348336066018e+01
2.726453570855470332e+01
2.668896128109766863e+01
2.595405959609296431e+01
2.619246930353833491e+01
2.742523036800103142e+01
2.811211646175745926e+01
2.731618917314310480e+01
2.758314578388766591e+01
2.737441751780023225e+01
2.758043429213280362e+01
2.754619540656428001e+01
2.704593348136024389e+01
2.687239772786271175e+01
2.497850004876785235e+01
2.615688451884869536e+01
2.595434867617889907e+01
2.617339792250532327e+01
2.700260986913378503e+01
2.715302862486808166e+01
2.748451623004878996e+01
2.786317212019452683e+01
2.725630189597475805e+01
2.683279934524536969e+01
2.751527324352977644e+01
2.731013740868534256e+01
2.711019487001744466e+01
2.668519603381377081e+01
2.631639935968954802e+01
2.616858764375705704e+01
2.571580528121547360e+01
2.585844811679546140e+01
2.675079744199795684e+01
2.623389436095662219e+01
2.676078431254891399e+01
2.730700647600023245e+01
2.711101770501409192e+01
1.877588859578997216e+01
1.682703458120235496e+01
1.388881482928450950e+01
1.071595477094419024e+01
1.483011817336236327e+01
1.250338581253913617e+01
1.473364386104940493e+01
1.519990579394684360e+01
1.622675335224534621e+01
1.401919416065436153e+01
1.470047118693273980e+01
1.504331142680966593e+01
1.287770093935217375e+01
1.330536520321475535e+01
8.691812695527993071e+00
9.061943229693307345e+00
1.039511384425865614e+01
1.209958221156395020e+01
1.209387628031512918e+01
1.444418985478175976e+01
1.339455848220838163e+01
1.625323951352393692e+01
1.616158102979735389e+01
1.643485055985781074e+01
1.623438427814939544e+01
1.610003227812072168e+01
1.524465063429139988e+01
1.762618757001028058e+01
1.715847580611783840e+01
1.847949127828969296e+01
1.738142854434604345e+01
1.727412056848369204e+01
1.643063652377417228e+01
1.689687621996573341e+01
1.629082926757104843e+01
1.062222538391463189e+01
9.815484084784207752e+00
1.314658208106435744e+01
1.143330638370400543e+01
1.042645526952582991e+01
1.182588624433355839e+01
1.085965545910974761e+01
1.099658009557434468e+01
1.097332850465764942e+01
1.156106723357219757e+01
1.167369317611316504e+01
1.268655921023142774e+01
1.101208883116325765e+01
8.681211519681083288e+00
1.310980580852504396e+01
1.250095620819070419e+01
1.114448896281057344e+01
1.089870894282119806e+01
7.809835949423415080e+00
1.040216952737551104e+01
1.166459953689601647e+01
9.904410444405778335e+00
1.173101417715008310e+01
7.683096463002582865e+00
1.043699910610835069e+01
1.269761186431802358e+01
1.525100487883873512e+01
1.527498220799953010e+01
1.379707348079005413e+01
1.530059983122219336e+01
1.479228404920378637e+01
1.252221385678726762e+01
1.743557061541258335e+01
1.480489171637906765e+01
1.600575153201237200e+01
1.308844297474787766e+01
1.674467263360413938e+01
1.917668858101421492e+01
1.839641253810381372e+01
1.767058354616163740e+01
1.822073119275814790e+01
1.979163752985490277e+01
1.928592527952495672e+01
2.055418724478901993e+01
1.978877727081047055e+01
1.791350215328313311e+01
1.427080172306876626e+01
1.324608952981177623e+01
1.373515821155273997e+01
1.370559882565886411e+01
1.554698724170369672e+01
1.765147269646836747e+01
1.795501892022862478e+01
1.401990208123701009e+01
1.637353594282007663e+01
8.611965708826165411e+00
1.314613617459871620e+01
1.509510198572787409e+01
1.157331495687946976e+01
1.198297278416402101e+01
1.190412996809079083e+01
1.382721731105370111e+01
1.245653712824795534e+01
1.269070665400145792e+01
1.072824152593117653e+01
1.197920376865671699e+01
1.185630432671952939e+01
1.225039820631294241e+01
1.506088418141270147e+01
1.271733698580412231e+01
1.209186586051982815e+01
1.501696611020939720e+01
1.195709082151565461e+01
1.124034352302702544e+01
1.317250349261353826e+01
1.606224078606026495e+01
1.674118505727795991e+01
1.539539875803349034e+01
9.466369279532305114e+00
1.372454053184059930e+01
1.690028970025098687e+01
1.684212614145675602e+01
1.757671815494635936e+01
1.571759863826768111e+01
1.486534319797981141e+01
1.331508016914136050e+01
1.303310089111039005e+01
1.537449006176716182e+01
1.661114527295221777e+01
1.604907285182561338e+01
1.876183307852603832e+01
1.893768012824975244e+01
2.005076521273582912e+01
1.933462193461586409e+01
1.897199958162662980e+01
1.817047458213179922e+01
1.772776121768666613e+01
1.872893957185996427e+01
1.773561903604028345e+01
1.960522584378594146e+01
2.033883542768943187e+01
2.090414651674899815e+01
2.078311785670902267e+01
2.128712347719100961e+01
2.106946383130999934e+01
1.988659303485361818e+01
1.781852765796623217e+01
1.886770859051992844e+01
1.550125322689466678e+01
1.349853164968926933e+01
1.391253095592672473e+01
1.389042340639551654e+01
1.432954472532768619e+01
1.523934761331928556e+01
1.615219428209607244e+01
1.203755070025847829e+01
1.152328453433216104e+01
1.055169156869984981e+01
1.318445794452610897e+01
1.307093536541909451e+01
1.106462565707363943e+01
1.466460479772474912e+01
1.706345716736797868e+01
1.701316635369546404e+01
1.795336293643520165e+01
1.728409301334264825e+01
1.747041190631863827e+01
1.690078097180070671e+01
1.745786228184184807e+01
1.653714552293921258e+01
1.699661208522656253e+01
1.798750745283225783e+01
1.569478129445580450e+01
1.445566787104545270e+01
1.604195410335790939e+01
1.519982781688856122e+01
1.735798227856330556e+01
1.674378546868494766e+01
1.640772074169221639e+01
1.722178631235943413e+01
1.861486841701292505e+01
1.815451331144697278e+01
1.800598523639056125e+01
1.830378723833364774e+01
1.723746817559285915e+01
1.811009966423860362e+01
1.781947482941539107e+01
1.819900674629356274e+01
1.700302857829316139e+01
1.778077349334869695e+01
1.700223152318255515e+01
1.726462452874922349e+01
1.199041043276544016e+01
1.081187821811211158e+01
8.903836660684472548e+00
1.092668435514615055e+01
1.085085623802108934e+01
1.137534497467076733e+01
9.043492485634892830e+00
8.437193019279915163e+00
7.779854840784685699e+00
9.784650089580081200e+00
1.173177691661988931e+01
1.484499296646292876e+01
1.503564184112920366e+01
1.507146823703043736e+01
1.334653024281261047e+01
9.484358511995834462e+00
1.174726854947939536e+01
1.465393494084258563e+01
9.554091461005786101e+00
1.009540823926441000e+01
1.052351665593042718e+01
9.049699475547640759e+00
1.421863962037358142e+01
1.083914115727552208e+01
1.498111413462430086e+01
1.341417897176551577e+01
1.495585327183100688e+01
1.070812804725637690e+01
1.385866240780531911e+01
1.605177078897600396e+01
1.230491906264166246e+01
7.525675287427172400e+00
6.345853770638381519e+00
8.942465694680022281e+00
1.679975872897163924e+01
1.263972672675707010e+01
1.844305122565305410e+01
1.771240281561102492e+01
1.819971847091262873e+01
1.836668141746844185e+01
1.967271445049404832e+01
2.111552129157452029e+01
2.062731355204937245e+01
2.077738927550476689e+01
2.197898357358194943e+01
2.079319332381624719e+01
2.182124271205137234e+01
1.992718763640459656e+01
2.043414581220161708e+01
1.707277387275670577e+01
1.779616204933149248e+01
1.856552884202590903e+01
1.777926715383778244e+01
1.913577585428908989e+01
1.855594669642635708e+01
1.797005121262314731e+01
1.521541326879983913e+01
1.565020148844005021e+01
1.554835807936551184e+01
1.495481251345001361e+01
1.704018531422662619e+01
1.744367002214112716e+01
1.388188669889420090e+01
1.182241135958171263e+01
1.536555569987577741e+01
1.293826191194711761e+01
1.319494200256565719e+01
1.235044982265697655e+01
1.158072529370262060e+01
1.291968613749053851e+01
1.484573131348310326e+01
1.177452031958486600e+01
1.472270113828462712e+01
1.626642415443487621e+01
1.527097891220320847e+01
1.710816801187522174e+01
1.647916890303856619e+01
1.602062928198418135e+01
1.744881342030354787e+01
1.976237278907019856e+01
1.913618590602568403e+01
1.928136305931776917e+01
1.854966105354091255e+01
1.765652918132777671e+01
1.926313366740602362e+01
1.853000151113314331e+01
1.700649380616769690e+01
1.444071105184421988e+01
1.687634525158908616e+01
1.711527303710484205e+01
1.627207003778998029e+01
1.680026442575708501e+01
1.425371947553180796e+01
1.523616416537942087e+01
1.548493989989311537e+01
1.247440665893740430e+01
1.640995933435632281e+01
1.610884395869518215e+01
1.780235018195132568e+01
1.807638150377354691e+01
1.711235837920642311e+01
1.780444496059668325e+01
1.693351735192062790e+01
1.696390163502196202e+01
1.808976935980966161e+01
1.830600722824232207e+01
1.719790098415704449e+01
1.314093312830550886e+01
1.116565471021099043e+01
1.420637009632170766e+01
1.561899879303469518e+01
1.666250237289339964e+01
1.296997913982980144e+01
8.266395201869062959e+00
1.085399128532808533e+01
7.611332238277455531e+00
1.079594528109133833e+01
1.481439540757439843e+01
8.693348086124091267e+00
9.494461056877401717e+00
7.739063653051154290e+00
1.477978854325888847e+01
1.544955962018768680e+01
1.749002158708903920e+01
1.937121107659260844e+01
1.831126606520903621e+01
2.078979114579828646e+01
2.024347376789852149e+01
2.119197916960029460e+01
2.019138283425682090e+01
1.906289389841618132e+01
1.900940969307131212e+01
1.938296389661810792e+01
1.916965111189960069e+01
1.875874454330530483e+01
1.858054617860338453e+01
1.884906886014275784e+01
1.799869617191765414e+01
1.735027522959288149e+01
1.576818596235854386e+01
1.721506434851007583e+01
1.717396866359033325e+01
1.739973358117869395e+01
1.738774040277989741e+01
1.375471461906803583e+01
1.668269270063089493e+01
1.567005795053225192e+01
1.363623547236243638e+01
1.358284176394697518e+01
1.302811634189960799e+01
1.885647735635352262e+01
2.114064019914028947e+01
1.999580055449313321e+01
1.915093883680937736e+01
2.037195528887146878e+01
2.103675326488580311e+01
2.126771981628666097e+01
2.174443332967253539e+01
2.064277309554621809e+01
1.961898378331365222e+01
1.778578992855706176e+01
1.899566059724643452e+01
2.050828183175990915e+01
1.873253308332502343e+01
1.570357028802238020e+01
1.557593123447636430e+01
1.834676077266727034e+01
1.714885921826265403e+01
1.925052222727843443e+01
1.779867441969431141e+01
1.964192137556324269e+01
2.047361721033970738e+01
2.238162974199915567e+01
2.090420711736063453e+01
1.856026369195929249e+01
1.959415503164327532e+01
1.670725993209362770e+01
1.640064637609078346e+01
1.616332853756861709e+01
1.595578042457696455e+01
1.739285169651938645e+01
1.669372812429070407e+01
1.462747784012325170e+01
1.525993090092378424e+01
1.627261595955211604e+01
1.522969119506952751e+01
1.537950860203503467e+01
1.902861838010242934e+01
1.720920050222020237e+01
1.799064337173286532e+01
1.946065649221734617e+01
2.023501911252146357e+01
2.179153815700928121e+01
2.180666880727260448e+01
1.947305556388949555e+01
2.177813836743361620e+01
2.170060904349593045e+01
2.173136166445118533e+01
2.179703784992518223e+01
2.245873410544108850e+01
2.178460382488195535e+01
2.195111558361834625e+01
2.110025751147247774e+01
2.024581056345027363e+01
2.090909790216632302e+01
2.199411847864741887e+01
2.164854916427487197e+01
2.211292056314503895e+01
2.021863179365951524e+01
1.801777403419263734e+01
1.741080631701146331e+01
1.741054256639510101e+01
1.755287273265859938e+01
1.909841421840657816e+01
1.936184619710918753e+01
1.685087246095792324e+01
1.462824093048267571e+01
1.216777390337373710e+01
1.307171896266324396e+01
1.486320045915910093e+01
1.674119584329273636e+01
1.268392998618487510e+01
1.612666524105783594e+01
1.187476839828209307e+01
1.407960791419139213e+01
1.241480580351979768e+01
1.309703064120982674e+01
1.404067827556842829e+01
1.491059234831785041e+01
1.319221657023046212e+01
1.328759130909197594e+01
1.341702388855187777e+01
1.396052727092267354e+01
1.634669952494114042e+01
1.532797094517594161e+01
1.512967531770062024e+01
1.612255082830099084e+01
1.571588625354196722e+01
1.451227205514251395e+01
1.454053244311611692e+01
1.443709585068825518e+01
1.304801397663361939e+01
1.499511167199581863e+01
1.579875731780012416e+01
1.824125526220410620e+01
1.762058900719014432e+01
1.621573053215371729e+01
1.733400364502890412e+01
1.819873611955081927e+01
1.735434620050999754e+01
1.760394802179304463e+01
1.753408120613462629e+01
1.661991365731982739e+01
1.743035320267703625e+01
1.747670470469019222e+01
1.678968183191149421e+01
1.641058392147146705e+01
1.694362857134199984e+01
1.581089726877797474e+01
1.474204209132975052e+01
1.658946793423573496e+01
1.614196790765904410e+01
1.555695694320005984e+01
1.546545197845080111e+01
1.532294002272390721e+01
1.146904773185872273e+01
1.115225627721833845e+01
1.113646223194765206e+01
1.240559327090315023e+01
1.243758957527987619e+01
1.347698969165212368e+01
1.537538969526641530e+01
1.297944823526090019e+01
1.404458540112105247e+01
1.250555716301381182e+01
1.591837202629875669e+01
1.730100880149673515e+01
1.563055121273544756e+01
1.858870454136735972e+01
2.134988795678121676e+01
2.046339162235584652e+01
1.952309305778857507e+01
2.172850955655025729e+01
2.099136170481319041e+01
2.018332448380810362e+01
1.983874342036118676e+01
1.835909962152140906e+01
1.784247131935704189e+01
2.099844337589324539e+01
2.079362240321043487e+01
2.259370525146254138e+01
2.275681668658780055e+01
2.337179680559491146e+01
2.264765258170553963e+01
2.227943013184280829e+01
2.255910965169292126e+01
2.165115469427778905e+01
2.073604366148582656e+01
2.053392177697063303e+01
2.048425932804924088e+01
2.069239584011154420e+01
1.801950787802107357e+01
1.358140967428878909e+01
1.372649461916548752e+01
1.506809913333305673e+01
1.336061680189529355e+01
1.549038296603000298e+01
1.546845219758830225e+01
1.549951020686331127e+01
1.851745881421743434e+01
1.750169359895448906e+01
1.555825614391811484e+01
1.631911785385268843e+01
1.627273105801910447e+01
1.270671648452709235e+01
1.486939311659928542e+01
1.630277193155855997e+01
1.869598575654166339e+01
1.862862288969573044e+01
1.802679361119288615e+01
1.747815220065235309e+01
1.557290886127897345e+01
1.584245189663221076e+01
1.621356828469536282e+01
1.595857884858961562e+01
1.556867166977753669e+01
1.529560392594891738e+01
1.659505940917364697e+01
1.271638998173926893e+01
7.727490121127126521e+00
9.495407892825323160e+00
9.376551008613718707e+00
1.496542519429082674e+01
1.172367527980846269e+01
7.871965292810113368e+00
1.658610947889579279e+01
1.849742165634338420e+01
1.978380369423333818e+01
2.020631818577831496e+01
2.026881825655817693e+01
1.960731716808041369e+01
1.856312552738476285e+01
1.936885975157998629e+01
1.630541438212231853e+01
1.868915818601307421e+01
1.868991251387603114e+01
2.059378780138666087e+01
1.924315519897031379e+01
1.857530058700827524e+01
1.943286642458894420e+01
1.864194746967613980e+01
1.649223277966082435e+01
1.848310215679443758e+01
1.951303881341530300e+01
1.806116848027704691e+01
1.832485097033225685e+01
1.658426187781236649e+01
1.645926209659359429e+01
1.551042935655289767e+01
1.508947792176208935e+01
1.293207835606164124e+01
1.356103215293072140e+01
1.286000884050423920e+01
7.908800566739079940e+00
6.297558077221823147e+00
1.008313621389870107e+01
1.359060714830773442e+01
1.503689174113459082e+01
1.411754690011926527e+01
1.307987706425464225e+01
1.059207960299730544e+01
8.196417358338642600e+00
4.685659834657168510e+00
5.618367325037951332e+00
8.829729505883996410e+00
1.055457957523113066e+01
6.302900009013706395e+00
1.178971337556782295e+01
7.281249197583026245e+00
6.418632054830039735e+00
1.338339130168300350e+01
1.226370398772324322e+01
1.175275126877760634e+01
1.041386815567489954e+01
9.130622987381403988e+00
8.122301313113835519e+00
1.110006504441152586e+01
1.064175242023575407e+01
9.117053479767173840e+00
1.535367741462069802e+01
1.458806883842878577e+01
1.860654782980564192e+01
1.864583076676132123e+01
1.980222071426831576e+01
1.884286516560256786e+01
1.746202643665462162e+01
1.893624952617626178e+01
2.018766636169638673e+01
2.049157057740517374e+01
2.020439211659802226e+01
1.646726000076404262e+01
1.756568474040761174e+01
1.898457234471101884e+01
1.913185483547430721e+01
1.985548158276050046e+01
1.995131326446079356e+01
2.015939789323722664e+01
2.019213348706843902e+01
2.045167864444447048e+01
2.011649849262486356e+01
2.045473213402904022e+01
1.864027834984363707e+01
1.783823658906353060e+01
1.836098498217895170e+01
1.620514734251705491e+01
1.527349776598110509e+01
1.205322495903066127e+01
1.174927960842436647e+01
1.290282886767318971e+01
1.178885340006046079e+01
9.048030540265649790e+00
1.078213513422397796e+01
1.293887229148458928e+01
8.917152579899848774e+00
8.711836713098829676e+00
1.188030298081237746e+01
1.061904481879432538e+01
1.048886946836714884e+01
9.645996904582117892e+00
7.630441746104871470e+00
1.435559425130441724e+01
1.278948323362133621e+01
1.646131384844014889e+01
1.608337083958859637e+01
1.398423618347637998e+01
1.265484568460561299e+01
1.291155367851478708e+01
1.249027549202358500e+01
1.295599033028570801e+01
1.147431407780701029e+01
1.436987351119782019e+01
9.308307527107038126e+00
1.035339235684137194e+01
1.412906097505693737e+01
1.327243794170060909e+01
1.364159845211457522e+01
1.514949736391935353e+01
1.655507551533412425e+01
1.847182123457185199e+01
1.777275991063740435e+01
1.844326105586986131e+01
2.018595959396641248e+01
2.045265333697855326e+01
2.017356385921640438e+01
2.078649327375242706e+01
1.802129834998316227e+01
1.661427624214754672e+01
1.404932122771705849e+01
1.503857056702492301e+01
1.387476848525988871e+01
1.327437524887534259e+01
1.643966309088661149e+01
1.863240904225047956e+01
1.835919301281169780e+01
1.795264906069638755e+01
1.770405839621436428e+01
1.787864047525253142e+01
1.872649666937521218e+01
1.786317114842991316e+01
1.837124146476601894e+01
1.707216436028427609e+01
1.724175857503028197e+01
1.653965341120570542e+01
1.714391732750878816e+01
1.724991504413415555e+01
1.728094722977056819e+01
1.637741163305683401e+01
1.351684980995892005e+01
1.343455688601044429e+01
1.445420305911563297e+01
1.424230497856949995e+01
1.649334633016361806e+01
1.823934655602861810e+01
1.722642842073643976e+01
1.618460622212314703e+01
1.824711133246293215e+01
1.882565395572158096e+01
1.846564583920990898e+01
1.934923471290472463e+01
1.915250331775195747e+01
1.897698652498154104e+01
1.785217428002689388e+01
1.901675560599959880e+01
1.721111157352072851e+01
1.311288109917046540e+01
1.387363068386983400e+01
1.244079454712569444e+01
1.526705177949125591e+01
1.502939009452376595e+01
1.283821973415756901e+01
1.148782224582934575e+01
9.776538195992060309e+00
9.607089029974927641e+00
9.913660727877804391e+00
1.009914208200459740e+01
1.143416778306022685e+01
7.829774923345695470e+00
9.849330139944923346e+00
1.134166368163102234e+01
1.213727773556982825e+01
1.387283062139813694e+01
1.340274978170685038e+01
1.217017359065082793e+01
1.206504750992405128e+01
1.559671701146026734e+01
1.655099996848420929e+01
1.836055682269978107e+01
1.568022894898149033e+01
1.500594239960423693e+01
1.464648031705368680e+01
1.062888829303867233e+01
1.155811622819457085e+01
1.460072505544862054e+01
1.276154013611398952e+01
1.372645987181147476e+01
1.851482189337766471e+01
2.082423241048836715e+01
2.143969826158476977e+01
2.231334140435431834e+01
2.204991893218183563e+01
2.074825446041943522e+01
2.159343327406610058e+01
2.137235035322235888e+01
1.948983176629952396e+01
2.174055723387613881e+01
2.081244607994465667e+01
2.050426675316620262e+01
2.115494825727926553e+01
2.144302877355655923e+01
2.277048323605069058e+01
2.033241853727842496e+01
2.070665083884484758e+01
2.151893335518456496e+01
2.169217069149464905e+01
2.138131534543638779e+01
2.128067502971078184e+01
2.133993831915620376e+01
2.211277512292137004e+01
2.204130527228677749e+01
2.257242039732983230e+01
2.107592318858635139e+01
2.048623424387768921e+01
2.099206471568926347e+01
2.023600601917616615e+01
2.098651388211116853e+01
2.177999288833242275e+01
2.198259223815505337e+01
2.017142781322583645e+01
1.656660371283716415e+01
1.755153073399657515e+01
1.420134341234152586e+01
1.382679560409107822e+01
1.431877385551922544e+01
1.677029602115386808e+01
2.003018079115521743e+01
2.021741773417234711e+01
1.894136874327357134e+01
2.002585551544614617e+01
1.963234964920390979e+01
1.937287058662202810e+01
1.819587510947584263e+01
1.807755662023961563e+01
1.897104211527184958e+01
1.914567542740307715e+01
2.055432117085900501e+01
2.037568686594028122e+01
2.066246824510894342e+01
1.753821386372185742e+01
1.591496641946813639e+01
1.616170651404051384e+01
1.689939245705511439e+01
1.729568232291869734e+01
1.691789448372692917e+01
1.801898894369741200e+01
1.911450043389655562e+01
1.777584180361649402e+01
1.772168553154766713e+01
1.633106830249396424e+01
1.676948767596787704e+01
1.847079632727124121e+01
1.731836708967079375e+01
1.551264474886279565e+01
1.288732269824444110e+01
1.372193233416637348e+01
1.345353950480951788e+01
1.378891510708530710e+01
1.293608614922002431e+01
1.376611799086114196e+01
1.322515383699733249e+01
1.235561435129579522e+01
1.487873818422126604e+01
1.690173667368166832e+01
1.894471409083829627e+01
1.731823659431580253e+01
2.026395395000065491e+01
2.126757615711148475e+01
2.249096274038808474e+01
2.187733112455228834e+01
2.193790813633729897e+01
2.141338282774025714e+01
2.163785627031583658e+01
2.073209642271044828e+01
2.108325976705310723e+01
2.162704295648695307e+01
1.999578355533540019e+01
1.595697487235779199e+01
1.880380085423344028e+01
1.778788432582116741e+01
1.883387698923274201e+01
1.211112637062132968e+01
1.372974749567009489e+01
1.031846668758005592e+01
1.096569857336645626e+01
5.223476127515590761e+00
7.404643861267543592e+00
8.087966283951750768e+00
9.146487125305506893e+00
7.554757265752383155e+00
7.601650838873900362e+00
7.681207416257262999e+00
8.164961008502318762e+00
9.001397757965650115e+00
9.543644466518703240e+00
9.049004276065678809e+00
8.645726684783191729e+00
1.125303489986437810e+01
1.307070153046608141e+01
1.368478480881278259e+01
1.357157951295064535e+01
1.730087552215669433e+01
1.684697901700272382e+01
1.541543403690005754e+01
1.426490602574893884e+01
1.561096657022325296e+01
1.535284228859385891e+01
1.583486345987451571e+01
1.512308920286730896e+01
1.636001465783827413e+01
1.570619119879697223e+01
1.555502152557234297e+01
1.827576326468711798e+01
2.152320881859325397e+01
2.050669044988319811e+01
1.786546791316804672e+01
1.443041759668349755e+01
1.091400798847928222e+01
9.140498760955845015e+00
8.854446703244994055e+00
9.775587189908094388e+00
1.628991156764192283e+01
1.631825053464567432e+01
1.615668541740910769e+01
1.558737966561711552e+01
1.203069437375474848e+01
1.217613081701770739e+01
1.541282041392394397e+01
1.096735978644230336e+01
1.083791727025410090e+01
1.042568031121145111e+01
1.403149394431882868e+01
9.956689791813811752e+00
1.034641716739058381e+01
8.371943744792050168e+00
1.131610409598440725e+01
1.294411816782732139e+01
1.281795383144431000e+01
1.962946982253787809e+01
1.873451094452076404e+01
2.241607141072722698e+01
2.091252569090114477e+01
2.222925774845733571e+01
2.181052082102523570e+01
2.153199689750930901e+01
2.217139275979538837e+01
2.052635310205521080e+01
2.110452512843514228e+01
2.236003655057965744e+01
2.343830197902532575e+01
2.370620038461404278e+01
2.405313211472788026e+01
2.326560226922315877e+01
2.086582750590643798e+01
2.245864717405716959e+01
2.324716871884635339e+01
2.061893885822056660e+01
1.960344565008415785e+01
2.155783841704024795e+01
2.247502949008044126e+01
2.038300712368052459e+01
1.766156772996916402e+01
1.108787591874608935e+01
1.373584094478979978e+01
1.439856183650378441e+01
1.690216485444842931e+01
1.844534254683007291e+01
1.919191638401428435e+01
1.689534155692709305e+01
1.648291796095777784e+01
1.020276192287750128e+01
1.134271867978021575e+01
1.513392401628733097e+01
1.329147428414497867e+01
1.444917073382418238e+01
7.181376474528389231e+00
8.135543635673665008e+00
1.573570800849928908e+01
1.190695230150442185e+01
9.906202427009699107e+00
1.495651967833033957e+01
1.755142133265169591e+01
1.427599869336561156e+01
1.536722035720554658e+01
1.475652097454836920e+01
1.681347484105523904e+01
1.655851546581839884e+01
1.588765136660284583e+01
1.216346359653750042e+01
1.385555540968580246e+01
1.540317422991054386e+01
1.607924936405644445e+01
1.449414433655664958e+01
1.358266670659672570e+01
1.297100432531109782e+01
1.621805151078689988e+01
1.781144363373260120e+01
1.946266962164217063e+01
2.026055417140429782e+01
1.863937607408297481e+01
1.901649155267324076e+01
1.996014080244938427e+01
1.830933458478398634e+01
2.023958960142219965e+01
1.812799892866710039e+01
1.651731106743569910e+01
1.404993659723189303e+01
1.336792988457494857e+01
1.469569170668316360e+01
1.715292834552467127e+01
1.727868703909113179e+01
1.559674273902905917e+01
1.605658676064184931e+01
1.637457703052670510e+01
1.460242981862353240e+01
1.615481382465123517e+01
1.613805997550107207e+01
1.653843881253006387e+01
1.715668308152525512e+01
1.753548940567018732e+01
1.542959163575951109e+01
1.062836480148156859e+01
1.485905239475778927e+01
1.451470106444069330e+01
1.201270110604895436e+01
1.022377563610696605e+01
1.220263281255796528e+01
1.582817272347702264e+01
1.770614846950070387e+01
1.644445155964366734e+01
1.859206600331484083e+01
2.191011704219065592e+01
2.171173899460260515e+01
2.189036866330393138e+01
2.220252608652042881e+01
2.146747942683850496e+01
2.129641159213592516e+01
2.237451351765238883e+01
2.281539807001391296e+01
2.147267133666796468e+01
2.095947449787988504e+01
1.978830662660738327e+01
2.086665031430761630e+01
1.922023100266450868e+01
1.953878266440876033e+01
2.068487591687537375e+01
1.750997001323686675e+01
1.970981456435535151e+01
1.907537086928399361e+01
2.134408575795874441e+01
2.031684179235420373e+01
1.896856916579846697e+01
1.473995626970471307e+01
1.726369330870945618e+01
1.761495287258719245e+01
1.662669371841487376e+01
1.815965320599746136e+01
1.591470890982214392e+01
1.883518303508163427e+01
2.086407588909543875e+01
2.053428226423796943e+01
2.086837415989442590e+01
2.028280622556150092e+01
2.122079664814883770e+01
1.962177243635311541e+01
1.754349829032224051e+01
1.419435290371306557e+01
1.583471274571696163e+01
1.235790806176184375e+01
1.410573058851980122e+01
1.731427499531086411e+01
2.083284788180579739e+01
2.190028847774885890e+01
2.124592508026026039e+01
2.214041344154583513e+01
2.270162049838607032e+01
2.126504576779174016e+01
2.020191699004250196e+01
2.155117137113965953e+01
2.077273947298342804e+01
2.150355443734040861e+01
2.216370832917107592e+01
2.284368008271846051e+01
2.190133085140879032e+01
2.138207166549234017e+01
2.210316960663009311e+01
2.111158857411032841e+01
2.136048764368155872e+01
2.161526201538627490e+01
2.229756822052974741e+01
2.208197381458533926e+01
2.137289235308796975e+01
2.192871063344608729e+01
2.072416012818312581e+01
1.988113468427686215e+01
1.710909945091314910e+01
1.689570168569514408e+01
1.834227842303432254e+01
1.509560188965826732e+01
1.721186930940848825e+01
1.361278204265650338e+01
1.707941383381780298e+01
1.921669215869637881e+01
1.808222003304705083e+01
1.718855697761289392e+01
1.974172849326300039e+01
2.194281427868661538e+01
2.216983405882209013e+01
2.034453578710162702e+01
2.106539948682073771e+01
1.916865165146217365e+01
1.775398506041977953e+01
2.036515150510485128e+01
1.800716146015407659e+01
1.807527638742526221e+01
1.785113133305694078e+01
1.986178580719628783e+01
1.974073014738559806e+01
2.074599069038599808e+01
2.056696136062915059e+01
1.817755429713445636e+01
1.710382723854508313e+01
1.519849071027879184e+01
1.432603133804335371e+01
1.647698306816381120e+01
1.500743885558452106e+01
1.137613426284578999e+01
1.097484110039426497e+01
1.718557332253010017e+01
1.378506262983828989e+01
1.308750620129080389e+01
1.860884225028168260e+01
1.526191886027970668e+01
1.674548959747057353e+01
1.807902967796177052e+01
1.722490489702502359e+01
1.964228251261258151e+01
1.923582081321030302e+01
2.065801608896084218e+01
2.137744493441415372e+01
1.869249399070544015e+01
2.002241976005917579e+01
1.553087464562422149e+01
1.272042844467959100e+01
1.843821830248207760e+01
1.610821985433213754e+01
1.430745433776226250e+01
1.747901027226479798e+01
1.933165170844108971e+01
1.774688235183648288e+01
1.608507180069755549e+01
1.871739716090827343e+01
1.911943348770247653e+01
1.893538052921750037e+01
1.841964964977088925e+01
2.039495034007127572e+01
1.939338462732268908e+01
2.156237079503388543e+01
1.872986770884133989e+01
2.023543286260869323e+01
1.866979678664790399e+01
1.935800876210540267e+01
1.768629199772332683e+01
2.024453058452471765e+01
1.846109038433187166e+01
1.691496337267682293e+01
1.850784840255361985e+01
2.001682531398451204e+01
1.978004657479122130e+01
2.004917492062194384e+01
1.971231306562263086e+01
2.103109920403838018e+01
1.993908097008196734e+01
1.593780123720458519e+01
1.805487697756054644e+01
1.693293192111460854e+01
1.942235707849522441e+01
2.034609080583444296e+01
2.074377868575081862e+01
2.089053112005909796e+01
2.083243042719258398e+01
1.681922415069575649e+01
1.690477643752616288e+01
1.980174143207351989e+01
1.668479397506400375e+01
1.743519358159129951e+01
1.935566971963036309e+01
1.980613588861380592e+01
1.877021625223535040e+01
1.999993649249102035e+01
1.718336213389509126e+01
1.631103047013308682e+01
1.481941061963496509e+01
1.708296659244353322e+01
1.573965145665814447e+01
1.841090138435364665e+01
2.103668828325796269e+01
2.062074646174210457e+01
2.188822872203987302e+01
1.994219760994673862e+01
2.008135235771884552e+01
2.198164717840348459e+01
2.274683241304685666e+01
2.335513942393916764e+01
2.257154923850067263e+01
2.243065246517410216e+01
2.125575112769827157e+01
2.074376543067004519e+01
2.172665904003959625e+01
2.021967908613223130e+01
1.791232256513127297e+01
1.820495216245158332e+01
2.163129011949492764e+01
2.197932010219011190e+01
1.629593686168524513e+01
1.798779024917292801e+01
1.426817766421730482e+01
1.655970689005918572e+01
1.662705046137767795e+01
1.582007456151005442e+01
1.772930888049663167e+01
1.456244370147304856e+01
1.494015063498394191e+01
1.821927802511670436e+01
1.686093628498605312e+01
1.786849871072742246e+01
1.664649092785107953e+01
1.737762166566470512e+01
1.768993306810328647e+01
1.578104763461780280e+01
1.666496014662266134e+01
1.509607587919978222e+01
1.447080917999921468e+01
1.663098794220745447e+01
1.784930404073622157e+01
1.641856295838824309e+01
1.554005339890379389e+01
1.387956437632746010e+01
1.753959564916652880e+01
1.848911434639437346e+01
1.643490590032608267e+01
1.531580829465530869e+01
1.463920149670742887e+01
1.208143311762524519e+01
1.331454066756658250e+01
1.505954399677017541e+01
1.429778456150463661e+01
1.257575277774565414e+01
1.308650415963570168e+01
1.410573956298888731e+01
1.373960848320876948e+01
1.199157346317491246e+01
1.274618823031626924e+01
1.521660530021098090e+01
1.265312040466182175e+01
1.373064314566864219e+01
1.154924210226623416e+01
1.410670330281114282e+01
1.279289740021656918e+01
1.333315152315249819e+01
1.541846185362456723e+01
1.504268717002083733e+01
1.190888610979863493e+01
1.405445920485102107e+01
1.340316696550673825e+01
1.312362520626116691e+01
1.432312890334762656e+01
1.228255917198085179e+01
1.332444896347885432e+01
1.557909556435477327e+01
1.868565036435026627e+01
1.993502506657357287e+01
2.007979082501675094e+01
2.169881895476091671e+01
2.064780844111565017e+01
2.123531345602693676e+01
2.136374701954341404e+01
1.964862866959287402e+01
2.091422425362371484e+01
2.048752620523885071e+01
1.811930992157101983e+01
1.866844798792433480e+01
2.026190027814186223e+01
1.857097558279015814e+01
1.467305737889369865e+01
1.272323892705662374e+01
1.383759642907134690e+01
1.811530188159782995e+01
1.599427961133654641e+01
1.503317683285120765e+01
1.582879152041843795e+01
1.607623673257047159e+01
1.510282408111146424e+01
1.427013462013897005e+01
1.097089810198360738e+01
1.587785310881497658e+01
1.011849218905820891e+01
1.803476982728836475e+01
2.066160863849303553e+01
1.769484642388857765e+01
2.264316864322471901e+01
2.141093526607277653e+01
2.192167175947012225e+01
2.337510183596968361e+01
2.324277547697714752e+01
2.366998757188408575e+01
2.299816533888211723e+01
2.345042766279375712e+01
2.225054779520326065e+01
2.187927755364471238e+01
1.963687686105956942e+01
1.960692776813479554e+01
2.074433176646068944e+01
2.244824815193687684e+01
2.186370059500681862e+01
2.013789747871204128e+01
1.821091678609275988e+01
2.088145021026150872e+01
1.900873671899325856e+01
1.137520759117485447e+01
1.560382315647343709e+01
9.709415024968679475e+00
1.564226894165492432e+01
1.822443321052223197e+01
1.850782449309523869e+01
1.526384872525190950e+01
1.438272349451074028e+01
1.749375507380027983e+01
1.905337247694806635e+01
1.872486364402790571e+01
1.814814539688075001e+01
1.911528810416568547e+01
1.854458745152584953e+01
1.863552757177263786e+01
1.931890220031266736e+01
1.373936000391388568e+01
1.309029247772678062e+01
1.016813497359822449e+01
1.297582907709028888e+01
1.914730140014511051e+01
2.202064672220402031e+01
2.180296909015152806e+01
2.279706353110646688e+01
2.201587270905109861e+01
2.252587135642409066e+01
2.108384738031787364e+01
2.180334208875539304e+01
2.137804519124320279e+01
2.204841260279729909e+01
2.175895005718126995e+01
2.181072906756426377e+01
1.909914243950336754e+01
2.125283626679353333e+01
1.746585524713055904e+01
1.417707081177136530e+01
5.801335783287456138e+00
7.699183297780018975e+00
4.543460125038956576e+00
5.470196012262973362e+00
8.534399342109722397e+00
1.254659702276593514e+01
1.428121610853752266e+01
1.407308689548593250e+01
1.393183467855392088e+01
1.425778086937103062e+01
1.390675986453524260e+01
1.672293148613803382e+01
1.549608382903666204e+01
1.798809233073804492e+01
1.746608530137822513e+01
1.848919160608456025e+01
1.877150971687820658e+01
1.956432751498019229e+01
2.013489071874967351e+01
2.019447139893680188e+01
1.702569010701996532e+01
1.641678674127853554e+01
1.223424801382548388e+01
8.045874320286680259e+00
1.404815038822706974e+01
1.297976781089541731e+01
1.176792307674663007e+01
1.067343951191211104e+01
1.398918303338509617e+01
1.634982504405083148e+01
1.328979271657337868e+01
1.627669213954117566e+01
1.578272005569964342e+01
1.624982732635275084e+01
1.432812748282487014e+01
1.378449959189361351e+01
1.346729154839199438e+01
1.498297015032052037e+01
1.587459842685670530e+01
1.383667718322182871e+01
1.764818830942319394e+01
1.603244179899011002e+01
1.716693731465230144e+01
1.766469830544935604e+01
1.795010041434089132e+01
1.673231060779465196e+01
1.405419232711548894e+01
1.603782588462107839e+01
1.612471955497141352e+01
1.714937274961174651e+01
1.609753106405094414e+01
1.483477419111991935e+01
1.476761603888790475e+01
1.375598849430021531e+01
1.367234706736260641e+01
1.576820582818805860e+01
1.597009322571002343e+01
1.555711505013416485e+01
1.631372228936688273e+01
1.413074219081723015e+01
1.430307998001831038e+01
1.527280321175403444e+01
1.648853344508767549e+01
1.321588617856022729e+01
1.474839566972044658e+01
1.549575194492149244e+01
1.584362704961630541e+01
1.576058672428675322e+01
1.364005811147362479e+01
1.364735559965002132e+01
1.072799445931400442e+01
8.010952727193306089e+00
1.105128144609494001e+01
4.892481414141408358e+00
8.099183904228416608e+00
1.060718942940424903e+01
1.366685760773822267e+01
1.193127027198210577e+01
1.263827796116629543e+01
1.483284368651668572e+01
1.203253264915276688e+01
9.574818810161026761e+00
1.029207230113433802e+01
1.329955910250720663e+01
1.254777302934157746e+01
1.525774644200133423e+01
1.944966760010434825e+01
1.993664481472283612e+01
2.001423634398916107e+01
2.081338116967428320e+01
2.068845362514023734e+01
2.070282172577424262e+01
2.064805691896484774e+01
1.962877418442707977e+01
1.886210609543903871e+01
1.919122263598416112e+01
1.684806625594098506e+01
1.592542046608545903e+01
1.502161153018049333e+01
1.664801978386891079e+01
1.477809200540102275e+01
1.541098281202332210e+01
1.324853568833112938e+01
1.371128093236763235e+01
1.306550192207170902e+01
1.569511233164601727e+01
1.290355964086138485e+01
1.393261987183591444e+01
1.707971703970657629e+01
1.655522301815510744e+01
1.536985791779150468e+01
1.576692438771475224e+01
1.668692792112621603e+01
1.713503199846074310e+01
1.747787951858263966e+01
1.599886627128949712e+01
1.731989345991702223e+01
1.666690018185476418e+01
1.806479692202822918e+01
1.694686368324569514e+01
1.563839287152777580e+01
1.378657792832138185e+01
1.608089466073377238e+01
1.732377678959472433e+01
1.965288948907926425e+01
1.875822394663362047e+01
1.863535048736510902e+01
1.999301100171144085e+01
1.944820515667371907e+01
1.800450403474262373e+01
1.974286171632065745e+01
1.928431468417953809e+01
1.849676421233143486e+01
2.035675736547466386e+01
1.765454673977472666e+01
1.805945540894481383e+01
1.489245325003519937e+01
1.570858612018757583e+01
1.574990122079319832e+01
1.659675892870844649e+01
1.561225676871914558e+01
1.412633183932486425e+01
1.314339312445251373e+01
1.335189552758039788e+01
1.492513021292090336e+01
1.445475007020243119e+01
1.468245204547956817e+01
1.280005418161004371e+01
1.707866373471647847e+01
1.690638254321968148e+01
1.603347340840972635e+01
1.953659967351044102e+01
1.868598998145473900e+01
1.844186706928656605e+01
1.936758104121396684e+01
1.904509030225148791e+01
1.945536327967367995e+01
1.907356189965775073e+01
1.943152442465637364e+01
1.786213998018338245e+01
1.337507396135401905e+01
6.638867504132647035e+00
8.592712025374769524e+00
8.550683087692833695e+00
9.343600330596103731e+00
8.376109719544139409e+00
9.875658772967771171e+00
9.483709141786514252e+00
1.144666107815289813e+01
1.113203193298026683e+01
8.263734617061045284e+00
9.933141449473877671e+00
7.328098150355183193e+00
7.167283681216946256e+00
9.821155791922794975e+00
1.175553474161946355e+01
5.099759133707215675e+00
8.948734661967936432e+00
1.053843881601157939e+01
1.376583063166802390e+01
1.597728984867403668e+01
1.609775781467589439e+01
1.510539641843014103e+01
1.290209651268632740e+01
1.206334780199966872e+01
1.307473863020226013e+01
1.304667721016300064e+01
1.453506255432132299e+01
1.639888292035388773e+01
1.555753644124528989e+01
1.729344552313451899e+01
1.859782818984693975e+01
1.891478063100496243e+01
1.882524350488571585e+01
1.790020114881084723e+01
1.982277625017307798e+01
1.846969802779320702e+01
1.908377157090814080e+01
1.964478322840066227e+01
1.885787459751346518e+01
1.926873613755803660e+01
2.010324046516922181e+01
1.806851039795322222e+01
1.932412081219067446e+01
1.918339614442646024e+01
1.874578381138526950e+01
1.968824260429009598e+01
1.859311551619580882e+01
2.010701600379295684e+01
1.924884110718519636e+01
1.985264731550755002e+01
1.958055601241514410e+01
1.870995947391489622e+01
1.821197082990573080e+01
1.488361592167148473e+01
1.788720199460193072e+01
1.572636754213147903e+01
1.044852233468790104e+01
1.072547112178433615e+01
1.313766565622495541e+01
1.540131711325225083e+01
1.685992608742154530e+01
1.671444981867097823e+01
1.808871730112483789e+01
1.602947374601641428e+01
1.663817430047247825e+01
1.404397215072420124e+01
1.175687800945614114e+01
1.057594222448080501e+01
1.490152870686501174e+01
1.385750154332586348e+01
1.249192575824382878e+01
1.412388730150424010e+01
1.433620432075144002e+01
1.521788809234594098e+01
1.540197850382653044e+01
1.300758003949830588e+01
1.220344568873936453e+01
8.647905560916788303e+00
1.299454301515681109e+01
1.452534097394011958e+01
1.760095204018585235e+01
1.703753935152537835e+01
1.670911643960032222e+01
1.452523492698910168e+01
1.339983832114727136e+01
9.650119115512319823e+00
8.324328117121348569e+00
1.076023861827628814e+01
1.192443345564823964e+01
1.512295073716521010e+01
1.427563762261175206e+01
8.610410403527248846e+00
8.538896909242584599e+00
9.842712889230414319e+00
1.276032099471423820e+01
1.678815380865399831e+01
1.777002450455466587e+01
1.663025258286307917e+01
1.534067874449942792e+01
1.661151474356358548e+01
1.597760135861811470e+01
1.647402400150196655e+01
1.477955598218454192e+01
1.355577659669505763e+01
1.440748933854692559e+01
1.439152244535845426e+01
1.573399978061914695e+01
1.826357647038913967e+01
1.525337146505903618e+01
1.733681712256145602e+01
1.686232467904583388e+01
1.676212868851833449e+01
1.396881623601946742e+01
1.471416267049835191e+01
1.506491127517738704e+01
1.513154534054091549e+01
1.141252513371688160e+01
1.268771601228258206e+01
1.553300896028463640e+01
1.383704864563540582e+01
1.543752047519544845e+01
1.819469170568688199e+01
1.876825627710957534e+01
1.931354597595219502e+01
2.038248333860919814e+01
2.045400944722511127e+01
1.886631607350918927e+01
1.763245566512681961e+01
1.845844282168757644e+01
1.694358819256575188e+01
1.637902430461272019e+01
1.101980980360568196e+01
1.109475261589401462e+01
5.830474179253142708e+00
8.364328316069668645e+00
5.605196295197101719e+00
3.772481039264102165e+00
4.204995462862301636e+00
1.747163467467124143e+00
6.230864335700557533e+00
7.744219757015352812e+00
9.691698177569413986e+00
9.488410515910498333e+00
-9.426621966421566690e-01
1.162080573529591732e+01
1.015671567524128349e+01
1.323318043594040816e+01
1.246546518331904707e+01
1.241804523496131019e+01
1.534979613864468639e+01
1.406423053053229388e+01
1.305445825218708045e+01
1.117720216993180138e+01
1.153011122630367247e+01
1.435869383907177266e+01
1.478190990582729825e+01
1.596355566103804868e+01
1.666339617096247849e+01
1.548704603379379030e+01
1.379898271566928614e+01
1.450721366225538311e+01
1.419492671677083706e+01
1.452522989845603618e+01
1.531429273930194235e+01
1.502620408845745104e+01
1.532950362090325136e+01
1.452322165849968805e+01
1.695428517813477498e+01
1.767920019165463685e+01
1.579816852806241023e+01
1.715523760722258118e+01
1.583682816450716047e+01
6.364570837291952898e+01
6.413620627212506520e+01
6.438874353726336608e+01
6.410464610585216860e+01
6.355615028903847019e+01
6.340430502389359191e+01
6.365098279289622951e+01
6.375901423719281524e+01
6.350582518239274066e+01
6.341505709986704886e+01
6.358069440534219297e+01
6.381332775818621883e+01
6.368246536347997022e+01
6.377498201737537187e+01
6.365964672198364838e+01
6.375031572260943591e+01
6.388652484092295936e+01
6.373838031249270841e+01
6.395920002378066727e+01
6.351435899719687939e+01
6.276907823932913288e+01
6.341131582114261533e+01
6.431806423346617407e+01
6.456380096696902626e+01
6.376617966661888914e+01
6.304206541601789127e+01
6.285355754049646748e+01
6.360183376404908984e+01
6.414197881417790370e+01
6.436697824172054538e+01
6.416108998865679780e+01
6.337781863802557325e+01
6.276768817028455771e+01
6.299465921650106282e+01
6.402613638816379193e+01
6.461477334310815479e+01
6.431254745865618361e+01
6.351616595872690851e+01
6.252185114751532780e+01
6.302830378355566410e+01
6.370699505629691117e+01
6.405880658937631722e+01
6.420727435884147383e+01
6.403444732351441360e+01
6.391430841269567509e+01
6.358800344877280963e+01
6.293482846216393511e+01
6.239604537743432644e+01
6.294965120116315660e+01
6.385406989156548718e+01
6.469953556279330087e+01
6.477935188335918326e+01
6.406649340030449480e+01
6.263923469101483477e+01
6.205597470141643157e+01
6.295600221407499930e+01
6.445588517825112262e+01
6.479895857684144289e+01
6.443083436577961720e+01
6.365121499471047883e+01
6.324436429865821196e+01
6.303853967234539368e+01
6.314711106949454233e+01
6.325212531863500942e+01
6.399466201242199759e+01
6.465110928983656891e+01
6.457912089638509201e+01
6.384201557819868356e+01
6.279680683158211707e+01
6.273587154279928768e+01
6.364914428228351539e+01
6.421779772468700287e+01
6.424251161121124198e+01
6.403055818410075517e+01
6.353474520493766420e+01
6.351139222474909474e+01
6.348156588089550922e+01
6.353852736973495041e+01
6.378932723862255472e+01
6.393852979951064697e+01
6.390511847322991201e+01
6.389148785795602237e+01
6.375388264125106730e+01
6.380576130857200212e+01
6.346845105895397410e+01
6.322266531670336320e+01
6.339421329184996523e+01
6.420737865300024794e+01
6.431373544030137168e+01
6.434660229687546007e+01
6.370795783045107896e+01
6.321366255641623866e+01
6.323063956548273978e+01
6.377826600611928143e+01
6.450419261697456363e+01
6.463823448733683108e+01
6.412582595632576954e+01
6.357333657219872691e+01
6.324685863930856300e+01
6.338619583540819491e+01
6.396418839552619318e+01
6.450084651021130355e+01
6.440515629868703229e+01
6.292315537912383405e+00
7.672752835487976597e+00
1.098417234507985540e+01
1.139068393219446662e+01
1.067053771655138483e+01
1.508015602238979369e+01
1.462595008191570400e+01
1.420163272789158171e+01
1.477782154230178335e+01
1.645482935674550262e+01
1.642238162341992691e+01
1.653792033840972664e+01
1.208244440627920113e+01
1.035126798361336320e+01
3.129401402025236756e+00
4.811633142069502433e+00
1.046499789339420339e+01
1.010979794345571214e+01
7.397773030551917373e+00
1.294483398433546739e+01
1.299553931454617839e+01
1.187798571407633474e+01
1.274157339358621677e+01
1.219713438687213269e+01
7.569164219176966135e+00
8.183688703630304317e+00
1.406871125892160279e+01
1.604084778579704462e+01
1.317189649838014276e+01
1.407788029178447076e+01
7.532231949409241345e+00
8.967775024542419260e+00
1.356142784326921813e+01
1.389504153454227442e+01
1.355960624525172875e+01
9.103910046762814900e+00
8.049121827559158504e+00
1.500211021617378471e+01
1.676000651438107525e+01
1.659999178527313290e+01
1.648892428932519749e+01
1.671199046024790391e+01
1.655161886929191439e+01
1.670800966015718103e+01
1.526326122076470071e+01
1.323164847710122416e+01
1.013488422416269863e+01
1.216494993490981891e+01
1.250512177211180997e+01
8.855421314002565936e+00
4.138998627321873514e+00
6.875379413729123534e+00
7.309290358733548487e+00
7.397660322232544772e+00
6.139487410443399185e+00
1.106241237013292800e+00
5.656099748691719498e+00
1.051025877877692949e+01
1.302648416990795432e+01
1.164262382641254412e+01
1.010240285259518522e+01
1.309029559199427339e+01
1.289544859271033950e+01
1.264295834612054570e+01
1.299171395225494052e+01
1.060389847971752353e+01
5.459033170595360751e+00
1.307136993821644566e+01
1.399240908994035237e+01
1.409444571006658009e+01
1.320029117171999644e+01
1.372042853785767846e+01
1.352405885472239433e+01
1.421592617194361985e+01
1.425101185721613462e+01
1.156265144428610370e+01
4.979949620809759558e+00
8.598160837141763935e+00
8.036620285016546461e+00
1.085787054440826971e+01
1.240248627664042758e+01
1.124509698863961837e+01
1.619535734446989750e+01
1.664579499145731845e+01
1.496260463178793465e+01
1.686379695884664898e+01
1.135746551520518111e+01
6.889576632263461953e+00
1.028825536546932895e+01
1.188278216330970949e+01
1.123370221675402725e+01
4.309897134183645839e+00
1.345657016164406805e+01
1.326835123521803261e+01
1.644961136516308287e+01
1.626422725538935410e+01
1.640976030214444847e+01
1.520349120489159134e+01
7.870867402302462956e+00
7.888326291819121927e+00
8.362191349278841557e+00
8.193905272267670625e+00
8.037735823370262267e+00
9.534064706651969701e+00
9.333111348937833895e+00
6.439616965385271286e+00
8.256359651388686771e+00
1.558736880000139813e+01
1.572628903075589690e+01
1.407535371777838407e+01
1.482175551803101499e+01
1.565271265387396582e+01
1.463772673265614799e+01
1.498165301022903506e+01
1.457114454928988501e+01
1.323083487469039987e+01
1.124268788034260069e+01
1.373565406345944417e+01
1.277223900239667387e+01
1.340666441299577905e+01
1.146840086075282095e+01
8.913275073444918206e+00
9.422639976791680638e+00
1.028964982717697829e+01
1.239711677540530133e+01
1.190583263169037309e+01
8.965690929455318425e+00
1.352521871532800191e+01
1.722349301630537610e+01
1.642625579468124286e+01
1.671113013203899200e+01
1.682942068358679322e+01
1.546135506988371056e+01
1.516148417992192243e+01
1.176511069050583913e+01
7.567774077813495204e+00
5.458419032535026361e+00
4.546890646144571058e+00
1.258336172770797390e+01
8.861940830625448129e+00
7.673997448072825911e+00
1.030331281349305783e+01
1.366800733926898204e+01
1.422125987294968574e+01
1.347070722875900195e+01
1.265052036617490216e+01
9.602642051978877547e+00
9.367607841734434615e+00
9.795067335684475296e+00
1.007002989907045176e+01
1.026461190758882225e+01
1.020625701556086895e+01
1.067074434116536175e+01
1.114642470530521479e+01
8.480788845272510201e+00
8.656395376142434372e+00
5.178811695622568045e+00
1.444787266209946353e+01
1.680490141289453732e+01
1.669233151337109433e+01
1.667398366233182117e+01
1.618755266365029755e+01
1.593013792691965946e+01
1.541226595503490415e+01
1.622003797999658659e+01
1.642967783984936858e+01
1.623626299280143570e+01
1.543641122667293963e+01
1.436618539908531744e+01
1.373750241729055510e+01
1.302882007675858489e+01
1.310836076895911617e+01
8.768247912029407232e+00
8.189259604524661285e+00
1.195850976290783407e+01
8.238602754995781652e+00
7.964916870894457546e+00
8.801711068578150332e+00
7.913765456950682342e+00
1.090040720313203693e+01
1.428858250730637991e+01
1.627486485833945551e+01
1.592710797696011582e+01
1.788669862891677553e+01
1.363349653840455922e+01
7.889876249183508605e+00
9.083162053061856867e+00
1.019404363616587439e+01
1.761766395748905367e+00
9.452410879634028262e+00
9.937721852692661173e+00
9.274556629167333810e+00
6.312126791943439841e+00
1.078576090959009370e+01
7.889759273911912452e+00
1.477989460232271135e+01
1.638192479818815173e+01
1.629453781105610233e+01
1.361140998130031576e+01
1.103261484444128904e+01
8.839956492494732032e+00
8.685840408867633755e+00
9.369400777034400107e+00
9.558133541740138739e+00
9.206144303206095003e+00
9.201200988537758363e+00
9.596934947166616325e+00
8.864045978665487269e+00
9.456812797282191596e+00
9.610057177381907678e+00
8.694733634958156543e+00
8.710926440020896777e+00
1.001354229778654314e+01
8.694757905780194918e+00
1.025096301615322858e+01
9.765421838902337726e+00
9.195083690740396776e+00
9.759109495386761424e+00
9.700424548390172319e+00
8.955689231274051920e+00
9.812525900864510930e+00
1.202929436704856414e+01
1.132809540485920508e+01
1.047287489476140010e+01
1.156089173999632358e+01
1.252975789128088557e+01
3.114045215521650700e+00
1.480641199105122752e+01
1.585300837273100782e+01
1.662192403317699529e+01
1.635377535344605704e+01
1.675168768098150096e+01
1.614282765102785078e+01
1.462115923997730604e+01
1.244201547738753355e+01
1.140412225948824698e+01
8.159823190645386859e+00
1.150609732804482377e+01
8.869533559655311095e+00
1.173740734930888152e+01
1.203414031852586952e+01
9.223352385494209216e+00
1.201053078202247093e+01
1.099443269276544655e+01
1.248894567740683215e+01
1.266684672160189429e+01
1.278498153599268150e+01
1.359630608824346609e+01
1.275158218005216604e+01
1.120185562754928199e+01
1.086896572119766091e+01
1.383375037441887123e+01
1.413035764272557770e+01
1.563931259971708521e+01
1.536602389702339089e+01
1.064058751686933491e+01
1.232716477389414855e+01
9.944432941854154606e+00
1.170296576518914478e+01
8.170953924999478701e+00
1.564258773115417789e+01
1.588768261506413637e+01
1.495042221489214107e+01
1.666758644036304560e+01
1.836972049490136172e+01
1.834692405855822983e+01
1.850777390047254300e+01
1.469797515892782869e+01
3.608055705059690865e+00
6.500067245260750859e+00
6.065607128414520766e+00
6.164318518359712229e+00
9.766423685896549856e+00
8.654543493339012628e+00
8.990321154524110625e+00
1.049638512392202827e+01
9.325110356271308021e+00
6.634080422805467947e+00
1.306509391603883685e+01
1.478531487737320660e+01
1.448245466612375409e+01
1.388099926963467468e+01
1.323943300053282535e+01
1.343487473401261667e+01
1.333054560402851507e+01
1.327659500818931626e+01
1.418277146192703064e+01
9.638445782701523967e+00
7.117173026986874262e+00
1.171988358379047135e+01
1.204235697265089122e+01
1.479499255081422326e+01
1.472132837634910985e+01
4.792059127498479398e+00
3.858985402509538254e+00
5.633946862884946505e+00
5.108657666561386534e+00
9.258374265235461920e+00
2.789611267427314800e+00
5.459027744987286823e+00
7.143141831036642131e+00
5.608535826820336467e+00
3.188375165161096536e+00
6.638440355097664280e+00
5.523460046028823456e+00
6.856930285131142000e+00
3.649587193017346465e+00
1.161702451709832040e+01
1.209286614983916941e+01
9.585260876915672412e+00
1.499596902365740725e+01
1.536716712413405617e+01
1.518791700387992094e+01
1.233783610513104634e+01
1.507572109462068433e+01
1.500403615113680900e+01
1.467100128075500898e+01
1.434750826296876447e+01
1.209472981873105546e+01
1.252857249920111649e+01
1.272949638994243848e+01
1.243342602738253966e+01
1.356159802529854375e+01
1.087912797328950454e+01
4.265979542379527700e+00
7.846270880890443777e+00
1.117107464994439248e+01
2.844797122993478311e+00
4.143887070746537837e+00
1.406854445917731056e+01
1.404490322948869263e+01
8.979141940977498848e+00
1.370722392191071215e+01
1.213147493036222890e+01
1.328412978029334290e+01
1.201800885727103463e+01
1.708435240054172155e+01
1.636262724653294143e+01
1.728527127287554066e+01
1.706303375276220180e+01
1.272495594888278703e+01
8.445839962346541441e+00
8.883228694668186876e+00
9.207909403305325924e+00
8.880642408127606302e+00
4.114960862254164908e+00
9.024603495963326338e+00
5.406428351220245787e+00
6.426846122732710498e+00
1.145560074514534854e+01
1.339455731806990357e+01
1.362507921753286055e+01
1.337101077435232099e+01
1.237806004446906982e+01
1.197851477472964277e+01
1.185908715737688368e+01
1.204252576486552151e+01
1.239591130126056306e+01
1.180843710515610567e+01
1.287164144947062283e+01
1.259741070321792122e+01
1.206143724895955671e+01
1.234464286634094421e+01
1.198500693252400850e+01
8.919436233367706635e+00
1.058897923978563149e+01
4.674893406404170726e+00
5.329494937901246843e+00
6.046664112014240366e+00
7.884577002803108137e+00
6.119634054044978733e+00
9.597746100856175744e+00
1.661627614629230365e+01
1.732943426672167675e+01
1.772477487987514522e+01
1.443936665089791838e+01
8.747838388464305837e+00
1.088748962392028474e+01
8.118906175633505029e+00
5.745443896235910231e+00
7.834596397801388612e+00
7.635833324941665445e+00
1.080637403485167169e+01
1.132638177502091281e+01
9.249460685649230740e+00
1.163642083723392950e+01
1.110960142054589639e+01
1.620296557283604244e+01
1.416692261454963386e+01
1.100687766855759619e+01
1.111434190758584251e+01
9.851376435106260487e+00
7.148821223687123805e+00
7.494356833792810590e+00
5.032743896046984133e+00
1.403300938304364109e+01
1.095165682302090993e+01
1.728248339719008442e+01
1.695322668780598363e+01
1.659999987846441982e+01
1.841753378952207498e+01
1.697343819447995728e+01
1.757717666463865669e+01
7.355560098944603276e+00
6.868923227901625239e+00
9.765215668550402128e+00
1.249240588404182972e+01
1.495860241656906453e+01
1.396288779244341427e+01
1.484004978452797019e+01
9.833737666791234844e+00
8.570285898365304078e+00
9.139710162981366182e+00
8.477763911252367279e+00
1.197085870923222473e+01
1.150439323640554967e+01
7.912567787773444827e+00
9.910521324914817853e+00
8.139226407681745101e+00
1.507608254194918729e+01
1.404109505326248453e+01
1.218749517620295819e+01
1.792509343944303168e+01
1.860012294236862118e+01
1.826696369691001109e+01
9.193483102012150354e+00
1.106134864766184656e+01
7.145798415927426817e+00
8.797290275324934683e+00
8.927890916594034110e+00
6.372644442003785770e+00
1.390658398398434414e+01
1.356804096301077678e+01
1.287566244160164963e+01
1.224740808372110834e+01
1.401167987154341610e+01
1.284798630010259046e+01
1.451424548215713273e+01
1.392472427213696129e+01
1.673344059813053875e+01
1.393144585396226987e+01
9.065007771541161219e+00
9.842560932838292587e+00
8.908367576655503939e+00
9.322183943387027938e+00
1.079293788481469107e+01
1.169848385254381640e+01
1.360389594946174441e+01
1.269308152386540200e+01
6.822319301062645280e+00
8.814668298037844352e+00
3.844955266010549266e+00
8.000592738893946176e+00
8.268536031723865420e+00
9.550572189103752052e+00
9.103351160178565493e+00
1.245798892928009849e+01
9.821731669172052648e+00
1.559783437792027527e+01
1.647670563836541291e+01
1.370635859935138257e+01
1.827773756995798493e+01
1.846086093435717856e+01
1.770943491263760805e+01
1.655742689637915532e+01
1.583900258067756894e+01
1.557812579387007013e+01
6.518515462325592758e+00
9.657530220299076262e+00
7.279326667236468040e+00
7.340830514296977860e+00
8.452810842159879101e+00
8.499926236286681203e+00
9.613285816280294327e+00
1.031603181696702443e+01
9.985994574381575006e+00
1.029506148767987739e+01
1.024871037279913466e+01
1.420266703789551954e+01
1.217869348537232455e+01
1.249636019826279743e+01
1.511304863092991724e+01
1.555561151525656705e+01
1.551865347672252149e+01
1.652253378589675847e+01
1.564789822777111361e+01
1.562947059733159705e+01
1.485040834704157042e+01
8.773454841841228813e+00
6.516714648711978697e+00
6.449014528865610885e+00
7.355787720600518220e+00
6.549991430426620909e+00
7.599478665989433779e+00
9.758182514737963942e+00
8.358777566506820023e+00
8.394808025979006771e+00
9.763604168918583071e+00
8.351844310744924726e+00
8.610002660090874116e+00
7.501925993496590728e+00
6.619715195340961422e+00
7.571616342448129089e+00
6.177403228898597831e+00
1.744224513380502728e+01
1.945936174820977982e+01
1.911962442831488218e+01
1.779953542575855607e+01
7.711729364174879642e+00
1.305592623412343123e+01
1.314757335112874159e+01
1.492251567620278507e+01
1.508002324863838695e+01
5.313491099607063006e+00
9.874853345133647764e+00
1.182850284514995032e+01
8.758139666805531576e+00
1.452548289482596644e+01
1.405663058771963847e+01
1.277862696206554105e+01
1.512933420336607071e+01
1.661520356201388537e+01
1.722324533254046131e+01
1.823675164688343742e+01
1.841614525666683022e+01
1.471868055284343058e+01
1.234873441481556355e+01
1.145213619974078334e+01
1.476383982506600567e+01
1.628135027012540093e+01
1.708455556637820294e+01
1.537569382909583560e+01
1.634972204360765602e+01
1.509472028923702780e+01
9.719398855532661585e+00
1.019720176374098131e+01
7.949054809561406643e+00
7.110509069699210372e+00
1.058086787651345340e+01
1.092308953678510974e+01
1.212242359615607867e+01
1.075180782745358243e+01
1.218145975924617552e+01
1.157927807729016578e+01
1.219020754998490830e+01
1.177390147704466195e+01
6.371374348412144784e+00
9.391941235603217919e+00
9.975287010676986199e+00
1.208630522023845622e+01
1.256223304111128769e+01
1.072055210844565920e+01
1.641995773816104531e+01
1.599331962353348047e+01
1.450896783739358398e+01
1.416453025163130164e+01
1.533620030636826925e+01
1.384602752249851321e+01
1.153258646810942167e+01
1.417976363731732903e+01
1.057270683657505117e+01
1.126860797905171907e+01
1.041906974661046448e+01
1.126104681345505121e+01
6.342054594347049878e+00
8.714489028000443227e+00
7.366012450333072614e+00
1.353516858150845259e+01
1.807841353915448934e+01
1.956433256443624202e+01
1.825144693465164281e+01
1.905965730484572518e+01
1.945610996862201603e+01
1.313262289765878776e+01
9.311306590597471455e+00
1.526356509266245887e+01
1.290107491396774542e+01
1.532127974318436792e+01
6.103862946467934592e+00
1.586847712064361460e+01
1.743519965783620052e+01
1.817560650781471310e+01
1.293384888111707554e+01
1.289539921476917783e+01
1.312973379470427027e+01
1.374081386363333834e+01
1.527728529497473176e+01
1.521058599065006689e+01
1.496205068477052791e+01
1.558465128553177159e+01
1.578347228128310142e+01
1.477091263800389065e+01
1.315970295422191860e+01
6.748849892191930877e+00
1.375194459960532356e+01
6.918872740602611593e+00
7.444447648464889156e+00
9.285463067496491973e+00
6.598506353752911835e+00
8.506991904536086224e+00
1.388901201589082035e+01
1.617499288330084894e+01
8.059808475912186410e+00
1.131056920699525747e+01
8.687968380894581344e+00
1.555533041444945397e+01
1.504791570775048548e+01
1.460990466271228705e+01
1.432537576671866120e+01
1.626516593327814775e+01
1.535971044261747664e+01
1.709255339938476581e+01
1.630240836117604175e+01
1.443174258368484786e+01
1.483524291046500210e+01
1.371611766090479989e+01
1.452779258292849107e+01
1.195973689312493349e+01
1.036756212799415877e+01
1.419471606147132903e+01
1.626189232057106082e+01
1.542432058209695711e+01
1.464145975907662311e+01
1.226156733624750217e+01
1.903598816230570634e+01
1.941780858703649315e+01
1.547415292335579196e+01
1.745876712923044494e+01
1.921191662913246034e+01
1.644250996066407211e+01
1.081393289194534368e+01
1.258955143996029946e+01
1.042406873257703737e+01
1.136737423943415592e+01
1.123367384985099982e+01
1.282094459490370220e+01
8.915236562150260724e+00
1.148732370847295847e+01
1.305213155659872548e+01
1.861290354809348813e+01
1.776376246808469972e+01
1.717471273731545978e+01
1.803320027129866787e+01
1.906800112780370071e+01
1.604221671570925523e+01
1.631303842511276159e+01
1.731318444446953464e+01
1.823829572368189034e+01
9.830883950470781230e+00
1.120033173523763814e+01
1.043225200585506052e+01
1.549004675645188200e+01
2.000658712214319479e+01
1.783807321591848449e+01
1.443870267161901211e+01
1.120484100852749521e+01
9.464188034848024955e+00
9.032158162733415097e+00
1.066355927464840825e+01
9.411539155074638785e+00
1.025541323600731580e+01
1.546770344711064382e+01
1.531808713551239975e+01
1.490264085506692027e+01
1.413226281746874236e+01
8.623689617725418088e+00
1.615548202288171709e+01
1.926255509653577747e+01
1.612290410055111067e+01
1.635019285370360720e+01
1.489327936914071948e+01
9.887813891525727428e+00
1.026018522859010318e+01
1.566854167355764282e+01
1.201487134908230736e+01
1.190238263956685572e+01
1.493764839001963551e+01
1.701428114276263415e+01
1.730978463108575127e+01
1.579806181306685531e+01
1.650635326089672716e+01
1.551592117178770813e+01
1.222269010653575094e+01
1.305495751232094648e+01
1.279484242944697137e+01
1.334635925670665202e+01
1.365177616820227158e+01
1.386911537769622527e+01
1.391997128642898041e+01
1.413037084768314600e+01
1.101239923860408965e+01
1.391443228179678826e+01
1.502215363179325536e+01
1.473736453740484009e+01
1.535209597911212320e+01
1.560342494230981814e+01
7.862219805310055598e+00
1.038738233071965844e+01
1.206484138933859285e+01
1.713510357143262652e+01
1.867617078998247848e+01
2.040501965071369384e+01
2.002718956490009106e+01
1.855243756477067052e+01
1.895050148309931259e+01
1.902529096008795761e+01
1.256460111100473576e+01
1.230932440175464748e+01
1.370743343404060255e+01
1.004868278980068652e+01
1.484817384419417152e+01
1.417997783115100319e+01
1.414035812631565747e+01
1.048401269163183969e+01
1.241330583530175247e+01
1.815134069056467325e+01
1.451723627668814309e+01
1.535928858566748900e+01
1.376757214501177273e+01
1.342051521636536116e+01
1.465799640788045366e+01
1.483401886450443641e+01
1.558210367870050739e+01
1.375846489863334199e+01
5.873069272251594697e+00
8.847187948334948260e+00
8.482319656250892237e+00
1.573878413894113848e+01
1.743633893826267567e+01
1.737291729090565795e+01
1.592938469901942611e+01
1.717540553155692606e+01
1.581516365590423945e+01
1.531155022340201910e+01
1.623297096715162979e+01
1.685310969977354034e+01
1.675372890320198849e+01
1.386334645824871004e+01
8.734800116708271389e+00
1.193067974878552207e+01
1.222134490677604113e+01
8.717344755518283250e+00
1.265679570342089377e+01
7.386345503808175117e+00
1.517163186111774031e+01
1.390643389829241450e+01
1.547995857034190514e+01
1.932149141457555785e+01
2.053586842679501245e+01
1.631280951695477199e+01
1.733571482286359711e+01
1.293905171889042016e+01
1.337352104385202267e+01
7.524184973235872320e+00
1.134194914353321160e+01
1.227490667815807690e+01
1.300632115829480462e+01
1.594968998632433532e+01
1.489186739300015105e+01
1.703598111172165375e+01
1.702725145140031771e+01
1.742329514532877255e+01
1.747408051685346919e+01
1.617562366729166712e+01
1.649226117586976770e+01
1.610082221230917199e+01
1.633560697410748475e+01
1.633512134511139990e+01
1.684922730205230579e+01
1.530127630849216303e+01
1.664548707229090141e+01
1.646705808537774729e+01
1.710414679070449750e+01
1.683641042155526080e+01
1.534611255127904350e+01
1.303230360428334578e+01
8.293246190029064380e+00
9.239085442783604663e+00
8.797353548467286899e+00
1.398362360830531870e+01
1.059556427142980084e+01
1.277543558652064348e+01
1.280268033353426382e+01
1.031386848774722154e+01
4.902215448524759545e+00
1.468239039361777998e+01
1.967587301870262095e+01
1.633607353271447948e+01
1.819772250901181465e+01
1.846007932466070400e+01
1.547684597722658850e+01
1.495990401286409011e+01
9.618036708628940445e+00
6.705539609778254473e+00
9.995590385996978355e+00
5.823610640761650359e+00
6.945375504454526450e+00
1.373512782874249893e+01
1.559827676127124363e+01
9.999466544784436195e+00
1.626983615649912807e+01
1.815234673536818022e+01
1.451942227587514189e+01
1.667693972269813329e+01
1.762030830149768335e+01
1.808473562537286483e+01
1.332601161773549947e+01
1.110298842078606896e+01
1.014600134919915853e+01
1.063343559049345011e+01
1.079234256312982509e+01
8.942577745644999965e+00
1.054785850448318918e+01
9.777206490919578386e+00
1.061158875072011298e+01
1.600561266323050091e+01
1.343099778830170266e+01
7.857861889231172015e+00
7.691387487842714421e+00
8.383362617211309598e+00
1.198050656316331697e+01
9.272564306264033718e+00
1.766612761506169349e+01
1.910852289235545598e+01
1.540571457745996753e+01
1.588521327746932243e+01
1.648544637923159684e+01
1.087044671369512550e+01
6.003561582424483234e+00
1.200739885320127875e+01
1.239905705322195750e+01
1.185573879751285808e+01
1.109993719553997060e+01
1.322226081776220852e+01
1.217117005736175805e+01
1.823054316318676626e+01
1.583644513508738250e+01
1.728384675884807820e+01
1.449227172068552250e+01
1.277627279180618558e+01
6.923610565019034269e+00
1.285581556876918086e+01
7.782362521749901063e+00
1.296794173038153630e+01
9.099725730151961400e+00
1.544326957688032564e+01
1.518404384737266000e+01
1.615787646361974694e+01
1.471680831175595472e+01
1.197540832490465057e+01
1.136795832000599660e+01
1.226079088980634602e+01
1.194522837053516895e+01
1.466630364770844075e+01
1.397412298234405981e+01
1.528991297087289425e+01
1.639669973874910980e+01
1.588186461889292644e+01
1.577747958922586946e+01
1.499919980508897410e+01
1.441174034747600885e+01
1.138006604138179867e+01
1.295617739778609590e+01
9.134650954060896666e+00
8.778686437451540314e+00
6.547461379571640094e+00
8.901640590821594756e+00
1.215978650586053966e+01
1.079705332419620945e+01
1.807379578530655806e+01
2.001685105473668358e+01
1.882190978800554504e+01
1.098439550029696399e+01
1.396218988140651440e+01
1.204822802728849496e+01
1.416269384082171356e+01
1.451393065208827871e+01
1.375775634575837003e+01
1.495643707196867922e+01
1.373960447222001591e+01
1.302305844670121182e+01
1.275584388242442202e+01
1.239616412619247221e+01
1.294753257999195029e+01
1.239736686708020663e+01
1.283167320942361123e+01
1.348472780042657249e+01
1.353219084668591599e+01
1.346349922141455657e+01
1.228969702460462088e+01
1.056368351711201825e+01
6.915012229925205922e+00
1.379098056390265903e+01
1.298837934919032655e+01
1.718004453681515642e+01
1.724374692037127943e+01
1.824112453125342626e+01
1.215211401927978230e+01
7.833345925291991918e+00
1.027799151584837212e+01
7.305025222588470868e+00
8.339343487261453802e+00
7.060669585077164356e+00
2.890557264681411276e+00
1.179103159437222459e+01
9.102068792341000858e+00
1.440794492460593546e+01
1.560297592932877819e+01
1.447145891136168672e+01
1.537921100654036266e+01
9.593731783677979408e+00
1.063805218672957054e+01
1.145798850861024398e+01
1.485258739475175460e+01
1.576291794446028760e+01
1.501020215043638117e+01
1.534251298386562645e+01
1.620507592792865381e+01
1.551694806606336030e+01
1.577938450148052674e+01
1.305959145816869515e+01
9.805955535270157952e+00
1.672985753981151547e+01
1.574120877224538617e+01
1.598107148523651588e+01
1.630945655030024000e+01
1.398115191582164485e+01
1.507784632831618943e+01
1.605993550712713969e+01
1.510698663811250242e+01
1.635580336323494421e+01
1.569716704897867565e+01
1.477490266111029982e+01
1.121289714947129035e+01
3.175169611207249165e+00
1.476538741971546287e+01
1.016192101582814900e+01
1.110762678411976445e+01
1.024937412626906763e+01
1.526606918593700613e+01
1.509921817576239889e+01
1.727413956538497786e+01
1.342714150266384721e+01
1.540149057339610295e+01
1.727029475186647645e+01
9.619706753091627149e+00
1.362888923061117552e+01
1.631448347898182405e+01
1.123079022885399780e+01
1.123566483313294029e+01
1.190578594578976457e+01
1.386990496408674645e+01
1.522182820429266492e+01
1.661038955943903872e+01
1.378489514367222490e+01
8.130712758602014034e+00
7.603563893051852318e+00
8.909604018398715297e+00
1.149759457024673992e+01
1.862152739501077292e+01
1.947405796947733947e+01
1.873397864060219575e+01
1.272115900469008132e+01
1.382681041995520843e+01
1.276925060093052622e+01
1.478970372056086013e+01
1.507980936855389942e+01
9.580292985928412719e+00
1.114749486942146639e+01
9.855061512031236148e+00
9.883516501160974244e+00
1.062476154385097260e+01
1.056720523800218103e+01
1.004609152863125843e+01
9.356706389052058981e+00
9.402642628866130892e+00
9.891634336380278114e+00
1.272570053615248220e+01
1.648790445459678011e+01
1.653844222564503497e+01
1.639842537691638213e+01
1.599616975547015940e+01
1.741987915448275359e+01
1.827388863548429043e+01
1.800032788496674030e+01
1.594223311204935811e+01
1.809220992313281329e+01
1.793933945632725369e+01
1.500953274989277553e+01
1.206263963467040412e+01
1.134373157454974290e+01
9.394545028523870300e+00
8.184942083525029943e+00
1.656262758077010133e+01
1.755594054923958325e+01
1.854969420883377396e+01
1.754503700689172518e+01
1.446968025278520464e+01
1.666129874968725844e+01
1.164068239100941682e+01
1.613907799087944994e+01
1.623237578526741132e+01
1.434361311242559900e+01
1.521881090664674829e+01
1.277186018272805867e+01
9.417173311187244877e+00
1.280285428179710294e+01
1.101045341833608404e+01
1.613201138711773552e+01
1.532264270616863477e+01
1.572848291424250888e+01
1.569442028831876712e+01
1.802317867455141354e+01
1.915675467769301221e+01
1.565004362566849139e+01
1.664289929690276892e+01
8.954610506714267615e+00
9.109676849370352159e+00
9.020220738474041156e+00
1.080818229176740530e+01
9.333384048124068855e+00
1.384541736678854207e+01
1.803038005593885273e+01
1.634013407391266526e+01
1.276427527013284546e+01
1.032893713669824898e+01
8.722869207129020808e+00
1.108570429949900316e+01
1.771297323017155634e+01
1.358243232382819699e+01
9.208989575827940754e+00
9.438714038729305145e+00
7.601986962282677673e+00
1.703944138129295283e+01
1.697379863608926698e+01
1.322952229066334695e+01
4.187917271358994498e+00
1.455535772849905740e+01
1.411356578870318401e+01
1.525082853758013179e+01
1.662846010157389998e+01
1.973828872354609487e+01
1.921961423549105064e+01
1.542622470600237250e+01
1.443383042418757611e+01
1.422291544808937225e+01
1.386008991116397304e+01
1.432406495106874011e+01
1.530528188415490831e+01
1.035219217110098633e+01
9.567649228531545091e+00
1.118866082583840793e+01
1.011888413685976218e+01
1.040355955476268868e+01
1.657772702776485829e+01
1.657173645511653604e+01
1.246563566406269352e+01
1.422534645778521423e+01
1.674773051554099368e+01
1.412048053213421817e+01
1.873516426879660557e+01
1.898977684190272797e+01
1.916620436222708079e+01
1.841552966262289459e+01
1.315730502021837722e+01
1.204973770172871639e+01
1.592932638555055647e+01
5.914535584196103812e+00
1.183978233314320505e+01
9.017197309452399168e+00
9.356867881762996220e+00
1.263533178333366358e+01
1.706152538485940084e+01
1.958969404287740801e+01
1.872049038974631685e+01
1.919913438422845431e+01
1.723288953782707011e+01
1.567664965561759516e+01
1.769975411008111621e+01
1.727577070291969363e+01
9.791343003712444926e+00
1.468170324554772321e+01
1.494733907088763303e+01
1.470357308623564663e+01
5.634160890821773293e+00
8.671678717411140269e+00
6.580833884784223820e+00
1.422513669787145218e+01
1.772547347666289852e+01
1.844281405655859984e+01
1.682821486421375212e+01
1.351541441387329812e+01
1.049774356077563908e+01
5.919138797669331709e+00
1.575555028540924241e+01
1.650889608271281972e+01
1.600940549789122613e+01
1.840754362981079950e+01
1.703527897142079794e+01
1.833005761926494515e+01
1.801281206141847591e+01
1.663405538484074242e+01
1.335610096237927635e+01
1.310936141677720279e+01
1.074015681583058068e+01
1.137951169100533377e+01
1.158753146668455791e+01
1.169304629602725676e+01
1.178255628009380729e+01
1.211206523708055371e+01
1.175771999083837827e+01
1.384812366127542660e+01
1.302093222842039033e+01
1.296122847027252689e+01
9.818871742738693342e+00
1.180178359234169250e+01
5.275385945707594892e+00
1.284629588944484802e+01
5.442428521538871244e+00
1.700739816037941310e+01
1.675705716270502776e+01
1.901720929781823344e+01
1.573780744600657933e+01
1.035093887085213638e+01
9.342097100509111129e+00
1.006989516342169466e+01
6.170096147411236132e+00
1.203465234204261236e+01
4.732001996959262158e+00
1.252643618329524955e+01
1.062834892477814996e+01
1.059611585061841055e+01
9.891125990407109825e+00
1.107761110753793510e+01
7.546792124498842291e+00
1.018856289828035067e+01
1.315670550996358479e+01
1.399720997410398482e+01
1.362620095068549730e+01
1.318457345974504236e+01
1.341502784219136402e+01
1.400415667059915670e+01
1.433508609069002127e+01
1.042152710693198081e+01
1.502911538042461004e+01
1.256490795328724630e+01
1.745953399108554294e+01
1.666062588318783710e+01
1.427091559846025604e+01
1.494466093063377521e+01
1.195474757640537966e+01
1.138153070219969365e+01
1.313426479195415197e+01
1.237391554723386378e+01
7.624563792611463775e+00
1.808219737521963921e+01
1.826783719386406091e+01
2.038249485369323821e+01
2.044883061366788723e+01
2.085690929050277731e+01
1.982197336670340704e+01
1.113075685686085592e+01
9.037697515080928667e+00
1.085342720059128396e+01
1.094214493242129294e+01
1.288569143004078832e+01
1.341832187027251067e+01
1.071746946441406401e+01
1.026716398209372727e+01
9.722279426882584730e+00
1.540055871582704405e+01
1.087983963321736347e+01
9.933783500164398816e+00
1.518145300960433275e+01
1.527844809893755773e+01
1.421867889251046435e+01
1.666440395632984206e+01
1.506736909158469295e+01
1.213984346084796506e+01
6.678660871953814748e+00
1.125777837848465879e+01
1.352784834227307265e+01
1.021965520058996546e+01
1.646581955466368186e+01
1.497615426460098753e+01
1.446764913794910079e+01
1.751496076451027761e+01
1.753156879585276329e+01
1.771754140860160476e+01
1.749756343241250178e+01
1.670892353617925608e+01
1.804574029796742707e+01
1.175685882306980901e+01
1.579593900394007733e+01
6.859110696878316205e+00
8.383134724967149509e+00
1.153615183449552362e+01
1.003847956699102539e+01
1.204652707214482810e+01
9.469864215168799504e+00
1.389018584958419211e+01
1.018400241416965812e+01
9.689145214174221366e+00
1.059523254932489067e+01
1.165377789193122560e+01
1.219813428552800261e+01
1.914940108157454901e+01
1.831860387658228717e+01
1.870719749991348024e+01
1.872222849474503192e+01
1.948748995884270840e+01
4.061407905572494315e+00
1.087867536883449837e+01
1.231982581421378953e+01
1.358034541759772296e+01
1.358993246480451589e+01
1.399619714232339440e+01
1.445308066608674658e+01
1.766933061386153980e+01
1.420432125261558198e+01
1.742520943414304924e+01
7.404913973600837807e+00
1.474746655338488743e+01
1.139537889642100943e+01
1.129231832155886472e+01
4.309385565904819693e+00
5.099338884091729085e+00
7.777154972694694024e+00
1.380954406987513750e+01
1.316444266094863025e+01
1.294212928132616369e+01
1.417373680475217412e+01
1.469727895277327434e+01
1.276503821900260860e+01
1.376970145662222755e+01
1.436862059913322831e+01
1.475962896966661653e+01
1.554230189537723739e+01
1.504610499754955200e+01
1.797339726327490794e+01
1.592623494454246114e+01
1.678452343070120278e+01
1.746403827850416235e+01
1.620970105255644711e+01
1.706405988567284737e+01
1.249005582238066836e+01
8.907333976558222233e+00
5.936096124558213560e+00
7.276272008526362356e+00
1.012186657084290609e+01
1.010012399058899391e+01
1.276695316965352767e+01
1.369314326732492582e+01
1.441732876962178445e+01
1.609717492373133041e+01
1.595400474233779775e+01
1.452448785185017144e+01
1.352661453526666691e+01
1.503374238534712504e+01
1.663860898005114919e+01
1.612687705740787436e+01
1.384981419064127373e+01
8.061422750214511268e+00
9.433908937111981530e+00
1.282413295982494539e+01
1.011730526005318964e+01
1.305834760561720742e+01
1.472036832794747774e+01
1.383566295216745523e+01
1.682277442496750908e+01
1.629417746840632120e+01
3.765481739617373869e+00
1.019941036525891320e+01
3.723569360979878340e+00
6.059572889077243119e+00
5.852011241344178494e+00
1.269212882356641003e+01
8.643890450537375258e+00
3.528151381173548984e+00
2.405822883682703139e+00
3.729288714517331460e+00
7.502864664584850907e+00
6.224254805426703285e+00
1.230721323767565778e+01
1.157767356335695297e+01
1.436958035920566701e+01
1.135969585688602912e+01
9.210358720453518444e+00
1.341891509228371504e+01
1.350745680075063504e+01
1.373531438938243454e+01
1.401543073482111623e+01
1.393531425337103791e+01
1.387833154717504414e+01
1.367464204076860490e+01
1.287229095836784509e+01
1.311397946883962895e+01
1.095516236333591564e+01
1.588817586154715755e+01
1.734627512222591506e+01
1.747701824344168031e+01
1.701931871073379909e+01
1.519304013799096076e+01
1.426586648371072030e+01
1.215135878592968233e+01
7.585848326084290605e+00
8.540489692930677279e+00
1.837634118225387070e+01
1.967088192734062346e+01
1.858277378976607253e+01
1.952091183149542886e+01
1.660613649582337104e+01
1.295208742366200738e+01
1.653883500664820261e+01
1.209769105573773018e+01
1.502778699427451237e+01
8.096038317279585783e+00
1.071151542578416382e+01
1.404577384872565737e+01
1.363146567334448278e+01
1.331526641564343549e+01
1.273308686748156227e+01
1.383521626741174870e+01
1.416450584907611443e+01
1.407250337519350403e+01
1.362666154568665888e+01
1.132821721534731196e+01
1.644584549596995160e+01
1.553316230989986124e+01
1.513233478612645655e+01
1.659226080036428996e+01
1.822169528367165725e+01
1.771193506313115051e+01
1.682111855287195468e+01
1.438973816980966269e+01
1.546184462504107060e+01
1.766967795097955474e+01
1.846904313288389687e+01
1.396543847393894211e+01
1.283015573468603066e+01
7.713210887011291206e+00
7.464852509156054694e+00
1.581621446034976408e+01
1.664826530175421127e+01
1.524853180746543657e+01
1.622169325446556698e+01
1.618040371637844999e+01
1.699600431185377047e+01
1.543757149563291264e+01
1.558620015730837949e+01
1.352627843545563024e+01
1.247879386328630247e+01
1.368899968014261148e+01
1.485799184378206306e+01
1.482985384796754857e+01
1.431076298830030424e+01
1.351155846909538560e+01
8.965924204626743332e+00
1.053189579174276602e+01
1.023448963349954255e+01
1.791650739098244927e+01
1.720735736033096686e+01
1.805326135833282564e+01
1.908468713638345093e+01
1.820862174528152266e+01
1.840957416129698743e+01
1.756346687317146404e+01
1.662676461797434158e+01
1.471151922635104192e+01
1.729725974565037205e+01
1.783707301251799038e+01
1.210114480373427170e+01
1.139892537395835070e+01
1.526439550296732683e+01
1.496855925744223548e+01
1.073744341178977812e+01
6.485643704110607644e+00
8.870568754490497199e+00
8.506461058601427538e+00
1.764753024181972663e+01
1.682587179963566371e+01
1.390138558139420155e+01
1.314425020845327374e+01
1.020350200629328441e+01
1.150277083205915929e+01
4.612965451372334158e+00
6.923586961469188061e+00
1.503143356461397850e+01
1.009000670906140762e+01
1.632787154897597759e+01
1.612549260723536904e+01
1.263289895546515496e+01
6.361520386990542342e+00
1.543563664708635841e+01
1.820085252510628493e+01
1.904812083538728018e+01
1.726753122548419128e+01
1.854553043169290305e+01
1.321795379824823691e+01
1.117575828788222836e+01
9.513540750885102426e+00
1.900104009500299185e+01
1.844732320099521417e+01
1.681060078622968135e+01
1.807723560543315600e+01
1.658393217317934187e+01
1.843200503770244580e+01
8.676697144466491096e+00
1.437742963416517306e+01
1.222993692337805882e+01
1.947468086246264107e+01
1.616556232248371927e+01
1.207603510374880074e+01
1.339241816290307696e+01
8.128732411823138548e+00
8.845340042009746995e+00
1.652004357192080874e+01
1.722680194973908385e+01
1.691732952767933540e+01
1.784604831781439671e+01
1.676163254207708775e+01
1.780315209142657196e+01
2.884179830856616000e+00
7.647477503635191631e+00
1.415123179796482944e+01
1.342981889270992468e+01
1.381309334228384245e+01
1.123008593676143185e+01
1.113714461793154697e+01
1.639055816725256420e+01
1.664647472750079160e+01
1.434916655700161314e+01
1.669986838905539983e+01
1.677407903038983150e+01
1.595259198794743760e+01
1.051305053530738221e+01
1.411413198857666096e+01
1.833252114770311891e+01
1.838976298004888577e+01
1.769309501174868871e+01
1.784561847837266058e+01
1.760338758632266476e+01
1.791503420965465310e+01
1.467273964213068815e+01
1.876878552251626431e+01
1.871208704949955148e+01
1.696684543119541289e+01
1.981728921707360058e+01
1.811014318049600647e+01
1.896044006731506926e+01
1.946629981583495805e+01
1.928502960523222498e+01
1.889980773735158692e+01
1.762979064752032698e+01
1.825818777057797604e+01
1.954193344557930700e+01
1.899043754662280747e+01
1.933492063864269994e+01
1.891186515909858912e+01
7.529734280934519575e+00
1.155623964037972229e+01
1.495565545965613197e+01
1.714594281389797104e+01
1.727745055660578899e+01
1.116617744133450785e+01
1.386660781590347824e+01
1.731199397688961028e+01
1.695893010290847513e+01
1.642056807276109964e+01
1.693060299976863448e+01
1.760845734708949806e+01
1.790179019411389660e+01
1.840185821479710526e+01
1.686362729473809807e+01
1.611422224483529675e+01
1.631370608690638591e+01
1.577389975759616192e+01
1.697790726323981048e+01
1.613578729328413530e+01
1.755780139678037344e+01
1.505572490096889737e+01
7.172673935474104923e+00
1.896107152129897599e+01
1.817453353759488266e+01
1.799415915612840422e+01
1.611776808666054706e+01
1.639021281939942654e+01
1.237669552709442833e+01
1.208107350004864422e+01
1.575902050986660541e+01
9.396942822128341533e+00
9.558696427799544537e+00
6.497644597215118445e+00
9.508523945498087215e+00
1.645958796565727766e+01
1.932395966798549125e+01
2.050444779629311043e+01
1.635547847609443295e+01
1.213212940873248158e+01
1.398374381320192938e+01
1.394105028526078094e+01
1.400229053246450661e+01
1.399492355362101925e+01
1.732820647137864256e+01
1.586430964561433221e+01
1.870283936479526687e+01
1.569620234230196942e+01
1.419447787312549103e+01
1.521031498877423793e+01
1.410935265563352026e+01
1.051580804263966584e+01
1.002811930271933427e+01
1.111809834515294071e+01
1.055431186601184734e+01
1.357695395835925467e+01
2.160722287921661433e+01
2.178088069804092441e+01
2.235767799158267977e+01
1.660598218205365839e+01
1.296412201858833768e+01
1.589509025944507670e+01
1.268314647983656585e+01
1.771966418086500639e+01
1.221278360944154606e+01
1.307883523925053737e+01
1.118600175668136920e+01
1.629033277588438722e+01
1.854375503433399075e+01
1.842501121328368541e+01
1.689560009441198218e+01
1.673735149511056974e+01
1.649737885401228610e+01
1.685385722631432515e+01
1.615615655996301925e+01
1.595182817088111271e+01
1.436822913189645234e+01
1.518712843200077955e+01
1.139010648070206067e+01
6.288877984662991416e+00
1.789075074528201270e+01
1.755701381814861506e+01
1.575415402682638977e+01
1.814773760712845885e+01
1.824305313135851847e+01
1.723751345157630510e+01
1.696583211701543803e+01
1.627346222900398942e+01
2.023879250837044097e+01
1.731120013185613615e+01
1.933075275539764348e+01
1.713058098935510287e+01
1.784947150800855908e+01
1.142595453994668020e+01
1.095686197061820089e+01
1.062934377064565439e+01
1.005052837575582991e+01
8.563602989807025168e+00
1.302420446915224161e+01
1.908661427266731181e+01
1.811558339514839489e+01
1.646274406924252887e+01
1.480493696544282400e+01
1.693451773257917736e+01
1.378582700258578697e+01
1.782791666671517206e+01
1.897495237068643448e+01
1.803323841163779306e+01
1.788751845816942776e+01
1.898147352794537923e+01
1.583422448267702443e+01
1.613199799737105167e+01
1.274699252113446413e+01
1.913068400297061089e+01
1.884394327887519438e+01
1.492690065314529591e+01
1.836775801345794079e+01
2.175700728675761297e+01
2.048203562072196249e+01
1.935823679462684055e+01
1.985460294566005501e+01
1.594346532291008423e+01
9.703288914889531824e+00
1.730154448133254519e+01
1.666598726612811987e+01
1.788538756831471588e+01
1.895859777046668171e+01
1.751401713587003428e+01
1.927657127797612091e+01
1.905375375037947094e+01
1.679538195821755764e+01
1.725023033010354112e+01
1.711555718750163635e+01
1.009818290594477119e+01
1.184799771757156073e+01
1.107671007380334061e+01
1.610575153877854859e+01
1.274168001294110120e+01
1.991257611579325371e+01
1.979175306510683541e+01
1.668824290243415476e+01
7.305496532763067208e+00
1.236837441296784412e+01
1.440533284573825057e+01
1.656708560303538746e+01
1.961762173895760597e+01
1.642732631152708933e+01
2.104284341639078804e+01
1.950522394297857787e+01
2.081617547606778373e+01
1.475361554148607013e+01
1.924265830172109304e+01
1.897416274993157614e+01
2.213615072963014541e+01
2.200043208063077316e+01
1.614624052780621355e+01
2.138686229698427610e+01
2.205803566817818862e+01
2.011717600103838777e+01
1.803690746838089254e+01
2.254199629572660157e+01
2.160842234883968160e+01
1.242616814175657503e+01
1.639855896132223023e+01
2.143617162577566404e+01
1.865064713639074867e+01
1.426537755602969426e+01
2.136833104799654137e+01
2.253749670070094879e+01
2.000064594405170482e+01
2.278235851007394430e+01
1.647946984409854565e+01
1.938029772177248944e+01
1.867850770977565844e+01
1.508224782610851733e+01
1.139093866732105376e+01
1.642632794471408886e+01
1.345843597392258673e+01
1.295974355445977722e+01
2.270301889536483486e+01
2.239277030643526345e+01
2.169086593771758942e+01
2.196436486202487259e+01
1.638879553831782232e+01
1.642679143410502718e+01
1.283740514753742801e+01
1.656651690526917164e+01
1.625362994848840970e+01
1.970073387743513038e+01
1.844433898768018310e+01
2.030272497225116979e+01
2.039670383651765562e+01
1.942852685518712619e+01
1.981356354619712690e+01
2.016033148405178110e+01
1.945965074799849504e+01
1.937639961754178941e+01
1.905963730335234274e+01
1.878035397998596778e+01
1.591502906722201693e+01
1.602349161526631249e+01
1.077182394293121703e+01
1.149459685422194255e+01
1.052670521600846953e+01
1.143037561784760747e+01
1.854015656037469029e+01
2.624148948987245689e+01
2.005925216697150759e+01
1.001451482226458722e+01
1.768795119817407979e+01
1.771642367180154665e+01
1.240604489227098206e+01
1.472492162729449916e+01
1.398391725717253387e+01
1.351818332736401729e+01
1.718126629374688363e+01
1.679146653717717896e+01
1.501713347006509025e+01
1.890022145312519086e+01
1.839580423704498813e+01
1.957675628856082994e+01
2.014997378652770266e+01
1.870921014356973089e+01
1.874737303064134153e+01
1.960177303700946538e+01
2.043819946139715071e+01
1.970460538526464234e+01
1.818079298340764183e+01
1.973468096249615300e+01
1.994077814955116423e+01
2.037923282301314742e+01
2.105127052877471527e+01
2.126347284314209674e+01
1.673066349820489407e+01
9.455098291838980984e+00
1.885358181490063600e+01
1.950570629719852889e+01
2.044244146252396277e+01
2.216109061596483798e+01
2.143169789605762787e+01
2.251706404861762678e+01
2.199298399934572501e+01
1.659114375879688197e+01
1.917552241079208386e+01
1.375768455907604881e+01
1.866055029676048704e+01
1.075596031593317292e+01
1.354612638577647488e+01
1.206577346761986291e+01
1.680255072468322908e+01
1.835430538901262310e+01
1.613342236189524215e+01
1.651207637873840284e+01
1.605912715566841698e+01
1.690453721026484146e+01
1.844286669896828101e+01
2.206656621716872380e+01
2.409452743129996222e+01
2.128550487065644603e+01
1.419911475213139163e+01
1.745917412970436189e+01
2.017924170608912959e+01
1.878898011701007320e+01
1.846135418620200142e+01
1.956583336030009335e+01
1.849956835109802356e+01
2.085755544459708588e+01
1.854687784591112987e+01
1.914815485909710091e+01
1.354353200035285809e+01
1.636576629811592554e+01
1.880843497868225356e+01
2.087720679171721372e+01
1.554668985951590265e+01
1.355939645180494146e+01
1.703025399653256855e+01
1.500122006974152811e+01
1.422326532908280683e+01
1.190667836943829982e+01
1.766961779494556595e+01
1.665454075221122565e+01
1.756614033547048237e+01
1.630958096289598913e+01
1.666877860452564164e+01
1.682566633087310493e+01
1.671223435216605679e+01
1.622091168199006006e+01
1.508437861909132138e+01
1.619602850957706508e+01
1.803714326885854291e+01
2.344090518267915613e+01
1.461628372943671827e+01
1.354341408473424835e+01
1.293849483480847162e+01
1.078988557242507085e+01
1.090516360319456091e+01
1.544257764769658081e+01
1.348952436370510988e+01
1.632763584751832298e+01
2.152001893934317422e+01
1.993112784118580194e+01
1.423712160801459703e+01
9.770431985344202985e+00
8.191880756333210556e+00
2.117733024715932544e+01
2.333753714992646522e+01
2.212301030744706054e+01
1.560218955799241058e+01
1.439740258317770838e+01
1.937925564355403907e+01
1.379534822298095165e+01
1.380904054400841119e+01
1.323171917124074426e+01
2.026371694359756859e+01
1.955486802343084207e+01
1.971434458637122589e+01
1.918135347743611518e+01
1.929698868091474750e+01
2.013201751830182218e+01
2.017022899041061024e+01
1.819439752270535848e+01
2.166994730139372294e+01
1.931717832395420587e+01
2.059964277558633938e+01
1.530636844224794402e+01
1.628454311925452913e+01
1.713753038960777531e+01
1.196259239690470011e+01
1.743496992589384931e+01
1.921837236253070103e+01
1.766840466965070533e+01
2.198560313360666640e+01
1.633758053595262183e+01
1.867675119746532530e+01
2.042710605237146382e+01
1.879578457471367159e+01
1.631988792844797942e+01
1.896483602404959257e+01
2.097163372501725220e+01
1.095355655347650270e+01
1.758013861745920892e+01
1.997804694982332308e+01
1.963492552649680789e+01
2.160002809218538999e+01
1.912407376197272768e+01
1.989462503890079148e+01
1.685707081073906721e+01
1.302425300854179113e+01
1.505148583619940972e+01
1.379372279526316802e+01
1.661905681961325953e+01
1.773683476478470666e+01
1.645559587540122948e+01
1.955759517804698788e+01
2.090774435521563390e+01
1.894771963119055158e+01
2.156196357630976479e+01
1.732414345577496917e+01
1.907508476122076502e+01
1.953407561763201983e+01
1.649759735389101323e+01
1.633974982007612908e+01
1.491883343055459044e+01
1.388179370402034962e+01
2.175053358175241058e+01
2.266761839082670349e+01
2.270398406589320217e+01
1.748857585170904372e+01
1.778896153294730453e+01
1.539387309083485356e+01
1.860482279357136193e+01
1.868550646219497935e+01
1.450411177858931033e+01
1.340841786892913667e+01
1.559168784324688062e+01
1.343559763823574826e+01
1.910937317845767325e+01
1.976685921574664917e+01
1.765623391430933253e+01
1.882966082511047290e+01
2.028657203290951472e+01
1.990268863280671852e+01
1.853582477119523730e+01
1.831787828917177663e+01
1.742002635978348835e+01
1.769001066996395721e+01
1.757995645855315914e+01
1.639332666416794737e+01
1.552287660511041878e+01
1.304263334712920219e+01
9.863911210426065779e+00
1.035794108032133209e+01
1.415535944183879913e+01
1.005269011349896502e+01
1.640552419213674540e+01
1.508642171535392151e+01
1.061773292879071917e+01
8.284488593324875083e+00
1.563616570568842334e+01
1.603372675792505220e+01
2.069260498867686238e+01
1.709448699114643233e+01
1.551680462047766085e+01
2.158080143003579821e+01
2.224566906617041440e+01
1.809636089528574487e+01
2.176190417949381839e+01
2.050811546852500200e+01
1.210886972807376161e+01
1.511469463882639808e+01
1.697175788207898250e+01
1.553966432569684386e+01
1.395520632845681952e+01
1.448556343705494065e+01
1.763784521897077795e+01
1.727873583444546668e+01
1.666852050182309597e+01
2.147195388699292806e+01
1.952436813455189579e+01
2.204934095379385184e+01
2.190666878035406029e+01
2.191842670773093005e+01
1.890502829378538152e+01
2.187473611974017373e+01
1.086916979211018486e+01
1.805615981626966970e+01
1.722168792526038317e+01
1.717505914938656986e+01
1.854003461538639286e+01
1.510658558000277907e+01
1.999392898540590835e+01
1.855815702911078802e+01
1.809148557468256158e+01
1.697046418985068073e+01
1.827438157868339275e+01
1.971811320030812809e+01
1.873460439707732306e+01
7.922051769480780159e+00
1.234002153751029951e+01
1.120222576069363996e+01
9.713879172065000844e+00
1.511548580202653369e+01
1.549742918515288892e+01
1.422163531812752346e+01
1.203418046299142929e+01
1.311419292512369950e+01
1.127347726018992979e+01
1.479662662633742798e+01
1.039184012088243847e+01
1.444666184001867926e+01
1.643157118147258444e+01
1.583242069532351692e+01
1.523375841269845488e+01
1.801424377881776095e+01
2.006519559331711378e+01
2.121817488353720194e+01
2.133824904893867824e+01
1.776473814127547612e+01
2.036625415333268307e+01
2.112017214834178702e+01
1.832266130665293602e+01
1.179522832059028126e+01
1.297582881496564511e+01
1.683062816432749997e+01
1.663196001670867474e+01
1.438328643682967645e+01
7.175194450890120201e+00
1.527746333366373932e+01
8.900634579600566809e+00
1.006990615158347602e+01
1.777917948872022791e+01
1.530521182148658887e+01
1.328657788447181431e+01
2.001559504079206775e+01
1.967453600273456615e+01
1.858762976145983004e+01
1.667652775027266543e+01
1.616998709171230075e+01
1.981350006219347293e+01
1.900929863107276674e+01
1.957197158520835245e+01
1.954435186627913268e+01
1.921186013584172514e+01
1.898499114277355915e+01
1.850802045607636259e+01
1.726842137305798630e+01
1.699706978201161078e+01
1.536930626528848087e+01
1.776066584594973818e+01
1.266929829303575161e+01
1.542335047900114553e+01
1.184311952247991329e+01
1.621000242201094110e+01
1.516579783857610231e+01
9.903526615596252469e+00
1.782318177674873994e+01
1.650325865389351776e+01
1.623051483720856680e+01
1.787214469421934737e+01
1.797493011148277375e+01
1.833753147900889147e+01
2.054725572761133989e+01
1.923866919981250945e+01
1.937406983962130269e+01
1.673111478445499856e+01
1.184937299276054290e+01
1.978757705713050896e+01
2.034427197543866583e+01
1.800508509691071168e+01
1.985701717262273291e+01
1.788352925448358377e+01
1.610177264566095801e+01
1.417559269065704086e+01
1.627175599678708195e+01
1.195211813773319243e+01
1.589076418985809802e+01
1.892581254945923419e+01
2.019064524666261917e+01
1.231987271376358706e+01
1.368376334150462270e+01
1.811126319280788977e+01
1.479872716519155240e+01
1.692489621031470293e+01
1.473255663218742839e+01
1.149575954470947892e+01
1.244847042699384509e+01
2.071220622486919183e+01
1.939901650070980565e+01
1.949410879807377839e+01
1.474573823161928310e+01
1.337779654411121832e+01
1.588626845855085179e+01
2.046298027604159486e+01
1.970410831984089128e+01
1.835750950450525920e+01
1.925399293586697169e+01
2.149884434599325544e+01
2.175756606197201393e+01
9.778826209860064012e+00
1.405742723645741421e+01
9.962796901073852851e+00
3.430780089044596792e+01
3.060932766620243939e+01
2.177669147340196432e+01
2.966205556820856160e+01
3.120228107048434651e+01
2.889449930410632916e+01
3.168583401368211838e+01
3.536938248545772723e+01
3.499548985592502248e+01
3.015231610413167473e+01
2.670920491095350968e+01
3.112699248765580506e+01
3.193310993661447839e+01
3.061010821564767070e+01
3.101323198418294425e+01
2.967781225571931358e+01
3.319455636755611749e+01
2.242166469731279932e+01
3.653202416771323158e+01
3.143197767032937406e+01
3.049181205374768311e+01
2.723426042483600540e+01
3.503889555855070626e+01
3.560122647066190638e+01
3.282386169120079700e+01
2.779564655759832803e+01
3.451939680046868375e+01
2.557951862916016950e+01
3.042589813726956294e+01
3.611268565045952528e+01
3.389884609572903429e+01
4.005350985855206147e+01
3.547959800751064563e+01
3.809588296919002204e+01
3.195472883478001336e+01
2.984327752772196618e+01
3.527431526658526195e+01
3.318359706676351095e+01
3.263691643724317970e+01
2.776527004897870299e+01
2.982778671916378244e+01
3.534835043863361648e+01
3.628650231897518097e+01
2.652150574399815852e+01
3.562620844684703059e+01
2.939337645213169026e+01
2.414393493497151510e+01
3.485214483543075659e+01
3.213318464917853845e+01
2.753826230157452315e+01
3.107198550952383087e+01
2.749642089080955998e+01
3.822053143770448713e+01
3.798597972576352078e+01
3.687613148638377680e+01
2.604471601764547017e+01
3.238556039657078145e+01
3.671693442732031798e+01
2.597748550819425617e+01
3.326495465475563407e+01
1.632019997032686476e+01
3.554816076606617514e+01
2.809253181158144130e+01
3.803790576619335440e+01
3.639395319301614506e+01
3.290633262750033339e+01
3.656966027196595093e+01
2.936109694766135192e+01
3.065454023556350549e+01
2.942808715122833263e+01
3.221659876040995130e+01
2.972844569269556203e+01
3.265875114154722780e+01
2.691914120338083904e+01
2.758770758684198299e+01
3.418603124566799778e+01
3.603898085812821250e+01
3.778046803837640510e+01
2.954194019091119827e+01
3.417416901725668765e+01
3.516384943642147221e+01
3.212674311043111430e+01
3.222478298097372118e+01
3.547350814071448610e+01
3.336261911676852776e+01
3.282911047502464896e+01
3.948707410167680365e+01
3.255754996439935667e+01
3.924804630413085249e+01
2.774573242661568173e+01
2.750026159318906593e+01
3.897550704844579172e+01
3.427007565774258069e+01
3.034844153394028154e+01
2.605800479674655179e+01
2.774769171942219259e+01
2.795956581702549926e+01
3.028677528243331096e+01
3.360668518815004546e+01
2.336179724435925920e+01
3.245236311651326844e+01
3.282254781905503194e+01
3.162766769619888407e+01
3.579782846218931525e+01
1.922828868275732717e+01
3.115127415862293603e+01
3.547560506458970764e+01
2.815221160336901818e+01
3.135412870759894588e+01
3.016328307366528705e+01
3.147259851892254545e+01
3.461460901846570692e+01
3.514786266289662109e+01
3.254036347179855682e+01
2.390621833825164444e+01
2.651345203835695585e+01
3.147623924248697591e+01
3.294198795133182500e+01
2.842868521914024527e+01
3.747634803379148138e+01
3.309060161161082192e+01
3.526064088107739281e+01
3.401122210028012915e+01
3.599988304151128204e+01
3.566077310436145353e+01
2.797009892200751935e+01
3.409581145131675584e+01
2.960818385673654163e+01
3.195849749794723138e+01
3.017399858957899639e+01
3.435277787925863180e+01
2.933287492354210713e+01
3.420295700927185578e+01
2.936923345589091383e+01
3.705176962704121024e+01
3.126102236006926205e+01
2.927835915739880335e+01
2.966196973707354090e+01
2.736149191777183276e+01
3.321760888555667179e+01
3.551220592067210191e+01
3.982291164601729605e+01
4.079471948829693417e+01
3.777238730814397627e+01
3.862616693278789626e+01
3.542102591517679855e+01
3.224023800136610163e+01
3.920939541405805073e+01
3.621514479712380563e+01
3.948827764899385784e+01
3.841171221345837239e+01
3.484797743390635105e+01
3.866510960776170691e+01
3.909940805035284228e+01
3.332422831088277348e+01
3.983328233141408248e+01
3.180855285207343286e+01
3.455568693496471155e+01
3.607620743540980612e+01
3.708621104884174002e+01
3.536993233127283531e+01
4.090520831760372289e+01
3.667820958089176742e+01
3.864169632975232815e+01
3.189376529527320514e+01
3.452430718033797774e+01
3.683876342204744248e+01
3.891002745011009267e+01
2.528495560911582629e+01
3.495927901582108177e+01
3.050514443445833734e+01
3.598749448415248509e+01
2.745165257328889297e+01
2.353027223190839123e+01
3.416456043074780524e+01
3.090789794664238954e+01
2.308300028189817965e+01
2.943901795228934049e+01
3.513078147480936053e+01
3.667459892814478195e+01
3.832489749388479083e+01
3.713745776331631987e+01
3.141348259299963175e+01
3.025415636574532741e+01
3.051578220638046446e+01
2.475607730500962589e+01
2.516218051994783877e+01
3.382264680647357125e+01
3.486682523688634916e+01
2.622494202934576890e+01
3.154582333594865418e+01
2.922406935593294364e+01
2.856098818966108510e+01
2.684594274967399485e+01
3.748378924834810988e+01
3.796994574643407816e+01
3.691523936471828193e+01
3.483812542412020008e+01
3.905712442172840326e+01
2.345816661820034810e+01
3.608972995532617034e+01
2.634092586621370913e+01
3.535153869212906130e+01
3.951638183216036282e+01
3.392109446013582641e+01
4.094773226021943913e+01
3.680012136361598607e+01
3.941547306734918976e+01
2.823841796966384621e+01
3.936297426905029795e+01
3.478848806613912359e+01
4.252201362163624765e+01
3.506702891612994222e+01
3.902404428976116435e+01
3.702459339543143102e+01
3.817951127376139908e+01
3.491164053915626653e+01
4.183124436019470238e+01
3.043696308833121122e+01
2.835869929426167602e+01
2.648817064623958473e+01
3.500262953377745134e+01
3.214598613665980054e+01
3.413632021699768160e+01
3.364617621688962856e+01
3.716938817333686984e+01
3.399695868594918835e+01
3.519285588657729136e+01
4.003623262753342260e+01
4.062258098345854762e+01
4.156657333547335043e+01
3.057895919775351956e+01
3.086155467685248155e+01
2.245005004840641760e+01
3.778670221125611306e+01
3.441181861444111689e+01
4.236178490780473993e+01
3.963190203047983573e+01
4.161017340841348044e+01
3.484266252890483173e+01
4.000266502868564089e+01
3.493512571273768685e+01
2.802018380315882595e+01
4.166605481349701279e+01
3.808930589284977941e+01
3.368478352558962996e+01
3.934165698464651939e+01
3.828714685746079738e+01
3.177960201711885091e+01
3.873812410941341966e+01
3.028570149413130252e+01
3.071202447119249612e+01
3.640855741475586171e+01
3.791926020750517523e+01
3.694940068909234299e+01
3.607193328897227502e+01
4.003752905142034990e+01
3.717077336856377912e+01
3.515710958630896954e+01
3.756927360219415846e+01
3.931170138711316753e+01
3.911383144119545818e+01
4.153165569301534532e+01
3.992272492640896786e+01
3.998016621793236425e+01
4.150526739929539843e+01
3.978909582083942098e+01
3.316081774432606721e+01
3.443858497408611186e+01
2.868499730476787590e+01
4.189287298965005846e+01
3.321003980286000257e+01
4.199045313717157057e+01
4.003054767959621785e+01
4.100869374968723235e+01
4.010365137667701418e+01
4.130921124674340206e+01
4.259893464704455823e+01
4.408480342714745603e+01
4.222946312487944454e+01
3.781828722857176928e+01
4.417167620099214531e+01
3.148491362329462717e+01
4.316985579989530208e+01
3.666612868759366251e+01
3.444350163506712903e+01
3.461467392811574229e+01
4.261058920349177725e+01
4.521771769470633728e+01
3.486824976616256322e+01
3.815570948719462052e+01
3.624358265985053862e+01
4.040156770290515453e+01
4.137305292124311507e+01
4.272389457312999639e+01
4.036958736484720589e+01
3.261310798257838428e+01
3.950825177167400426e+01
4.318634314418396514e+01
2.760357416398722208e+01
4.116837095831529325e+01
4.222015933766523688e+01
3.766465648715796988e+01
3.884995186336895756e+01
3.007956116764285071e+01
3.077261424764888176e+01
3.784536849996567298e+01
3.527526054979902170e+01
3.519404182899526035e+01
4.172810707928144325e+01
4.516884982466486775e+01
3.181249121919751133e+01
4.357901001388067641e+01
4.276646778613125832e+01
4.064138905406875324e+01
3.090151267091333409e+01
4.630649055682022208e+01
3.860079453516774350e+01
3.688212351829118774e+01
4.239342389094325370e+01
4.005939883652093414e+01
3.568017291471043961e+01
3.914415603024198731e+01
3.950925428827618191e+01
4.301366015696924450e+01
3.041011486494267047e+01
4.183197038069223339e+01
3.492088789801800175e+01
3.671326872221892756e+01
3.540480367397857009e+01
4.662776988887650020e+01
4.614570247852051921e+01
4.381326542449229322e+01
4.188789822315732891e+01
4.216315243102740595e+01
3.655536361699057579e+01
4.222436281919666357e+01
4.522256643426360512e+01
3.784243584727628473e+01
4.432395545168304096e+01
3.727684774874395401e+01
4.462309066961974935e+01
4.500910001319767417e+01
4.214049166513068201e+01
3.926469095815299681e+01
4.114417099643859643e+01
4.636192785621879864e+01
4.497681592699954933e+01
3.986443935596685151e+01
4.311325742727283483e+01
4.443184538867097189e+01
3.464303644878346944e+01
4.278326320723170539e+01
3.006070932994291312e+01
4.229704531383956123e+01
3.568188287147967230e+01
4.173848512241869457e+01
2.987065320047092598e+01
3.354932776267304462e+01
4.060210975892057661e+01
3.868771757830852920e+01
3.296283199348452797e+01
2.875489530881072042e+01
2.610985577860860474e+01
3.063298701635489252e+01
3.883486973723739766e+01
3.675570056703214306e+01
3.333140222914000361e+01
2.905806650490184850e+01
2.747567280402154921e+01
4.440058731506609746e+01
3.905874992803160239e+01
4.309264577574450072e+01
4.609468074847789865e+01
3.967984874667833139e+01
3.826149522732346497e+01
4.269701117017686443e+01
3.873522391371417939e+01
4.161106014864220271e+01
4.255274446514955855e+01
4.388749700967576217e+01
3.373943722365176967e+01
3.878754412354399506e+01
4.472567167295977697e+01
3.223774271710573913e+01
4.247534402445882051e+01
4.506358335923437863e+01
3.954901534698865362e+01
3.697273129553337867e+01
4.677935132181954714e+01
3.703066936139664733e+01
3.728894192935130292e+01
3.661918521240896496e+01
4.134614908124694921e+01
4.227597648746438352e+01
4.366858264486241126e+01
3.878360071171594825e+01
3.959955783700996790e+01
3.073779228927401874e+01
3.909952895665844608e+01
4.083510074671589507e+01
4.398489513100415138e+01
3.741267858642498112e+01
3.706235500776293890e+01
3.568062689502568929e+01
4.003399258881750455e+01
3.900103673502476909e+01
3.736291358982744271e+01
4.193287657964692272e+01
4.042535091687235393e+01
3.635306724109796761e+01
3.966224849202474445e+01
4.363465805759064153e+01
4.289867843258284807e+01
4.093236998058509357e+01
3.576484441062467567e+01
3.695019400916284980e+01
4.294733016228338585e+01
3.959668382181288848e+01
4.248185802786237275e+01
4.143007531315842584e+01
3.463706587297101436e+01
3.806137967369239306e+01
4.074838064754365519e+01
3.769904802143352640e+01
3.405467498037361196e+01
3.910982115485249722e+01
3.428082292063867698e+01
3.793524209593537933e+01
3.797121779231240168e+01
3.437533393233226064e+01
4.127035078003512325e+01
4.049052711965599372e+01
3.582062795755158646e+01
3.232501347075337605e+01
4.221900424347769132e+01
4.149807568091824805e+01
3.556302750037350791e+01
4.193601713939186482e+01
4.324259525193387077e+01
3.340706858181527394e+01
3.587605397312465527e+01
3.805979523389910213e+01
3.413263169630526050e+01
3.904377950415274512e+01
4.115322692166078866e+01
2.859671499908063552e+01
3.696145964947670137e+01
3.259318316299879825e+01
2.610793456952828961e+01
3.737893130178254353e+01
2.997149576558296857e+01
3.806688305901294456e+01
3.780049554523510835e+01
3.956916518122544346e+01
3.637459787920991516e+01
3.295404312435763217e+01
4.389132459260633823e+01
3.949985186512002855e+01
4.210914557521931556e+01
3.994371326244733211e+01
3.628469592915316611e+01
4.105563580128506374e+01
3.712084118415121736e+01
3.549180318815891866e+01
3.653945215633466859e+01
4.214743166563614807e+01
3.275712396416912497e+01
3.264714618775887089e+01
4.424673130544022825e+01
3.691906653273692029e+01
3.915905784329564909e+01
4.415039258554585899e+01
3.940671031981268158e+01
3.854738376771905450e+01
3.304680781778768051e+01
3.875469868029776421e+01
3.279660979293007728e+01
4.344231541314259459e+01
3.711383134536605155e+01
4.269088169731774229e+01
3.281825532210402230e+01
3.388998912146008990e+01
3.975980157652524838e+01
2.736275986177753694e+01
3.705188053188599184e+01
3.180253304035310435e+01
3.890508248771541844e+01
3.305948615062551710e+01
3.646128800263721814e+01
3.988050214548295003e+01
3.760642200054223849e+01
3.582297393717016121e+01
3.812003419605888155e+01
3.550048925645490527e+01
3.825488709696274015e+01
3.287997555323452303e+01
4.030854029311492326e+01
4.046909727597434170e+01
3.320455594337671812e+01
4.064329574589656602e+01
3.933809758902528131e+01
3.930171906517998792e+01
3.988721864983108389e+01
3.732879851711028607e+01
2.890115320417998035e+01
3.288717066859149440e+01
3.654119440979436462e+01
3.626524114497912876e+01
4.007964107012669075e+01
3.699438308404764086e+01
3.461024255605907030e+01
4.121813522472010050e+01
3.742630335041291545e+01
3.551696963898885429e+01
4.203784479733449331e+01
2.949152882095255990e+01
3.618561473199203959e+01
3.821566899138542084e+01
4.141569659874019749e+01
2.964074724922064519e+01
3.558145710246335369e+01
3.730649444829992234e+01
4.224529163937393150e+01
3.046679013008041181e+01
3.920702345101502573e+01
3.752322046998602190e+01
4.219916828955470578e+01
3.603874963531944786e+01
3.576457192471280422e+01
3.660927825651071998e+01
3.119270458062197093e+01
3.871324820051167848e+01
3.964531540378308705e+01
4.037727452253865579e+01
3.897404972441150761e+01
4.383949998645893231e+01
3.564574511739145635e+01
2.240546770969356416e+01
4.069294180133172745e+01
3.890896815952284982e+01
3.793574371245094312e+01
3.961993198695247997e+01
3.296262186259238547e+01
4.182669333142280266e+01
3.702487800283871877e+01
4.228240159574772861e+01
4.181432071949060258e+01
3.589285837818388814e+01
2.988650067178978986e+01
3.922200084838733147e+01
3.323464085799577816e+01
2.939926794839916013e+01
3.756870576803947159e+01
3.917451057970882289e+01
3.976131948341378575e+01
3.951133316761519154e+01
3.729990044118449077e+01
4.212542142942705681e+01
3.655804570053948765e+01
2.849671143509976545e+01
3.570290503836693574e+01
3.702845080905710518e+01
3.569176514800135180e+01
3.441764259478166110e+01
3.398075263130900225e+01
3.614446371701798455e+01
2.385929858510627355e+01
4.040115225806814436e+01
3.327112136651387431e+01
3.288250218437138983e+01
2.598078950307194290e+01
3.114419401258624376e+01
2.949727676445089131e+01
2.147322561445757572e+01
2.941753045574628089e+01
4.050263115706648875e+01
3.260720539896695414e+01
3.492426224258426259e+01
3.796880024332239856e+01
3.964478491619263423e+01
4.068793205609068053e+01
3.721725199863794842e+01
4.138862290205686634e+01
3.576016102596963719e+01
3.704066999582192921e+01
4.197933898518939344e+01
3.586833363717568091e+01
4.095781397627607134e+01
3.808914918788118342e+01
3.911525901898302493e+01
3.501445829407081334e+01
3.652971778357744626e+01
4.050534864502486698e+01
3.991429740793658709e+01
3.752241544181461563e+01
3.239548602236630614e+01
3.712520207819730444e+01
4.143236722766724256e+01
3.732717215603540950e+01
3.882143311232126592e+01
3.187981646488058018e+01
4.097250455107438682e+01
3.492833552249823015e+01
2.872522452532094661e+01
3.570610333470477116e+01
4.201093280261244445e+01
3.873567848528101365e+01
3.456973005507308727e+01
4.112307076911630332e+01
3.156913629951225886e+01
3.123050004621920195e+01
3.423045000704016161e+01
3.460604518050163847e+01
3.430002256418057982e+01
3.959681790445942084e+01
3.825350149129739208e+01
3.291514883449421802e+01
3.684801613083779159e+01
3.693598162652408234e+01
3.140597293212273655e+01
3.184596290149463726e+01
3.880837329077729692e+01
3.549690494704591970e+01
3.331742098316586009e+01
3.885585322988943346e+01
3.660924911434741347e+01
3.075175984956765163e+01
3.559122378864412894e+01
3.639875608749230196e+01
3.260509626656046578e+01
3.452652465150904249e+01
3.852813398476513385e+01
3.420520887746803851e+01
3.064321267882644051e+01
2.920475719728678854e+01
3.642540785077098064e+01
4.096752932552465865e+01
2.475144937526336975e+01
4.096529009336602201e+01
3.849534494719381428e+01
3.477726396254767138e+01
3.591687504419080312e+01
4.017353243887893655e+01
2.837230928766582139e+01
3.848584050715209059e+01
3.052487008421156034e+01
3.230954471210781520e+01
3.675267881973039152e+01
4.142898260770920160e+01
3.605436941403090145e+01
3.396319101159873810e+01
3.560939671617573055e+01
3.303513458778712675e+01
3.368469407029673590e+01
3.633171270553187782e+01
3.604006064694345213e+01
4.137892316294177419e+01
3.449556780078287233e+01
4.028405727585543161e+01
3.615662171335446828e+01
3.594296229858532143e+01
2.587569888214011371e+01
3.813239113378475054e+01
3.268139486487179113e+01
3.734306021451629221e+01
3.406705822286841112e+01
3.631082537372461161e+01
3.219890039001464999e+01
4.260230281843551836e+01
3.840775701684553667e+01
4.415402599477708634e+01
4.409137792159896208e+01
3.093771118739422832e+01
2.864446679923722883e+01
3.857079805185368571e+01
2.622741500280699611e+01
3.729302271000215541e+01
3.206392204240413690e+01
4.269672134511023387e+01
4.039008357315108810e+01
3.413391407594559723e+01
3.479404756954054534e+01
4.164354726669532170e+01
3.137351210276127489e+01
3.427490640765947205e+01
4.255023518143958938e+01
3.232876397765518561e+01
3.526525027476664320e+01
4.130805662864575112e+01
3.562785614127711398e+01
3.389797779313163772e+01
2.766151532137936897e+01
4.290217009682650939e+01
3.624794486058154064e+01
4.528636895929552253e+01
3.477957832914932368e+01
3.121977824087337439e+01
4.451249391738267036e+01
4.357078956944563686e+01
3.529042292882381560e+01
3.909039224847409599e+01
3.778898669028978929e+01
3.682485734035442704e+01
3.666738878300429150e+01
3.807442617162712395e+01
3.644930883999836624e+01
2.742302697630019992e+01
2.887844309450780500e+01
3.312970068937978141e+01
4.071396249282529567e+01
4.181616141191842217e+01
4.661797220317241397e+01
3.322934027793913714e+01
3.292684695696937069e+01
3.141527183345596796e+01
3.390401588423127066e+01
3.940701703514438492e+01
2.945620290393600627e+01
3.309777641841316154e+01
3.981547608971929009e+01
3.330841012150824554e+01
3.897455201309888650e+01
4.208651711199574663e+01
4.263708686398568659e+01
3.894136196155580620e+01
3.909323741166969057e+01
4.315691651262600459e+01
3.937163678496915509e+01
3.806951344213534583e+01
4.037717723383413215e+01
3.306405957763342229e+01
4.082845242978069678e+01
4.090950011958160104e+01
3.699388479896493465e+01
3.874664110630743608e+01
4.102867928413279230e+01
4.003794311115715487e+01
4.109369791344437317e+01
3.301543511041199963e+01
3.439244036716684860e+01
4.081548560814692905e+01
3.890753249803207581e+01
4.111871782496235994e+01
3.141159934821680366e+01
3.700571831029647996e+01
3.152337394040291230e+01
4.392333651542966066e+01
4.233002599457272197e+01
3.176981622216829493e+01
2.722940887980193381e+01
3.241568264749506056e+01
3.456728350143077932e+01
3.374346518417301155e+01
3.501675757022037772e+01
3.490824980458985749e+01
3.581520401092585359e+01
3.716484400297761681e+01
4.205127246489389137e+01
3.982387817027380805e+01
4.433603910973283035e+01
4.085635046907766821e+01
4.123264203422816365e+01
3.747052898794783005e+01
4.094634536054147844e+01
4.180684812414274631e+01
3.380729782094606151e+01
3.974838686639032659e+01
3.588938079886980859e+01
4.444120570848433971e+01
3.330554062308068808e+01
3.957346049676376509e+01
4.061469543895829304e+01
4.023661156771902370e+01
3.899484640837561500e+01
4.475214756398492710e+01
3.939543171149015421e+01
3.501504647759903577e+01
4.177841165266202950e+01
4.046481783835431401e+01
4.249813367488733462e+01
3.693409981317103075e+01
4.388528101362646794e+01
4.022329836114455048e+01
4.555670166288255274e+01
4.125611748514253208e+01
3.917923575782982226e+01
4.125731957575872144e+01
4.165229209195472038e+01
4.036047809198252878e+01
4.632807749228268790e+01
3.635777603349729503e+01
3.948146122562725679e+01
4.066056759475997495e+01
4.003259595491995526e+01
3.770102459678825113e+01
3.714863846647362067e+01
3.746961665660062124e+01
3.814281854422404194e+01
3.929592433963406961e+01
3.744507048094053658e+01
3.553901606700504345e+01
4.232580161138319141e+01
4.355365157351070593e+01
3.572965350139270413e+01
2.844765189113694248e+01
3.092570243680335196e+01
3.653756187500736985e+01
3.795487168632466535e+01
4.298967311820489101e+01
3.632167423571591769e+01
3.861504345428543417e+01
3.871391126394487969e+01
4.351161848724585468e+01
3.528930754071072329e+01
3.554966761269479036e+01
3.401802694560991824e+01
4.278545438210183249e+01
4.292671911246674199e+01
3.573576048423737461e+01
3.875993154584529776e+01
3.912334529069715927e+01
3.842578993922234787e+01
3.302346047573279719e+01
4.237405624812667781e+01
4.431001688331063804e+01
4.249100792589128872e+01
4.491637057923122711e+01
4.451318568418997756e+01
4.104586016422855721e+01
3.497720614773812997e+01
2.835200772949922055e+01
3.873772091996600153e+01
3.933987850227297400e+01
4.387174207918528168e+01
3.319651483753509069e+01
4.777032809243956990e+01
3.117924047866519999e+01
3.698774289701844253e+01
3.365656831044871922e+01
3.877452670371371823e+01
4.678346442131353911e+01
4.673766013941701658e+01
4.585482674096419231e+01
4.483829829235140352e+01
4.716516390877973208e+01
4.289033940056598482e+01
4.209655487202602586e+01
3.858347443596804993e+01
3.601897351992717944e+01
4.490313402537724130e+01
4.045523144082257261e+01
4.835243348818062259e+01
4.144144978182545458e+01
4.778322201846282269e+01
4.416136892672823677e+01
4.243140397896651450e+01
3.946499134883341497e+01
4.564441213681932652e+01
4.336608554121227144e+01
3.303855264021217408e+01
4.107751490459023813e+01
4.214956690078437873e+01
4.051637410065681877e+01
3.481260746063353650e+01
4.160109032219718728e+01
3.440915530159273317e+01
4.415339821323556890e+01
4.265991157720272042e+01
4.301767142769973873e+01
4.447538883428624956e+01
4.020751932619607061e+01
4.219585315125514313e+01
4.184317697216617660e+01
2.822100058876547379e+01
4.475184422459096822e+01
4.454302264420409330e+01
3.785837943779784354e+01
4.486198264458974450e+01
4.271597311644483597e+01
3.603476156964467236e+01
3.859589484732634901e+01
3.575718557363571648e+01
4.306610387578561472e+01
3.925610441897936198e+01
3.915936907349583862e+01
4.356149744428744697e+01
3.177404054882437734e+01
4.206810486328738108e+01
4.451926170364882296e+01
4.640312543219157249e+01
3.962053171917100514e+01
4.188104394287134369e+01
3.710525119862444399e+01
3.309657688988031055e+01
3.265331644614683881e+01
4.233536896503646574e+01
3.620548530454229308e+01
4.080824044315037469e+01
3.100564325594269732e+01
3.498641106389983690e+01
4.448242489520082188e+01
4.247607447776939438e+01
3.310821652257175174e+01
3.592398386837460578e+01
4.091314128667696792e+01
3.814706726896027078e+01
4.162704306043792002e+01
4.037150602914717723e+01
4.073009843643696826e+01
4.154672451468297822e+01
4.701033430046539507e+01
4.425030219989045577e+01
3.942088419863127058e+01
4.163790738762983068e+01
3.717929758913935245e+01
3.808548891615806298e+01
3.284199994739651629e+01
3.623216870099371789e+01
2.635852311679437321e+01
4.409782717716459643e+01
3.198099140810381869e+01
3.905838406744351232e+01
4.277570280578193262e+01
3.944491605231715425e+01
4.817511725948314449e+01
3.892245120771433875e+01
4.579531555604785353e+01
3.851248290328703661e+01
3.430037768658698383e+01
4.454115164357601486e+01
4.611140205864182207e+01
3.663609220592959304e+01
3.234717667598519597e+01
4.577281015156026456e+01
4.817276780882363596e+01
4.620218829726033505e+01
4.328776603215480634e+01
4.089989194255557692e+01
3.485849572794474227e+01
2.953229598975343961e+01
4.511708757282755045e+01
3.450884099992536846e+01
4.356233778559037972e+01
4.506879050154814337e+01
4.273970159771106125e+01
5.055590500017530786e+01
5.158175100868672303e+01
5.081499975641722955e+01
4.979928804213463422e+01
4.229812775667021185e+01
4.953917252888449241e+01
4.554803191595502909e+01
4.700728465203550144e+01
5.069815624522318842e+01
4.301554986341920994e+01
4.926440341705039572e+01
4.253669355164075228e+01
5.041126601303041355e+01
5.244466263729450617e+01
4.974043395752203622e+01
5.132628121182722936e+01
5.234136487819404948e+01
5.323794987404173895e+01
5.230534869107371776e+01
4.950538428378015965e+01
5.359882329944595369e+01
4.868031681147071765e+01
4.510234241610972106e+01
4.700073239465423569e+01
4.993922749569398434e+01
3.977987933258759767e+01
4.615436071427440368e+01
4.316428278389440720e+01
4.614533869761842055e+01
4.394762055354451036e+01
4.598247383253492870e+01
4.748563096915027160e+01
4.384747280782264056e+01
5.040195141514881527e+01
4.838430838027751690e+01
5.019225044132988955e+01
4.640593153379008839e+01
4.651183257015240713e+01
4.668035327823879044e+01
4.682686648243566907e+01
4.711248822695304028e+01
5.021869188023836728e+01
4.424008314815887388e+01
4.250042824281129583e+01
4.863530983941635100e+01
4.253659284583329736e+01
4.746596726798741628e+01
3.964925396884814290e+01
4.808586010383081799e+01
4.563149188877503803e+01
4.108512238110619563e+01
4.784831258455848513e+01
4.491768952892486766e+01
5.005276174728287941e+01
5.224029807698318706e+01
3.976699135382688155e+01
4.035362377287924573e+01
3.537297131181041010e+01
4.829810987500239605e+01
3.749007063146684970e+01
4.813864028175414944e+01
4.645100345416231136e+01
3.840728013346140557e+01
3.956736036508846155e+01
3.748036936982894929e+01
4.302342598292724318e+01
3.697304875661777857e+01
3.155016739867509656e+01
4.238993529690469586e+01
4.494493231375238196e+01
4.382905534137719172e+01
3.781443560218522748e+01
4.250627055933630061e+01
4.750015802818203525e+01
3.608803011914896786e+01
4.764102594713860128e+01
4.790577327192715273e+01
3.716926448245379788e+01
3.496593381286758273e+01
3.556656570120426863e+01
4.330150073878041894e+01
4.310064375313218932e+01
3.902907447281570796e+01
4.384999832125099317e+01
4.282324688011286895e+01
4.757146805971721193e+01
3.965236273545308876e+01
5.232206650963568251e+01
4.579753511379352204e+01
4.042247027489709410e+01
5.014592255783595931e+01
4.956803647632096244e+01
4.712834392398900007e+01
4.417226000115370255e+01
4.167833510251617213e+01
4.928764330148858619e+01
3.561046620214057867e+01
4.926536965590274519e+01
4.970927675147132163e+01
5.037464710134651114e+01
4.906480810847099150e+01
4.211849030885103673e+01
4.321618873356422341e+01
4.164934389072115550e+01
4.365222535057594655e+01
3.957627046922839753e+01
3.811066602303520767e+01
4.572990972191131931e+01
4.909703345475116976e+01
4.233319873804133238e+01
4.371608986932373142e+01
4.683001843368089823e+01
4.404566132046105054e+01
3.761872084501138147e+01
4.903970617654594832e+01
3.426516443557864022e+01
4.503512835566840522e+01
5.055180401852741312e+01
3.755114848033475283e+01
4.139867048504957836e+01
4.756711485056001720e+01
4.780815015410959035e+01
5.056910042296743057e+01
5.180124953009588751e+01
5.324192670937711114e+01
4.536943350624204641e+01
4.628109799594233209e+01
4.453911444497276761e+01
4.735002119329888615e+01
4.466798449064654619e+01
4.372838998149363476e+01
4.769820428871258855e+01
4.680236412834708659e+01
4.497955061395650489e+01
4.858086649731084350e+01
4.534901898375978391e+01
4.699594872493673847e+01
3.751473372812372276e+01
4.149853087937045615e+01
3.935138489508710080e+01
4.436935700264186266e+01
3.225702535620926170e+01
4.463161860898815547e+01
4.809086011534576244e+01
4.458361025787382914e+01
4.758200058275539845e+01
3.901050338077324398e+01
4.817998175215346635e+01
5.122812190071019245e+01
4.717381013261174161e+01
4.527016409059628188e+01
4.854424551642055974e+01
4.725087134096318664e+01
5.322907884035456050e+01
4.596009974895223138e+01
4.707396365661693238e+01
5.345996363227075676e+01
4.186538963523413770e+01
4.034036435627441364e+01
4.233110653181398675e+01
4.695135562704437859e+01
5.172704129353438418e+01
4.936057139899489243e+01
4.843643172367339389e+01
4.842349827530861717e+01
4.896266977935751896e+01
4.817325906661942980e+01
5.101379668329812489e+01
3.929838395236994586e+01
4.583025861341680951e+01
4.378919760581348442e+01
3.612106836549625655e+01
3.903193070350245364e+01
4.934227721218576335e+01
4.474349579118949549e+01
4.878966140973126642e+01
4.772068704946075002e+01
4.145577100322687158e+01
4.641772073936913046e+01
3.868220510081881258e+01
4.778856265728610708e+01
4.372677936501938234e+01
4.780768762648737891e+01
4.799982213507057338e+01
4.900721780643151959e+01
5.066036708627968466e+01
4.732595991575927030e+01
4.688824036083951086e+01
4.482589813765318354e+01
3.605897568219819505e+01
5.045790045704134030e+01
4.601178311544981625e+01
3.397290373586096024e+01
4.678951543504727795e+01
4.931231608574415759e+01
3.358241102396900857e+01
4.673854553392821742e+01
4.044482291712160560e+01
4.434781325225094406e+01
4.831113466242095456e+01
4.785261369590355685e+01
4.862187821650955755e+01
4.997788558445549967e+01
4.752359308528654225e+01
5.021504736605944430e+01
4.529929450322205753e+01
4.150751697208941948e+01
5.105434555293008714e+01
3.542372951447925544e+01
4.312445374785353636e+01
5.328307976163975468e+01
5.436953575569448560e+01
5.326586784004269504e+01
3.581049154434802517e+01
5.142518862440692118e+01
5.343338190345782124e+01
5.321603870223994193e+01
4.590245850130416017e+01
4.306531212987654555e+01
4.376322551988801024e+01
5.118647035988395544e+01
4.901732578477818691e+01
4.940311157200553538e+01
5.100637938691971129e+01
4.604139495833643281e+01
4.542963969736884877e+01
4.542589204089792077e+01
4.595213905429901757e+01
4.565851282383501086e+01
5.084348381834945485e+01
4.986565776215202561e+01
4.474033386375075594e+01
5.071182961537270728e+01
4.413658773361068199e+01
4.143862938244967609e+01
4.031996540651660865e+01
4.553346938249396914e+01
4.347117916847692243e+01
4.455397761714603888e+01
5.030184467897981904e+01
4.426673066250604904e+01
4.649233466830291661e+01
4.941688933490851099e+01
4.560233031865334397e+01
3.958275188987892790e+01
4.054216070890646506e+01
4.538836981228421052e+01
4.303998869714863673e+01
4.418548548601768999e+01
3.748560314127598758e+01
5.158411736048798701e+01
4.806416527216544665e+01
3.849000709264207387e+01
3.648324513365474075e+01
3.940121244414790880e+01
5.047696477034007501e+01
4.986098988646516972e+01
4.418617476031315761e+01
4.616966638657623179e+01
4.382305777577785477e+01
4.897852179010236284e+01
5.091937309405948042e+01
5.295635858765190562e+01
4.938253841630921670e+01
4.563984560383325828e+01
4.397335126751212186e+01
5.198445300949259718e+01
4.385386280785642299e+01
4.391735015708087531e+01
4.720536742542230968e+01
4.206140430054496449e+01
4.888736529182061474e+01
4.202954205720196512e+01
4.847345007501240133e+01
4.647471416533520028e+01
4.097925833199853685e+01
3.850197360649899991e+01
5.038404960472497152e+01
4.537664329027742838e+01
5.089030594652286510e+01
3.952485128550498672e+01
4.402736962763238182e+01
4.917988234433617833e+01
4.649755013943754989e+01
5.088759219286836810e+01
4.972923143485745356e+01
4.976611849607175486e+01
5.025578837129012300e+01
4.571425939558636031e+01
5.020697291437868159e+01
5.271611902983393350e+01
5.035002903489494486e+01
5.163969052186875786e+01
5.400453177049244147e+01
5.020934736723869207e+01
5.024370232018447524e+01
4.844385530497760328e+01
4.992737606762205615e+01
4.449361154634271998e+01
3.855699251041899345e+01
4.950672780635070325e+01
4.987748884608657107e+01
4.303471026078835848e+01
5.193733944109099099e+01
4.604417930831591832e+01
4.808400005927890675e+01
4.750325098613780028e+01
5.198995005783049805e+01
4.685401353829308846e+01
3.835747344091570454e+01
4.766665083569631634e+01
3.759023256643833122e+01
5.419504592764824480e+01
4.897362536175371162e+01
4.989715323737741670e+01
4.765858298540725002e+01
4.893796897043409899e+01
5.527473020507687806e+01
5.461522606898365950e+01
4.998569952423956408e+01
5.458159544796604479e+01
5.016193098810789053e+01
4.834913264202747740e+01
5.304919453110962024e+01
4.625324139708506266e+01
4.914959750387643567e+01
5.164005523410698117e+01
4.561047384061892274e+01
3.537796360237832971e+01
4.237846300070468430e+01
4.539879727836944312e+01
4.531286479094671904e+01
3.993038006720950506e+01
4.761590929414737872e+01
4.621947785982602852e+01
3.841220184126250103e+01
5.108907047803677415e+01
3.939164493669969147e+01
3.724416445099829787e+01
5.245731914737243073e+01
4.484425928439220854e+01
3.737886152940883733e+01
4.936564110774143188e+01
3.451012871950883465e+01
3.844996447660651739e+01
5.112714208750499978e+01
5.182827835327135801e+01
4.678789187148177575e+01
3.311171266323468387e+01
3.794917981275655450e+01
4.995712326944512682e+01
5.374851642647267624e+01
4.585348908096158738e+01
4.059421741187038890e+01
5.051924234169703709e+01
4.862471363670699276e+01
4.891505324485787298e+01
4.641616124256624687e+01
4.900740458173398650e+01
4.835946098793209558e+01
4.864253817505215949e+01
5.330744179302836017e+01
3.695429402153251885e+01
4.874977978576826132e+01
5.593688416190927626e+01
5.075616870633294297e+01
5.042453514536848758e+01
4.969110685642938563e+01
5.207381019716352455e+01
4.867460959885329430e+01
4.128687982157899228e+01
4.997804475654642431e+01
5.133831898709039621e+01
5.185643103418244237e+01
4.858728427512228620e+01
4.394751350737714546e+01
4.500001682895312882e+01
5.224000663346127737e+01
4.560513269741180409e+01
4.905409328790731394e+01
5.035380714365199140e+01
4.589161928375194321e+01
4.615693420118864765e+01
3.688381957390674160e+01
5.026892595795211349e+01
4.813462182253281441e+01
4.107411899403507505e+01
5.131288566652163041e+01
4.805430187764912375e+01
4.356292882678316403e+01
4.448038688055546430e+01
5.416351088374788958e+01
5.006764736779978620e+01
3.881933652732843143e+01
4.474142225414470886e+01
4.821236919688787737e+01
5.226237317442084418e+01
4.845436407820940161e+01
3.867651566849851008e+01
5.134773683185910897e+01
4.162989015238414936e+01
4.471307889477473196e+01
5.112803842061161674e+01
4.617864482621227751e+01
4.104357772598920207e+01
4.927776380253966693e+01
5.017887637088526276e+01
4.910665612295048277e+01
4.858226225312091628e+01
4.764345539566345167e+01
4.738413768672757698e+01
4.732613087387377249e+01
5.322434356597275951e+01
5.181451318201848721e+01
4.716106733144073360e+01
4.707495648713824465e+01
5.065432010734269852e+01
4.783054160583514403e+01
5.097497312483496756e+01
5.065382788961002092e+01
5.111454186959532819e+01
4.231291350381383154e+01
5.323000198707836716e+01
4.748149494425426553e+01
5.020143573593312425e+01
5.219892755733766876e+01
3.752306355737531618e+01
4.143939712967171829e+01
5.051438880077345317e+01
5.327738893891344674e+01
4.964401560699901950e+01
4.984456106036263634e+01
5.182839076935835010e+01
5.476645720242327542e+01
5.238081511270371493e+01
5.400498424726627178e+01
5.143456615365181506e+01
4.964275167482195172e+01
4.834913971034688274e+01
4.966982194022400421e+01
5.148029623583190073e+01
5.208120928802447480e+01
4.922507417846395583e+01
5.566065311957765260e+01
5.219729462732199465e+01
4.961645887061719407e+01
4.679044320195666273e+01
4.489419325938727923e+01
4.790867080636940045e+01
3.953732746173260182e+01
4.231331551450973905e+01
5.336853025796407479e+01
5.228479234219718563e+01
5.123802401831721198e+01
4.751384321916324893e+01
4.813483135222441689e+01
4.697888127498742961e+01
5.017300665009803140e+01
5.215941431899652514e+01
5.314765320165243168e+01
4.959938900554377028e+01
3.732722441492332166e+01
4.845838860632730416e+01
3.541665788546850990e+01
4.520686942018974719e+01
5.003642522938913828e+01
4.066008365547885717e+01
4.239666489489713541e+01
3.920849105874853535e+01
4.473568622004616913e+01
4.612997409189365783e+01
3.374990947568136335e+01
3.537730221975050426e+01
5.021170457149361255e+01
4.249820223306865330e+01
3.422101519805109149e+01
4.652232497978326364e+01
4.773599817475486162e+01
4.491287829327134773e+01
4.332588771261860927e+01
3.939305750786405724e+01
4.092420371594887740e+01
4.718206460478495501e+01
5.440669304311469290e+01
5.056866253322519356e+01
4.692027263017152450e+01
5.008040188689736283e+01
5.009362350775131745e+01
4.749864062266310327e+01
4.170110582958731271e+01
5.053309214529947013e+01
5.021374484102886981e+01
3.713385200873147340e+01
5.286677581456902431e+01
5.177796943654114870e+01
4.765754101012112898e+01
4.836978358016956747e+01
4.777673402944267167e+01
4.351263590032358763e+01
4.851521427251505969e+01
4.995773887740832464e+01
4.922123938181572100e+01
4.611311507407983612e+01
4.793718560145797625e+01
4.111207453526208866e+01
4.231554886055688769e+01
4.963251818317698394e+01
5.015181685330978212e+01
5.396294091872192666e+01
5.457430734564940877e+01
5.099081872441857399e+01
5.450456228615013998e+01
4.513181349805776676e+01
5.554697008900806310e+01
4.162286859234456671e+01
4.787005492860459555e+01
5.710385973194037490e+01
4.670445281966085105e+01
5.116227683405866600e+01
4.923333299388126250e+01
4.125015142107723420e+01
3.974277437647812405e+01
5.209804728364952098e+01
4.810713845657771515e+01
5.035285206022869886e+01
5.050584558939679169e+01
4.527559025333161458e+01
5.049285925719984647e+01
5.022615317986044658e+01
4.452390856329746072e+01
5.261954544514860999e+01
5.461304393219840847e+01
4.400959317822832872e+01
4.536442217667637777e+01
5.000188924162935677e+01
4.416330982901305902e+01
5.141095812204277138e+01
5.460751469715323481e+01
5.246666324492323241e+01
4.936908973310303850e+01
4.910054892935227144e+01
4.768730659511444969e+01
5.337240698427926588e+01
4.006972375226944649e+01
4.821828979444027397e+01
4.430560091916596832e+01
3.857814133516981769e+01
4.602488799770125638e+01
4.306237119231538202e+01
4.796264681961520182e+01
4.415862792595987685e+01
3.648382919344691544e+01
4.658855971483265535e+01
4.337364248088317709e+01
4.727406348259603419e+01
3.830864099582736060e+01
4.107086817588515260e+01
4.856337258636205689e+01
4.959322783673785295e+01
4.681488630901228021e+01
5.338874863940616677e+01
4.528665487123110722e+01
5.214713176185127708e+01
4.275733360542156447e+01
4.885240390707239300e+01
4.844644522411521592e+01
5.006166958101577080e+01
5.037968659211279743e+01
4.769647430203137617e+01
5.381504037942213614e+01
4.797866724357459134e+01
5.062043465749213311e+01
4.834981709084127033e+01
5.151988380936521850e+01
4.226279039333220311e+01
4.074732728077488986e+01
5.502749773108956077e+01
5.490041086454734653e+01
5.140454477088782426e+01
5.205382298957702147e+01
5.223022565104344039e+01
5.283937677243343956e+01
5.171742201996775634e+01
3.519979686706355437e+01
5.174641220659771079e+01
4.886569832409045944e+01
4.770609882167419613e+01
4.755199323002501188e+01
4.420506119002003231e+01
5.077249746218355853e+01
4.849139406461134882e+01
4.726955034294812208e+01
5.064371783344566325e+01
5.131450142430474415e+01
5.007071451552267405e+01
4.548300162979759875e+01
4.871254518298049163e+01
4.999030484788654149e+01
4.551526327576296183e+01
4.922369034842459712e+01
4.967820632511308077e+01
4.623554849736230921e+01
4.549330947931169078e+01
5.218591739709945898e+01
5.249067145089699693e+01
5.107985644661359004e+01
4.752981485309501863e+01
4.961866441244332293e+01
5.182190063208183517e+01
5.200040026415491923e+01
5.099215824565077781e+01
5.224213272498808891e+01
4.969501211465041024e+01
4.542267512118550599e+01
5.048523221812970974e+01
4.239428831304607570e+01
4.829143726578736562e+01
4.607599852616736058e+01
3.966652561467598304e+01
4.225986375645913995e+01
4.622644943166116605e+01
5.019038208761042341e+01
5.008991211397709975e+01
4.464620963875169224e+01
3.983567299471680911e+01
5.435574521329145625e+01
5.165280435149252725e+01
5.168223972586849868e+01
4.480427698209625476e+01
5.242285143562494198e+01
3.498823806022968341e+01
4.697213252044846143e+01
4.017128082047622684e+01
5.000999967669739021e+01
4.372315354058467562e+01
4.193913042519152157e+01
4.682085992992909951e+01
4.195482521795251785e+01
5.074725681752375550e+01
5.005229330103617258e+01
4.856300639712468126e+01
4.510778934182856403e+01
5.411468988791799006e+01
4.564564180718414121e+01
3.993918436907647163e+01
4.659929606910165489e+01
4.980794807529114365e+01
3.443798309647389289e+01
5.224905016227648957e+01
4.484816197561345064e+01
4.805974573555595697e+01
4.599105197288322699e+01
5.292431565701750174e+01
5.064689314167623735e+01
4.752642620846111754e+01
4.781758236513596927e+01
3.602162960271868286e+01
4.123242101921930924e+01
4.834605640336715027e+01
5.127518906886581362e+01
4.371820109159487089e+01
5.540287238465016628e+01
5.401716355312190387e+01
5.460644777185430598e+01
5.128678201891538180e+01
4.490579563461722046e+01
4.093225848394426691e+01
3.890744750098688343e+01
4.279962795624037142e+01
5.345585861473259115e+01
5.213302613288409759e+01
3.657060147278073714e+01
4.525773974794671517e+01
3.539011514232949196e+01
3.593955230737818596e+01
3.892307053767665082e+01
3.184390736573008951e+01
4.077828300792997140e+01
4.212555048860276941e+01
5.307224095523626062e+01
4.582653442027818613e+01
4.469874233107434236e+01
5.211677510235087851e+01
5.200374903952263139e+01
4.935102266818117300e+01
5.049424072958466070e+01
4.875867635699268021e+01
3.305180054796843336e+01
4.179599468875760948e+01
3.901299411939739770e+01
3.892045115554635260e+01
3.963115831718891968e+01
4.465332423846242449e+01
4.944363985123022331e+01
4.447228369118349889e+01
4.949207180252632554e+01
4.830510877317096430e+01
4.797520269957863803e+01
5.202204555195080360e+01
5.274616807828902409e+01
5.520699799171745070e+01
5.085237507921135602e+01
4.148540203876407162e+01
3.929638920768998389e+01
4.818157804422482116e+01
4.260372920322587476e+01
4.164755707157440412e+01
4.640831856607218242e+01
4.735973175745756691e+01
5.062951557065622410e+01
5.023512446980197410e+01
4.712997920588417600e+01
4.811461752414007265e+01
4.705300031864901200e+01
4.658401817517727039e+01
4.562426677476801729e+01
4.669483801473596429e+01
4.798156093156763546e+01
5.022229060255891397e+01
5.073328382842387896e+01
5.376791602731407949e+01
3.834208694824428676e+01
4.339220445793189640e+01
5.336575323203008736e+01
5.144876968428086883e+01
4.686165672240157676e+01
4.812564349708905809e+01
4.918096834063927503e+01
5.354706488966060363e+01
4.467423293630118764e+01
5.256993019407360634e+01
4.677778965813728007e+01
4.306421064468467108e+01
4.801871448103476325e+01
4.940355792140923796e+01
5.194651697751942265e+01
5.208480086826202893e+01
4.855412638075630838e+01
5.188507972828545434e+01
5.333657281921606597e+01
5.183863438078833497e+01
4.978746038328018386e+01
4.792861236054385188e+01
5.130639331972840012e+01
4.204927146809577465e+01
4.630597917956727372e+01
3.946744443289063042e+01
4.776369774225440779e+01
3.864303991246010384e+01
4.279384636394264874e+01
4.748724812577439280e+01
4.235294112409017941e+01
4.392914741214363517e+01
3.829444195269124407e+01
4.729345743005734448e+01
4.208849559903121929e+01
3.674608286622847686e+01
4.209211962518030248e+01
4.814067918103074106e+01
4.660059445190373850e+01
5.239803494989379828e+01
4.594916241202716378e+01
4.423111288269414132e+01
4.396154009350922109e+01
4.733337245826901096e+01
4.997380597468154662e+01
4.648371653777779500e+01
4.686605984247366052e+01
3.649143214084706699e+01
5.225125955308990200e+01
4.837805154213994996e+01
4.302894799172921125e+01
4.818242663319124830e+01
4.843336837277984586e+01
4.772433010118517416e+01
4.522667646361800564e+01
4.487008225211071988e+01
4.582531741160710936e+01
4.949189640729542816e+01
4.947519424367013130e+01
5.026954007199453400e+01
5.208553484154342073e+01
4.388854578545904417e+01
3.390422974023057634e+01
4.686182353059821537e+01
4.084147549313692593e+01
4.899490778788702272e+01
4.284492396430135841e+01
4.234401914844220016e+01
4.610515377286924377e+01
5.198934060994286455e+01
4.791609912078439493e+01
5.255096923023653233e+01
4.762377447145013321e+01
5.513144474934732386e+01
5.597847434042730441e+01
5.352493121033663925e+01
5.558041841323975518e+01
5.191397703380303597e+01
4.861647001729042472e+01
5.070135130078266172e+01
4.983713437979015737e+01
3.633868387147531109e+01
3.630353424053618028e+01
4.547225055339227140e+01
4.078905676193023311e+01
4.883287408391031192e+01
4.962191216923408632e+01
4.948646346405037377e+01
5.061870780583828378e+01
5.003542523785214513e+01
4.848733310533135921e+01
4.894015423976217960e+01
4.697201280528004474e+01
5.066037972589828797e+01
4.293772640156152676e+01
4.102545501592043564e+01
4.328491411219904705e+01
4.743975472083689482e+01
3.337561270602835606e+01
5.053284501716377264e+01
4.609254871192169389e+01
4.602858583991530850e+01
4.186763494302959288e+01
4.564359826006895560e+01
3.828403521967604206e+01
4.227604688510413666e+01
4.425950823758574870e+01
5.499902656681531710e+01
5.221369498238576767e+01
4.995866080731652659e+01
4.791289282731747079e+01
5.202790292721378052e+01
5.126766670389682190e+01
3.825062333486222599e+01
4.875135791468533597e+01
5.630272853265121569e+01
4.619086562983562061e+01
5.171543259357000011e+01
5.331469462763026002e+01
5.328665500412438405e+01
4.144184832272476626e+01
4.889852805277524794e+01
4.330423479034245560e+01
4.032588944111510187e+01
5.508409322516303774e+01
5.408260525405199814e+01
5.443529940130726885e+01
5.289270572286352490e+01
5.412018057772371549e+01
5.016980514737309704e+01
5.162365965595287776e+01
5.247252089308810241e+01
5.189993055527449428e+01
4.222858424952745793e+01
4.616328673916591185e+01
4.722857145767618903e+01
5.369693710777503526e+01
4.555811343591586393e+01
4.917964874140101017e+01
5.160041967744654556e+01
5.663906606389568310e+01
4.402838390458140339e+01
5.431037360313282392e+01
4.917427309110277633e+01
4.782678582211325136e+01
5.234530966542192232e+01
5.631806230514490608e+01
5.158909913000678671e+01
4.569360391136233090e+01
4.153882473661573727e+01
5.113220678645642181e+01
4.905596806659502107e+01
4.999458437316895498e+01
5.050935188556522348e+01
5.373370491412748606e+01
5.016545582058042640e+01
5.225031947552805889e+01
5.112275231457631719e+01
5.316307593259087128e+01
5.126607501317724314e+01
5.313643523479544939e+01
4.979736107800663092e+01
5.171526973532159133e+01
4.858783723523129083e+01
4.960929319038682195e+01
5.101280147792623154e+01
5.020590417424857321e+01
5.181665964908543032e+01
4.138104719760212902e+01
4.467912408192505325e+01
4.640101141637161675e+01
5.049534893022521231e+01
4.653200171016262487e+01
4.992858182452614102e+01
5.107859602264500154e+01
4.554783619763269797e+01
3.781126410848337827e+01
5.358346578452209741e+01
5.318870144674313849e+01
5.089815263743525975e+01
5.245027337955701086e+01
4.883167405911919445e+01
4.627033887348505914e+01
5.195724415870012081e+01
4.779209002754501512e+01
5.316875600081903741e+01
5.342673165365304300e+01
4.755891123822965483e+01
5.226622370064660572e+01
4.665625311862950042e+01
4.482290296813403074e+01
4.648832136846358765e+01
5.174573186938681602e+01
5.016487572305879894e+01
5.440447676840283009e+01
4.438448217420103958e+01
5.119565750991199593e+01
3.853129038684247831e+01
3.621958162145951121e+01
5.475229235893355906e+01
4.101793171601840271e+01
4.960333741327026047e+01
4.320762360391687196e+01
4.419920469637414584e+01
4.078241402795549675e+01
4.240488917724847084e+01
4.507740608202949772e+01
4.869402944267690714e+01
5.305060792289396687e+01
5.431054883065414174e+01
5.293418636257999310e+01
5.243330242966275989e+01
5.646440063869279413e+01
5.633134237385873888e+01
5.575743300843480199e+01
5.814170595551235010e+01
5.432963699121231116e+01
4.388447271441509656e+01
5.254224575695761246e+01
5.516875925194370467e+01
5.366533011496187555e+01
4.687952191844744476e+01
3.739944985107394615e+01
5.385950653516648856e+01
4.811245181908134327e+01
4.561502951333997657e+01
5.546044987038312968e+01
5.603659969757732284e+01
3.800277817660491309e+01
4.966941395645805102e+01
5.431021833982021008e+01
5.471922092358315837e+01
4.958633015343517059e+01
4.692207340189850129e+01
4.845220968989687549e+01
5.548443289611120122e+01
5.791798993856063049e+01
4.629292166879062620e+01
4.081742061716024494e+01
4.843350352220596733e+01
5.212335209355785537e+01
4.900936434776024697e+01
4.716952382897127194e+01
4.836327524320505944e+01
5.331500679166093448e+01
3.889403147361068136e+01
5.237033156363929720e+01
5.318995640981761142e+01
4.700133161444956897e+01
5.065143483100031574e+01
4.704068936540006973e+01
4.944324315480061216e+01
4.781029375272645154e+01
5.442691575752501620e+01
4.604211124225984975e+01
3.834894311158620894e+01
5.083318266946691466e+01
5.400239753518814467e+01
4.404099432889388765e+01
5.212768594921681142e+01
4.736356794583089425e+01
5.229607898507472896e+01
4.381364378135597804e+01
5.162884224036355363e+01
4.895190088948268681e+01
4.428021227155261386e+01
4.761117933440797145e+01
4.968424847183438686e+01
5.174375254156780102e+01
4.774497971004155517e+01
4.409155155822028149e+01
4.660246731229841544e+01
4.766793138711085476e+01
4.529318830070594259e+01
4.535956817441841338e+01
4.576891045917513168e+01
5.256181935459589738e+01
5.026207252479733256e+01
4.972302249626440585e+01
4.822284451669827376e+01
4.607368584202100692e+01
4.679154263766018573e+01
5.195594424504487563e+01
5.289169660192523992e+01
4.328801428501356696e+01
4.734933736970432250e+01
4.521635672817855323e+01
5.505728171659740866e+01
4.902506554958037555e+01
5.519267681091725564e+01
4.821530586954725095e+01
5.537310894752466339e+01
5.397574262374052978e+01
5.048670086680660063e+01
5.290279096824335170e+01
5.176257547561371553e+01
5.014869479715198253e+01
5.435192166338782727e+01
5.322395839439689524e+01
5.526371236910409834e+01
4.953062068403413321e+01
5.177811096296078119e+01
4.930101632817184765e+01
5.261676745952583190e+01
5.394572846381506537e+01
5.298098955737564353e+01
5.162312253923789740e+01
5.404969746992207291e+01
5.299293052004824744e+01
5.273245498214228633e+01
5.561138621252897707e+01
5.096530400078174239e+01
4.856124874622554444e+01
5.108401038422456963e+01
5.530036523991250874e+01
4.942148361335428319e+01
5.047251651315040988e+01
4.969982126789437871e+01
6.627264966628231946e+01
6.546568840638120435e+01
6.544735964992446497e+01
6.548168791210045470e+01
6.545310566950783482e+01
6.547433517471331754e+01
6.545658152758566928e+01
6.549436055673902501e+01
6.550512746104318751e+01
6.551109393915973556e+01
6.554021512984722619e+01
6.555234437964928418e+01
6.553927697084790793e+01
6.555506340469428039e+01
6.554814614771073877e+01
6.555216581583087532e+01
6.556445133799658720e+01
6.560959091536173560e+01
6.559628056869179602e+01
6.557494801708594423e+01
6.557389969429222276e+01
6.559877927407563902e+01
6.563740948150486076e+01
6.561316419499414110e+01
6.563832788438973864e+01
6.564820682553374809e+01
6.564817496861705592e+01
6.567294423489971678e+01
6.567910962049475643e+01
6.566104586888731376e+01
6.568337907199588699e+01
6.565044473656364232e+01
6.573077250232942959e+01
6.570794768428274324e+01
6.571861322112718540e+01
6.572274855061314724e+01
6.574501208298599408e+01
6.576815481670979580e+01
6.574406454376828890e+01
6.581191734464049148e+01
6.578505886126465896e+01
6.580435132019951538e+01
6.579833902310659255e+01
6.578882473117505469e+01
6.581467312114553181e+01
6.582615904017438879e+01
6.586002143832926947e+01
6.582218640672282106e+01
6.586074224954485601e+01
6.586185933141980797e+01
6.586333142705451849e+01
6.590154886472419093e+01
6.585228183617714137e+01
6.590679837983709888e+01
6.589852591328184417e+01
6.593050992355634321e+01
6.590255887369087873e+01
6.593396330123555060e+01
6.594058835406897856e+01
6.596507723197103701e+01
6.592918266466485022e+01
6.596556574105544257e+01
6.598951514333866442e+01
6.597145561912444123e+01
6.600704855299115081e+01
6.598413282523119960e+01
6.600514114190325188e+01
6.605010165141720790e+01
6.599368959048517524e+01
6.605016009297430912e+01
6.602587628626514515e+01
6.605387802762209049e+01
6.603229954923592970e+01
6.606706703343090226e+01
6.609359505531868706e+01
6.608013132535501200e+01
6.609132319007157719e+01
6.610042401916408039e+01
6.612559547630972645e+01
6.610228005246203509e+01
6.618527518268065535e+01
6.612414324101413854e+01
6.614022681194944653e+01
6.614356971050457901e+01
6.618137674213302546e+01
6.617529242692020830e+01
6.618196865607573898e+01
6.621084660891766305e+01
6.621571401955678482e+01
6.623681929459773698e+01
6.623983485612717459e+01
6.626026057714429385e+01
6.624127974293257637e+01
6.623868592770487851e+01
6.627009343746566117e+01
6.626653629516442834e+01
6.628420782476874251e+01
6.626753504468538836e+01
6.625966243724906235e+01
6.629686133303719942e+01
6.633556223445910405e+01
6.634471403998226435e+01
6.634812411752672290e+01
6.632455388967680676e+01
6.633412734144877732e+01
6.634819407388806667e+01
6.640287664964895953e+01
6.641051992498094592e+01
6.639210419901301918e+01
6.641041727288832419e+01
6.643184378655809041e+01
6.645004553415917314e+01
6.644731410686858908e+01
6.642713105477641022e+01
6.639674894672297967e+01
6.644180620761854072e+01
6.645678449981862457e+01
6.643149368578181679e+01
6.647126849563214535e+01
6.648006281696673625e+01
6.650326516607827898e+01
6.650222826771408791e+01
6.651066204344188293e+01
6.648140333540280267e+01
6.656240248677350735e+01
6.652280626016937504e+01
6.653123918010788884e+01
6.654170994800782069e+01
6.658227522857330882e+01
6.653091260979158506e+01
6.661456440084930364e+01
6.658318941100885979e+01
6.658454049244102180e+01
6.661119988277937409e+01
6.661682949992591318e+01
6.661618263338581869e+01
6.662891368269552572e+01
6.664884883837514451e+01
6.664076305989026139e+01
6.666517931499478777e+01
6.665239087261149109e+01
6.670374309179725003e+01
6.666473772760393501e+01
6.668316908015252409e+01
6.672704531786338578e+01
6.671343972009501044e+01
6.671086506070419375e+01
6.672731069285710248e+01
6.675426954636228061e+01
6.674631271945156641e+01
6.677079933569149262e+01
6.677793584012013639e+01
6.677924919584857832e+01
6.675365306700980739e+01
6.679861606087067116e+01
6.682291132668092359e+01
6.682177154329687596e+01
6.681602745796514853e+01
6.682552688865192181e+01
6.684130087987556124e+01
6.684120156095366383e+01
6.684267727523985059e+01
6.686532909819406711e+01
6.687854097311534929e+01
6.689342294146169365e+01
6.689823801507243672e+01
6.689069123537612427e+01
6.690735338625943029e+01
6.691911376548796397e+01
6.694349668843290146e+01
6.695267476875730495e+01
6.697693587598456588e+01
6.698163205566214629e+01
6.699180108122735078e+01
6.701447701401070844e+01
6.697876540194927486e+01
6.698195647775919781e+01
6.698140587134116686e+01
6.700796608719770120e+01
6.701054588699614101e+01
6.701585498488252313e+01
6.706257187551858578e+01
6.706993644021180501e+01
6.706742970991095376e+01
6.709183252655559215e+01
6.709150046396831613e+01
6.708087158751170875e+01
6.711196444865362309e+01
6.710030065626628470e+01
6.710201485987688841e+01
6.710400672569865321e+01
6.712647104256552666e+01
6.713388720155846556e+01
6.715418847687507764e+01
6.716844918136007436e+01
6.717258913707568979e+01
6.717041700682068495e+01
6.717029957470165868e+01
6.717333008461898203e+01
6.716622404504063581e+01
6.717403082629927269e+01
6.718750609888337522e+01
6.720685610428095913e+01
6.723474909464680138e+01
6.723481667506054293e+01
6.725522998305146416e+01
6.725747497387166618e+01
6.726269909590737939e+01
6.727709763878134197e+01
6.727782719999993333e+01
6.729098591174731325e+01
6.729795921918245938e+01
6.728991341285608030e+01
6.729182461685229555e+01
6.729342490834839907e+01
6.731596453622528031e+01
6.733364266618038130e+01
6.735427254715578727e+01
6.736779291588558749e+01
6.737493441947798090e+01
6.739704621354792380e+01
6.739774082053051529e+01
6.743019193279701540e+01
6.745486724588704419e+01
6.746044786157185058e+01
6.744973336837225020e+01
6.745012168747177839e+01
6.743698720009081171e+01
6.744533842209011709e+01
6.747020601390575223e+01
6.749927011381149100e+01
6.749375727781023215e+01
6.748062794236061279e+01
6.747810211888025833e+01
6.748425225644646730e+01
6.750328075395478322e+01
6.753237638331837900e+01
6.756329607553723804e+01
6.758581093436555420e+01
6.758898435148589101e+01
6.759377817373805897e+01
6.758479347886344613e+01
6.757538668582915875e+01
6.758199778572836181e+01
6.758343680626543915e+01
6.761539769003196909e+01
6.763197447345591229e+01
6.762156217534774783e+01
6.762809275815172327e+01
6.764290595161679676e+01
6.767470573853002236e+01
6.768945767690664184e+01
6.768491361237889237e+01
6.769560045842641216e+01
6.769950035840413705e+01
6.770196196002160605e+01
6.771415762343431766e+01
6.771951638830897480e+01
6.772812410373619230e+01
6.774336324172500667e+01
6.775207314971429184e+01
6.774988323428856063e+01
6.776833671792657299e+01
6.778179366536930672e+01
6.780896657818200879e+01
6.782233864166381920e+01
6.780388173557030029e+01
6.780175557109080842e+01
6.781031876233809896e+01
6.783405025649092579e+01
6.784455681453435716e+01
6.782993042739848022e+01
6.784477420990390328e+01
6.786786183828758112e+01
6.789854668720366249e+01
6.791289376353154239e+01
6.788889238082852273e+01
6.787112391920618393e+01
6.789526764115780111e+01
6.793993732163148991e+01
6.797907551812186000e+01
6.795804613596096999e+01
6.792936139655223826e+01
6.792841017146814409e+01
6.792458948264413721e+01
6.797216396683666062e+01
6.802075419246764909e+01
6.805018970856691851e+01
6.803719694318303368e+01
7.043226627398793482e+01
7.037896451187771163e+01
7.036911640326694339e+01
7.039217088997638427e+01
7.041762966851729288e+01
7.043446789845896205e+01
7.043132941830289440e+01
7.040286275692974982e+01
7.039354227229301841e+01
7.036395904548732005e+01
7.038730246659923750e+01
7.038892519127446690e+01
7.040374830679927243e+01
7.037566238840686594e+01
7.035023607803920243e+01
7.036570073139293413e+01
7.040140306747667864e+01
7.040716351624018898e+01
7.037219344935211041e+01
7.033520488875201693e+01
7.034321420702524108e+01
7.035112037785739858e+01
7.036612428760714977e+01
7.036009221864053131e+01
7.035120503617011423e+01
7.034882204965535379e+01
7.035912205403364794e+01
7.035430642724298878e+01
7.033858004365083616e+01
7.033546338327344927e+01
7.032426161991637059e+01
7.032371835049217168e+01
7.030462730343609223e+01
7.031721978443114551e+01
7.033775197987418437e+01
7.034496871504559579e+01
7.032622090854748365e+01
7.030417911403922915e+01
7.030641330546433210e+01
7.031808216443880610e+01
7.030317658964243321e+01
7.028780119472109789e+01
7.028380662715574090e+01
7.030082698204459746e+01
7.032403662430874647e+01
7.031802727428519972e+01
7.028792801458628503e+01
7.026762861580357367e+01
7.028100315698705458e+01
7.028560281181506753e+01
7.027317055030624715e+01
7.026861043103332349e+01
7.026689577275189436e+01
7.026457914498507762e+01
7.026905073701871629e+01
7.026917616112666565e+01
7.026447195881979724e+01
7.026483007183736618e+01
7.025452722856584842e+01
7.023830408263719960e+01
7.023810189729205433e+01
7.025291306458737495e+01
7.025404310294715060e+01
7.023970158590269364e+01
7.021047943382004064e+01
7.021267392094826221e+01
7.024274051168394806e+01
7.025097745041450992e+01
7.026198790390112947e+01
7.023118177489287461e+01
7.019793614408339977e+01
7.018687400216063565e+01
7.019878292080714743e+01
7.022483635554790737e+01
7.023030636188448739e+01
7.021729412160266293e+01
7.022182395959629275e+01
7.020205818652401319e+01
7.020667551961578567e+01
7.022117477714390077e+01
7.019876008767859332e+01
7.016607345925004324e+01
7.015013552760818527e+01
7.016669488115185516e+01
7.019314075645323214e+01
7.021669092240910004e+01
7.019054735474321660e+01
7.017132828465288696e+01
7.017535444580340709e+01
7.018121633126924053e+01
7.014537815152291955e+01
7.014042503198839995e+01
7.013950352064453853e+01
7.016764724709803147e+01
7.017859392552465181e+01
7.015685728964241719e+01
7.013055348367605291e+01
7.012768677547656182e+01
7.016214400545254648e+01
7.017687121299013597e+01
7.015685281512301685e+01
7.011506768981578830e+01
7.009945183230360044e+01
7.010267126051309106e+01
7.012545958196201923e+01
7.013864626680968684e+01
7.014031943794338986e+01
7.011753772729456102e+01
7.011351922798630198e+01
7.010007624486378575e+01
7.010701229267328927e+01
7.011820075766895854e+01
7.011554043369572753e+01
7.011402680858989811e+01
7.008731574685745613e+01
7.009183230561608013e+01
7.008510580913468857e+01
7.009054661652371010e+01
7.008242727646870662e+01
7.008631955325019192e+01
7.009512925115393500e+01
7.010316470075429152e+01
7.009572549365242367e+01
7.008766274529516238e+01
7.006118373499448637e+01
7.005206775040778666e+01
7.005799691918194583e+01
7.006770436463304463e+01
7.005140162863892783e+01
7.004927418591164212e+01
7.004712233391977350e+01
7.006066068765197485e+01
7.006614681592246541e+01
7.005690707427574182e+01
7.005082754904297815e+01
7.004448206910312535e+01
7.003404134786944724e+01
7.002856826258791045e+01
7.000708591649086543e+01
7.000633657131180598e+01
7.002830823380152481e+01
7.004089993015902849e+01
7.002786897895089169e+01
7.001340777627635248e+01
7.001050884462146939e+01
7.002869692541754887e+01
7.002931371432171659e+01
7.001677472135777691e+01
6.999790341604679611e+01
6.998398174803591587e+01
6.998979520539081989e+01
7.000492540303173428e+01
6.999015161346376601e+01
6.998199440144757943e+01
6.996682627163332313e+01
6.998874211950047197e+01
7.001565087616823746e+01
7.001451551984102650e+01
7.000183265506842645e+01
6.997875188931321588e+01
6.996369416828920862e+01
6.996320766733970231e+01
6.995135614818862280e+01
6.994299007355010644e+01
6.995177284370700477e+01
6.995952829420699004e+01
6.998097401650694849e+01
6.998766855088553029e+01
6.996951929876387055e+01
6.992888521595249074e+01
6.991656436649066109e+01
6.991759307250316624e+01
6.994835964313884347e+01
6.996103032453176240e+01
6.995546623454964674e+01
6.994846150552967856e+01
6.993028959188072236e+01
6.991579644203940802e+01
6.990891661414777047e+01
6.990661336955872684e+01
6.992204734149922274e+01
6.991419375647984680e+01
6.991835130772358298e+01
6.991686248197109421e+01
6.991697525692386250e+01
6.991572285299179157e+01
6.993009719579166017e+01
6.993084242272912832e+01
6.991599332387401944e+01
6.989488249934323960e+01
6.988294044690792362e+01
6.987959933187542561e+01
6.987968780523883083e+01
6.987115810818578154e+01
6.985802933609068077e+01
6.986155490075900332e+01
6.986631874875396875e+01
6.987843053782029301e+01
6.988891413803341379e+01
6.987907951744936952e+01
6.985777538171790013e+01
6.987073002441449887e+01
6.988508034902713462e+01
6.989145770784487866e+01
6.987844231742535328e+01
6.984478570520407459e+01
6.982586314504510483e+01
6.982130153348789747e+01
6.983925805746535787e+01
6.984883907963506999e+01
6.984421716859431228e+01
6.982745575387637871e+01
6.982607074987599560e+01
6.983427882280079757e+01
6.984517791087279193e+01
6.985162713634048259e+01
6.983899690899248469e+01
6.981945592223303265e+01
6.980777278385771467e+01
6.981109243383994567e+01
6.982222409697595822e+01
6.982937692690438780e+01
6.983446612957588684e+01
6.982070387232988651e+01
6.979823414873168019e+01
6.978693854529065277e+01
6.978034681481416612e+01
6.976993495856997640e+01
6.978016204288678637e+01
6.978603460769012656e+01
6.981397004088090341e+01
6.980031398370185514e+01
6.980129467681021538e+01
6.977421248283938837e+01
6.976320621589235316e+01
6.976850091026011569e+01
6.978286616728823333e+01
6.979551831612987201e+01
6.979180741092429230e+01
6.977137843377927595e+01
6.975726621464826849e+01
6.974711294535013906e+01
6.975753888489975907e+01
6.976649347823085634e+01
6.977024911245068495e+01
6.976228410669887126e+01
6.975422534629699101e+01
6.973297259416293059e+01
6.971378901510284720e+01
6.970700758663244301e+01
6.970741633169797069e+01
6.972270044278326395e+01
6.974997901042760873e+01
6.975895083131045737e+01
6.976253139352084531e+01
6.973183717397080272e+01
6.971457726840169755e+01
6.969607191213346198e+01
6.969644736759511261e+01
6.972465691915546415e+01
6.974928071483553538e+01
6.975332035444054668e+01
6.974484152364067313e+01
6.971462456149244247e+01
6.970245969190992241e+01
6.969570630456827587e+01
6.969926671082065184e+01
6.969557938288224364e+01
6.967485870376211210e+01
6.966193726096459216e+01
6.964364726398139283e+01
6.967035523890183413e+01
6.968115602056545299e+01
6.970204492347833991e+01
6.969705557935401430e+01
6.968974926594101760e+01
6.966912962042994195e+01
6.966348800520628970e+01
6.967341830646145695e+01
6.968959062855375919e+01
6.969656913077253080e+01
6.969142800042867236e+01
6.967366104286665518e+01
6.966057592395985409e+01
6.964407401769501860e+01
6.966451322053370632e+01
6.964741458451752010e+01
6.965198414060741072e+01
6.965241427471507052e+01
6.964398423506668223e+01
6.964979600303462348e+01
6.965642078868556553e+01
6.965525807482445941e+01
6.965374195963326542e+01
6.964449141612416838e+01
6.964125138405707105e+01
6.964201509183624239e+01
6.964625321759417886e+01
6.964164699493440480e+01
6.963730007884274187e+01
6.962806056855815484e+01
6.962518457918456249e+01
6.960899901629663589e+01
6.960351647685061494e+01
6.960285927827250418e+01
6.960565825680043872e+01
6.959795638086738734e+01
6.960136463889497804e+01
6.960477836503568483e+01
6.961863381784210958e+01
6.963645076212549156e+01
6.964389284097859445e+01
6.964599290844387269e+01
6.963764652636218955e+01
6.962029134903878003e+01
6.959958999286924097e+01
6.959014988878995212e+01
6.959769643774026804e+01
6.961696877102228598e+01
6.962911610579739374e+01
6.964036705103754343e+01
6.964182485430150393e+01
6.963504043745896865e+01
6.963809147133011379e+01
6.963941524848598874e+01
6.964190343535365457e+01
6.964719484166882069e+01
6.965649483927295194e+01
6.964837857774615770e+01
6.964032071594954232e+01
6.964540874341003018e+01
6.963983920883278245e+01
6.965843063263476154e+01
6.965958254271805572e+01
6.966878662989674353e+01
6.966694307938415420e+01
6.966178693400907207e+01
6.965512650274271778e+01
6.965058960888751471e+01
6.966130646700254658e+01
6.966546556221901199e+01
6.968798450168746683e+01
6.968849833837030872e+01
6.968347400336551800e+01
6.967762997688559778e+01
6.967996335887610826e+01
6.968321935716210191e+01
6.970098834008308586e+01
6.971664664800979949e+01
6.973046741039769358e+01
6.974804804941607017e+01
6.975165066803454295e+01
6.974881058452371008e+01
6.975681764551325159e+01
6.975053841791273612e+01
6.975865216195398943e+01
6.977485776687908015e+01
6.978666787993881826e+01
6.978412657899468741e+01
6.979380890991969011e+01
6.979568954722975604e+01
6.979888444707495410e+01
6.981176095218388866e+01
6.982630332492965408e+01
6.982859826546180670e+01
6.984292730677211125e+01
6.985204711297799918e+01
6.987072180862669768e+01
6.988063721574754084e+01
6.989497657867998726e+01
6.990178224014800890e+01
6.992054305190652030e+01
6.991295051560152274e+01
6.991766436304556009e+01
6.991387638065647536e+01
6.989294512811258642e+01
6.990173209707531043e+01
6.990820774326945752e+01
6.993425686310631306e+01
6.995798159342430722e+01
6.997553080856620511e+01
6.999164169196563989e+01
7.000690076189195565e+01
7.000116689116413227e+01
6.999986922126875299e+01
6.999539867255050751e+01
6.999481251929910286e+01
6.999529010657252570e+01
7.000420752332044572e+01
7.002075665466699661e+01
7.004738178685514072e+01
7.005711155566571335e+01
7.006743180812289040e+01
7.007450815305050185e+01
7.007284950880766417e+01
7.008029472730183329e+01
7.009536143199484570e+01
7.010208113864909762e+01
7.011907108279274325e+01
7.013312809569609385e+01
7.014413084327262027e+01
7.016073132514131316e+01
7.016151962477540849e+01
7.017106734668605839e+01
7.018441805787705334e+01
7.019250446047765024e+01
7.020497904242164111e+01
7.022006365330797450e+01
7.023050753778933597e+01
7.023162815404374726e+01
7.023992641501496337e+01
7.024255132269593105e+01
7.023464013313966348e+01
7.022598372100546271e+01
7.023639398244010579e+01
7.023389822583537523e+01
7.023434383914687373e+01
7.024327241289607571e+01
7.025796376269637733e+01
7.026567044320620425e+01
7.027888093441661965e+01
7.028620254229105058e+01
7.030276769257613978e+01
7.030979839412421484e+01
7.032545253364884275e+01
7.035032816411806778e+01
7.035921924093148050e+01
7.038633599985233502e+01
7.040218276656469243e+01
7.041693950123951140e+01
7.042466183775438537e+01
7.042772298615304294e+01
7.043163560369046650e+01
7.043889006369315098e+01
7.044193685157685536e+01
7.045874586169314568e+01
7.046970856729038246e+01
7.048534320563726396e+01
7.049736290763237889e+01
7.050578621816812586e+01
7.052104687725660881e+01
7.052567299616657692e+01
7.053221833974559729e+01
7.052360500801655974e+01
7.052870840571299027e+01
7.052860191753723029e+01
7.053256415520493761e+01
7.054361221224266387e+01
7.055186003791963856e+01
7.055896115493767695e+01
7.057992536855795151e+01
7.059067612658971314e+01
7.059433694176873075e+01
7.059988901427438179e+01
7.060306791508131141e+01
7.059897362183724567e+01
7.060106464558130313e+01
7.060661747757183093e+01
7.061345739543645550e+01
7.061941156226227179e+01
7.063393383341318099e+01
7.065682516824497839e+01
7.067342331387916943e+01
7.068864469159083797e+01
7.070471580004810619e+01
7.071852351243758505e+01
7.073524293332110346e+01
7.075235797048011932e+01
7.075316817939253156e+01
7.076610604599494536e+01
7.076075343864580702e+01
7.076753050352326113e+01
7.077285046627207521e+01
7.078012142794707984e+01
7.078901375376653959e+01
7.079706045803055758e+01
7.080814955507398167e+01
7.082528380589127437e+01
7.083691801447783121e+01
7.084773806493441839e+01
7.085874157291958397e+01
7.086512682150603837e+01
7.087985056302082398e+01
7.087914911567716558e+01
7.089047214579559864e+01
7.089175236806390501e+01
7.089899933101241913e+01
7.090294932389448945e+01
7.091654171516837835e+01
7.092949508271479431e+01
7.094666137888152946e+01
7.094255170687615930e+01
7.096237691546637905e+01
7.097277391751107700e+01
7.098408460462160008e+01
7.099637447284811742e+01
7.100988982862908472e+01
7.102220865863544930e+01
7.103208961194447113e+01
7.103380412638929897e+01
7.104193556140020860e+01
7.104877190600028314e+01
7.105154217409416617e+01
7.104949911989181999e+01
7.104301791110576403e+01
7.104992623613723879e+01
7.105369674764435217e+01
7.106590320067260791e+01
7.107612648351042139e+01
7.108881786275924242e+01
7.110529841297815778e+01
7.111873754399442760e+01
7.113571461879692492e+01
7.115300143455648652e+01
7.116403455007743162e+01
7.117270847412076762e+01
7.117609675956074966e+01
7.117703283481058918e+01
7.118423246874031918e+01
7.118541746587040109e+01
7.119402675158153215e+01
7.119694347372674770e+01
7.120736745001694601e+01
7.122697258531306375e+01
7.124227148311689461e+01
7.125582680689289816e+01
7.127400260115683750e+01
7.128169826769969575e+01
7.130158442562360221e+01
7.131407132776300273e+01
7.131217921004859761e+01
7.132124073248091634e+01
7.133015354482326131e+01
7.133835033983616825e+01
7.134557723446295086e+01
7.135558579338467666e+01
7.136427033050379976e+01
7.137603098914615884e+01
7.138313525411075489e+01
7.138818126944799758e+01
7.138944696386980127e+01
7.139569983483426086e+01
7.140395606679062723e+01
7.140842547705358356e+01
7.141407170716450992e+01
7.143338069936521606e+01
7.144301410149465426e+01
7.146117804878147695e+01
7.147465176305871637e+01
7.148083806573093568e+01
7.147865891586904752e+01
7.148504648501288727e+01
7.148295994193794911e+01
7.147906689468595687e+01
7.148120135268506203e+01
7.149351917714817262e+01
7.151083212468930128e+01
7.152934280966080394e+01
7.155278791001036609e+01
7.156795069702637591e+01
7.158348820832947013e+01
7.158603774775691875e+01
7.158579488572354421e+01
7.158142941569829532e+01
7.157773127897866061e+01
7.158728583383881983e+01
7.160314117729423344e+01
7.162602793627583253e+01
7.165195950292829252e+01
7.167322903472009443e+01
7.169236045419850711e+01
7.170698023319664571e+01
7.171306712489536039e+01
7.171779898944674869e+01
7.172121763771140479e+01
7.173047619294676736e+01
7.173644325163050439e+01
7.174916164522022655e+01
7.176358918040000390e+01
7.177627544155073736e+01
7.177895938963706612e+01
7.178108310953481919e+01
7.177710369638876386e+01
7.178100388318645741e+01
7.179576688734735512e+01
7.179953181754740399e+01
7.181228946051805906e+01
7.181778289115570146e+01
7.182237521315130380e+01
7.182978704652175850e+01
7.183853322544837283e+01
7.184390312165074022e+01
7.185068346857075028e+01
7.186815068517896066e+01
7.188656942329409105e+01
7.190380089971398547e+01
7.190970521643673408e+01
7.190544646750075231e+01
7.190700011631284383e+01
7.191284329155570276e+01
7.191668725130863038e+01
7.194462052782208161e+01
7.195845775656506760e+01
7.197985603794712972e+01
7.199842149642913114e+01
7.200401757137272796e+01
7.200955560480410611e+01
7.202155693470115239e+01
7.202540126881842752e+01
7.203678690730086487e+01
7.204903831882153042e+01
7.204767664555407691e+01
7.204467091371813581e+01
7.203797273226410880e+01
7.203847641445102568e+01
7.205907540284690072e+01
7.208521088640985397e+01
7.211128478268219055e+01
7.213175303072149802e+01
7.213999867251062881e+01
7.212557254185183808e+01
7.211491814549917478e+01
7.212672091358624016e+01
7.213279490424365292e+01
7.215855958344081955e+01
7.218722723381551987e+01
7.220000982852938876e+01
7.219909333576788413e+01
7.219163091456974257e+01
7.219081660280549784e+01
7.220114866931243114e+01
7.221119711515628126e+01
7.221105781355400666e+01
7.221786511562223154e+01
7.221395959891985683e+01
7.222165263242737865e+01
7.223652552145425432e+01
7.225497124800344295e+01
7.228845268206838170e+01
7.230860038793026945e+01
7.231171081842748549e+01
7.230026515623976024e+01
7.230006290612708142e+01
7.230780295972482463e+01
7.233788002472948619e+01
7.236132258805409379e+01
7.238394068522130453e+01
7.239318389293882205e+01
7.239077162721207515e+01
7.238854276143733557e+01
7.239226468117355751e+01
7.239371582591901699e+01
7.240283017586291692e+01
7.240260418955807609e+01
7.241994139366705951e+01
7.243631761335416286e+01
7.244520930660752356e+01
7.245480588717950354e+01
7.246161829523690301e+01
7.246264697210672523e+01
7.247803555682631327e+01
7.249361859920942663e+01
7.251305098897449852e+01
7.252513695141492178e+01
7.251571743119839653e+01
7.250016615807224696e+01
7.228971523738329097e+01
7.228794258093701330e+01
7.229145958584163623e+01
7.229140988338343732e+01
7.228217074513517559e+01
7.226753304149148960e+01
7.225610808512958272e+01
7.225586639711546866e+01
7.225775288244568628e+01
7.225123253335317486e+01
7.223325034870646277e+01
7.220841440770885811e+01
7.219326654639144181e+01
7.219094541035988755e+01
7.219362730410219342e+01
7.219039512845186835e+01
7.217642611533813124e+01
7.216343516111629697e+01
7.215165550677234307e+01
7.215376714778781775e+01
7.215310671795586472e+01
7.214502158857861502e+01
7.213175621511513214e+01
7.212120056625130360e+01
7.211820646938848256e+01
7.211358293318144774e+01
7.209870112640662398e+01
7.208303768876155004e+01
7.207034896909685528e+01
7.206436018785338149e+01
7.205978819887818076e+01
7.205186151929100902e+01
7.204361039855869819e+01
7.203957250196131668e+01
7.204132430025245526e+01
7.203944900072444568e+01
7.202380827546920727e+01
7.200162258798602011e+01
7.198417906054876880e+01
7.198367647510292500e+01
7.198825475505090310e+01
7.198395753856216572e+01
7.196789961088148857e+01
7.195005783383309961e+01
7.194061988631737847e+01
7.194001860544416616e+01
7.193673066697412821e+01
7.193146586821114852e+01
7.192582210528118480e+01
7.191452150514056996e+01
7.190012576720297943e+01
7.188681499325352320e+01
7.187559988445278236e+01
7.187561289713107726e+01
7.187350020702461961e+01
7.186215374462574346e+01
7.184582900165882791e+01
7.183840315755089989e+01
7.183912542146119051e+01
7.183645178985355528e+01
7.182523951781388405e+01
7.181157267560540447e+01
7.180326618752276602e+01
7.179510480196368860e+01
7.178025219004284452e+01
7.176902687383572754e+01
7.177246542620146386e+01
7.177326148850264076e+01
7.176058902478396817e+01
7.173707693345707526e+01
7.172663397368890514e+01
7.173139064262871045e+01
7.174062576581050621e+01
7.172372385268158723e+01
7.169044259678423714e+01
7.167577702277505125e+01
7.168383657470650405e+01
7.169085880968943059e+01
7.167902916847981487e+01
7.166790866326135756e+01
7.166383770538541853e+01
7.165393064829616776e+01
7.162838436512831208e+01
7.160895246437192441e+01
7.161744711717443579e+01
7.162976338812120503e+01
7.162361052616321899e+01
7.160369386774013378e+01
7.158887458870066212e+01
7.158188034789138499e+01
7.156809084659744258e+01
7.155383351093601618e+01
7.155386736786155666e+01
7.156260834149995276e+01
7.156003278918967681e+01
7.153745261995020144e+01
7.151518011119966900e+01
7.150474811833619526e+01
7.150323625918522907e+01
7.150692312459271704e+01
7.150772082765612936e+01
7.149158526354578669e+01
7.146514174543048625e+01
7.145178889028417757e+01
7.146259073865159905e+01
7.147157949393145771e+01
7.144850806951981781e+01
7.142051759875795369e+01
7.141047772114228565e+01
7.142271095553574867e+01
7.143028097299146850e+01
7.141518558086845303e+01
7.138718556566182372e+01
7.136663093263834412e+01
7.137162207354019472e+01
7.139061299107186187e+01
7.137924644616857961e+01
7.133897083726890287e+01
7.132507270299879565e+01
7.134783020886379745e+01
7.134837798856037239e+01
7.131254638899594056e+01
7.129337459240800001e+01
7.131087935559696689e+01
7.131708539472805342e+01
7.129022680437897463e+01
7.126851726961972133e+01
7.126633430728618634e+01
7.126296744913885561e+01
7.126044604807543692e+01
7.125987509107244477e+01
7.124100163577853095e+01
7.121676690121368836e+01
7.121539821024033756e+01
7.122527718959034360e+01
7.121405825110483079e+01
7.119441299177829308e+01
7.119100792050231519e+01
7.118048966272517930e+01
7.116905651717446801e+01
7.116572346014856976e+01
7.116371979205413822e+01
7.114935380798142717e+01
7.114049688568526619e+01
7.113856922420001183e+01
7.111796316186436684e+01
7.110747684556712045e+01
7.112418279656991160e+01
7.111668733277781485e+01
7.107817929882649821e+01
7.106808588971493634e+01
7.108746339979443007e+01
7.107638453260996414e+01
7.105286436709852183e+01
7.105562116571691433e+01
7.104066378783029734e+01
7.102381181282994760e+01
7.103303971155227714e+01
7.103515441932704277e+01
7.100339123519115958e+01
7.098638156661361620e+01
7.100022287230004281e+01
7.099597484012500104e+01
7.097586431445532185e+01
7.096478994733055856e+01
7.096163943238883576e+01
7.095600209481305853e+01
7.094183513486643733e+01
7.093736684013609306e+01
7.093653375193230204e+01
7.091780191245199205e+01
7.090123844782648632e+01
7.090876980739329838e+01
7.090509722789272473e+01
7.087743335984880844e+01
7.087419528902350407e+01
7.088545000997447687e+01
7.085992492488882988e+01
7.084817282059496790e+01
7.085523226260184515e+01
7.083867744983021453e+01
7.082417714361346839e+01
7.082512640239677637e+01
7.081520224044665213e+01
7.081127743411597919e+01
7.079870564681510814e+01
7.077835597759096231e+01
7.078541724233807031e+01
7.078608867883207267e+01
7.075269186803085120e+01
7.075436519126542123e+01
7.075805490591829994e+01
7.073251361793937519e+01
7.073829185098712458e+01
7.073293453425820587e+01
7.069648184171856542e+01
7.071266425075532425e+01
7.072262627933453416e+01
7.067501786603416747e+01
7.067203306421454556e+01
7.069148707048834979e+01
7.067415278468305928e+01
7.064996346452929288e+01
7.064036991709939173e+01
7.065053918310775316e+01
7.064649131931736292e+01
7.061262733255956903e+01
7.061202030850039080e+01
7.062462690757008943e+01
7.060236114286337283e+01
7.058869858283127030e+01
7.058429919639812056e+01
7.058146814709652972e+01
7.057464650396916284e+01
7.055388154184390714e+01
7.054913952242873165e+01
7.055835242062008206e+01
7.052958465841908264e+01
7.052775263222326885e+01
7.052922011888941256e+01
7.050299508574046570e+01
7.050681701166584503e+01
7.050481713090812264e+01
7.048105861614486400e+01
7.047617544693184755e+01
7.048270516987911094e+01
7.046308783070168147e+01
7.044339110231034340e+01
7.045657502528389671e+01
7.044713712320663035e+01
7.041400030674896016e+01
7.043161545100906551e+01
7.042305260772810982e+01
7.039871428731967740e+01
7.040685178278690159e+01
7.038806401375879318e+01
7.038569127685053672e+01
7.037637635210253961e+01
7.036124870123900621e+01
7.036398054371912281e+01
7.035177837204849993e+01
7.034040246688559250e+01
7.033544096050020755e+01
7.032882799825722486e+01
7.032198532973291094e+01
7.030788811895115487e+01
7.030726767053846515e+01
7.029239976899289388e+01
7.029209519105303627e+01
7.027972097996052980e+01
7.026392508604904208e+01
7.028013000665809784e+01
7.024196906391391337e+01
7.025077310789365015e+01
7.025471516680190120e+01
7.021862363583024091e+01
7.023129758881400164e+01
7.021923363657646178e+01
7.020727719034499614e+01
7.019174278127209732e+01
7.020174921847208793e+01
7.018928339144923712e+01
7.016089746670286331e+01
7.019103429198365518e+01
7.014996049291869440e+01
7.014982647766628077e+01
7.015388871863478926e+01
7.013705743328587516e+01
7.013035175784368391e+01
7.011941105056320112e+01
7.012924847809384232e+01
7.009214466737647342e+01
7.011249942253400036e+01
7.009263565623467684e+01
7.007817180862369355e+01
7.008984762326301166e+01
7.006269234929432344e+01
7.006766726254323885e+01
7.004983598441563686e+01
7.005499936431610308e+01
7.003840957928404976e+01
7.003164379664492856e+01
7.003385459761061327e+01
7.001021529977266766e+01
7.001316872105381606e+01
7.000805308246997072e+01
6.998775458326798571e+01
7.000195735088534832e+01
6.997420338197264300e+01
6.997828934957554736e+01
6.997028256353155484e+01
6.996195833122393992e+01
6.995545600401443664e+01
6.994713385398613070e+01
6.994644106681620599e+01
6.992563885784788624e+01
6.994042983118094980e+01
6.990971993068485801e+01
6.993218048024839106e+01
6.989163904009299699e+01
6.992187059548054151e+01
6.988680454837773937e+01
6.989580359019413436e+01
6.989384452254603275e+01
6.986693407418923130e+01
6.988856507565738241e+01
6.986198134916583058e+01
6.986413504994753509e+01
6.987012633271741890e+01
6.984014418252762368e+01
6.986316205869563589e+01
6.983719348696203610e+01
6.984294631689829203e+01
6.983996803446478907e+01
6.982897647806274222e+01
6.983074936169873581e+01
6.982873250125609843e+01
6.981623721623779488e+01
6.982626329987958513e+01
6.981083926598792289e+01
6.981840759415388220e+01
6.981389917042919535e+01
6.980884861341921521e+01
6.980929578514455613e+01
6.981359027790404070e+01
6.980112972197291299e+01
6.981770081610997636e+01
6.979785550931373450e+01
6.981800138067870876e+01
6.981002842812891629e+01
6.980814355865108212e+01
6.981862420503151156e+01
6.981030155648410584e+01
6.982164496445288648e+01
6.982318522698270158e+01
6.982459448921434841e+01
6.983706875989034302e+01
6.983009612925957299e+01
6.984344539391943840e+01
6.983993907091223718e+01
6.985153858041419994e+01
6.985980794586618003e+01
6.985971232994312174e+01
6.987556594180921365e+01
6.987211012747275163e+01
6.989062730162407888e+01
6.989183230926410317e+01
6.990191174960996534e+01
6.991110692669509774e+01
6.991495486775748702e+01
6.993581265154476512e+01
6.992472372536187208e+01
6.995650807823759010e+01
6.994770916809331140e+01
6.997461400477055804e+01
6.996835955880396796e+01
6.998920630841267609e+01
6.999514074384273954e+01
7.000596344730206511e+01
7.002455619444410218e+01
7.002411796964371149e+01
7.004620821481128701e+01
7.004627916249339137e+01
7.006792845757065891e+01
7.007448695383016002e+01
7.008542911300426681e+01
7.010562072987660542e+01
7.009693043337419738e+01
7.013312507727894740e+01
7.012461889231771295e+01
7.014850575118524034e+01
7.016084853806151500e+01
7.016016513100093732e+01
7.019759391440690877e+01
7.017292066939282336e+01
7.023027875281640320e+01
7.019758870875124046e+01
7.024555410370582820e+01
7.023611124299017661e+01
7.025884054494508746e+01
7.027151513360382751e+01
7.027984133927382970e+01
7.029282021425493099e+01
7.031637580181460123e+01
7.030357101873397596e+01
7.034845773515388601e+01
7.033022726939182689e+01
7.036577875099696655e+01
7.036762637675666099e+01
7.037995983007681389e+01
7.040048498893567341e+01
7.040520207489498716e+01
7.041687207450122798e+01
7.044505026966011485e+01
7.043817322141245540e+01
7.047208350371981567e+01
7.046287371511449749e+01
7.049679742707765229e+01
7.049306954796284685e+01
7.052147428200358092e+01
7.052014622863930526e+01
7.054451399151946589e+01
7.055327668835622035e+01
7.056169415381779686e+01
7.058631748757920832e+01
7.058563013773822092e+01
7.060288002397669516e+01
7.062776267497085314e+01
7.061935079970353968e+01
7.065532287369765641e+01
7.065978061575874847e+01
7.066923602356781942e+01
7.068897765125298349e+01
7.069959960788604292e+01
7.070665428612427661e+01
7.072415261955882215e+01
7.074708799457816610e+01
7.074264858684139767e+01
7.076918853223602923e+01
7.077934103705021585e+01
7.078241761702375356e+01
7.081546667177278209e+01
7.081732123227739351e+01
7.082089427289798778e+01
7.086353396904107171e+01
7.084644795613938584e+01
7.087631351769576327e+01
7.088581756637468345e+01
7.088863124927604531e+01
7.092853816724799287e+01
7.090326024557262485e+01
7.095482790143722696e+01
7.095371595074625759e+01
7.094235601753953802e+01
7.100581205848223476e+01
7.098520000794292173e+01
7.098783706933643600e+01
7.104182569409107373e+01
7.102698375471705106e+01
7.102696774130666313e+01
7.108045554781504904e+01
7.106933990149778424e+01
7.107139531046482261e+01
7.111946744410599308e+01
7.110338900490268088e+01
7.112815328474088972e+01
7.114048744690319381e+01
7.114288517217451613e+01
7.118421266443485251e+01
7.116662146357013796e+01
7.118510150263749381e+01
7.122750609924480614e+01
7.120724602686316018e+01
7.122567356746860412e+01
7.125718524093355200e+01
7.126613437637138304e+01
7.126378863579810741e+01
7.128504485903934551e+01
7.131952468697858194e+01
7.130400059328216855e+01
7.131554215192143431e+01
7.135979911467413217e+01
7.134806088983714289e+01
7.135894117081201671e+01
7.140223316510682139e+01
7.138579181788207961e+01
7.139240300896862834e+01
7.143728301166765959e+01
7.143714625396596318e+01
7.143329723299797251e+01
7.147178149269386438e+01
7.148805929916315449e+01
7.147999600413956500e+01
7.149803273241973045e+01
7.151783139353403840e+01
7.152928110661439121e+01
7.154399477191348922e+01
7.155408441952816645e+01
7.156072251691153951e+01
7.158538204603813426e+01
7.160753166429935845e+01
7.160693083475671017e+01
7.161486730772951148e+01
7.163838685539300855e+01
7.164475411042991482e+01
7.166316737614809540e+01
7.168717874138759782e+01
7.167750737585130594e+01
7.168731402576909773e+01
7.173213601893750990e+01
7.174896250828612665e+01
7.173065466170457682e+01
7.173878854943940553e+01
7.177369367707511572e+01
7.179605077963864801e+01
7.180503337457439272e+01
7.180534991121959365e+01
7.179998133505051783e+01
7.183061494192409668e+01
7.187104138457753777e+01
7.186843800834202511e+01
7.185753040473284159e+01
7.188447537100977058e+01
7.191125334112321354e+01
7.191229448706907590e+01
7.192174455811652933e+01
7.194928832287007481e+01
7.196463357887280665e+01
7.196620471406694719e+01
7.197338147706898326e+01
7.199002046916892539e+01
7.200456139281421031e+01
7.202416154941269610e+01
7.204611970349770900e+01
7.204982873847124836e+01
7.205067725230897224e+01
7.206583767621221170e+01
7.208833525858406688e+01
7.210333404494789988e+01
7.211529514986685285e+01
7.213789231506443400e+01
7.214710170500529784e+01
7.214586578138933248e+01
7.215114049271008412e+01
7.217638309799032470e+01
7.220928008336635173e+01
7.221961552312735932e+01
7.221353012106668245e+01
7.222281334379673012e+01
7.224850361908339380e+01
7.227022296716864957e+01
7.227900506570796324e+01
7.228044338006110081e+01
7.228710374467631539e+01
7.230402766322269770e+01
7.232972988178752871e+01
7.234413800171034836e+01
7.235897021599231493e+01
7.236585973711372333e+01
7.237420398509344466e+01
7.239393114912104465e+01
7.240933397251183123e+01
7.242722918441826607e+01
7.242780087872839090e+01
7.243417728753016149e+01
7.243507785594785275e+01
7.245783114348336085e+01
7.248619538106729010e+01
7.250686002851745116e+01
7.251817036069516575e+01
7.252467348043916218e+01
7.253374547096913716e+01
7.255609636569444376e+01
7.257970464227157947e+01
7.258942500372741335e+01
7.259160046526234566e+01
7.259213471471950641e+01
7.260548488543128087e+01
7.261568389259070955e+01
7.262490046799733534e+01
7.263945667792087590e+01
7.264629231995134262e+01
7.265602685624445201e+01
7.267577472485272949e+01
7.270316782448409754e+01
7.273231173993420384e+01
7.274766655565348117e+01
7.275344067178541252e+01
7.275898952527738572e+01
7.276464178750590861e+01
7.277404520017896061e+01
7.279762059575169530e+01
7.281765847997768049e+01
7.284311690053696964e+01
7.285832252392728492e+01
7.286770856216705283e+01
7.287280925984217106e+01
7.287278392786350878e+01
7.287370305030145801e+01
7.288274152989900756e+01
7.289471619165868788e+01
7.290866603728268558e+01
7.292635550010015777e+01
7.294459620931597499e+01
7.295430693085057783e+01
7.297270532095637918e+01
7.298496626461262338e+01
7.300082731194582664e+01
7.301590300567896463e+01
7.302829649014999802e+01
7.304067646254519275e+01
7.305440186690248083e+01
7.307425467851248868e+01
7.308799906167847382e+01
7.309567801779071772e+01
7.311133857562663252e+01
7.312003904219723438e+01
7.313533422502315773e+01
7.314146417641251219e+01
7.315881029682374503e+01
7.317169748448847599e+01
7.317817895640321524e+01
7.319058217885907425e+01
7.320271294581779387e+01
7.321133008178873069e+01
7.323014415811360323e+01
7.323825133614468541e+01
7.326059396208536612e+01
7.326954606395032954e+01
7.329431164061838899e+01
7.331448627424929043e+01
7.333529844139037834e+01
7.334629789509060060e+01
7.334847378569138243e+01
7.336083816220288156e+01
7.336669596748572530e+01
7.337215215983520977e+01
7.337728358570092269e+01
7.339257746058510179e+01
7.340998506812422875e+01
7.342818924674502057e+01
7.343899367059673011e+01
7.345956577100740503e+01
7.346366707548150998e+01
7.347886544827061073e+01
7.348815913971216673e+01
7.350579589496432220e+01
7.352586831000002121e+01
7.354439827417319009e+01
7.355981073222255873e+01
7.356612815187286003e+01
7.356778640906169642e+01
7.357654108333916554e+01
7.359179333922037358e+01
7.360901294728641631e+01
7.362798001531407976e+01
7.363428850421800576e+01
7.363510725607805796e+01
7.363650622063349260e+01
7.364216630083740256e+01
7.366103502822038251e+01
7.368725407892134172e+01
7.370183494133692648e+01
7.372161394737193518e+01
7.372282977147619931e+01
7.332766617801365783e+01
7.361509543942248968e+01
7.374498086392344476e+01
7.376167203356280311e+01
7.356731882401933831e+01
7.381455766755618697e+01
7.387038991626700124e+01
7.394489811645999566e+01
7.404023738534210963e+01
7.386691080718254909e+01
7.386658040861701124e+01
7.399855992544813432e+01
7.382367905902809468e+01
7.373944365849828841e+01
7.419817637743764749e+01
7.406512511510962327e+01
7.394581383784598927e+01
7.393919973538974943e+01
7.396596669840266713e+01
7.408293131581274338e+01
7.619552793727348217e+01
7.654937366477300031e+01
7.668879396143368865e+01
7.618840790948085839e+01
7.609717958177573394e+01
7.656432950316181518e+01
7.587018832929470591e+01
7.613442591712178853e+01
7.658455915439333239e+01
7.631374000638722066e+01
7.647514512180012503e+01
7.586369818773945894e+01
7.624187635311221811e+01
7.638840585809458616e+01
7.576620251544659368e+01
7.636606763605331594e+01
7.617585568167181975e+01
7.619321593922958868e+01
7.602494566612105587e+01
7.637231572831085202e+01
7.646788198509430856e+01
7.595617323631930162e+01
7.647513063138458733e+01
7.636487892186136150e+01
7.621026368893525671e+01
7.647066090999543064e+01
7.618640123547471887e+01
7.619412012218562325e+01
7.615959809798677327e+01
7.632551029869581782e+01
7.611153338881879904e+01
7.632831130514743734e+01
7.623718009381012450e+01
7.633340509467285528e+01
7.637118092166707584e+01
7.613635671768531665e+01
7.603462300259623419e+01
7.594369721236368775e+01
7.617229131884967330e+01
7.616810654573168904e+01
7.633701987354270102e+01
7.587891833765625904e+01
7.591613479414672838e+01
7.632648790830370444e+01
7.617907496674203571e+01
7.577539137725632656e+01
7.631269099992108806e+01
7.598174812439971504e+01
7.598515255044949868e+01
7.600535586641464647e+01
7.614237541619465333e+01
7.578516329991073519e+01
7.635078149566599848e+01
7.599816143972032023e+01
7.591851200528073207e+01
7.630580378466549973e+01
7.575029473587011353e+01
7.628981438027159356e+01
7.575429556574796663e+01
7.596843659230393087e+01
7.632147233614988124e+01
7.589251858734124312e+01
7.628631566954703658e+01
7.584017099671355311e+01
7.630126317198917718e+01
7.581432744289436698e+01
7.629260153361610719e+01
7.595232170772580105e+01
7.584349188485218463e+01
7.611071516783239588e+01
7.607220808552447977e+01
7.615767567246959402e+01
7.581461214179276453e+01
7.619180731475611879e+01
7.617447144939157511e+01
7.580140833330578687e+01
7.577193745496506949e+01
7.599298250340193306e+01
7.613511771853188748e+01
7.629806462470176598e+01
7.560208402346799517e+01
7.581687104659542342e+01
7.623677686789834240e+01
7.607075308955390369e+01
7.641306780959280331e+01
7.556890789069819903e+01
7.575447720840239185e+01
7.606378661488429316e+01
7.596948420750319997e+01
7.632367282441356338e+01
7.582886982571935164e+01
7.567540386501738681e+01
7.566209609032638639e+01
7.589879560944469006e+01
7.595587120329611253e+01
7.609108652581377896e+01
7.627009442477212531e+01
7.578766478749257374e+01
7.569953848564831844e+01
7.566159726760973570e+01
7.559367543078602125e+01
7.584828433447930252e+01
7.639027248061411512e+01
7.611972509662828656e+01
7.598338917000016579e+01
7.613609506092114998e+01
7.582585861829298324e+01
7.555659858596604295e+01
7.570252155591141729e+01
7.587698565301312215e+01
7.557669220027554502e+01
7.564578705991621632e+01
7.615461230378193136e+01
7.623184980768982655e+01
7.575088801269220085e+01
7.584692799515038075e+01
7.606168180013258961e+01
7.591886985335460736e+01
7.586638257209806113e+01
7.596117510150394025e+01
7.624249612514635999e+01
7.582128901148468003e+01
7.551740440775074603e+01
7.577801678898933346e+01
7.601580627445760285e+01
7.577515887537389006e+01
7.535420802937147755e+01
7.562880903360377260e+01
7.570798035211362276e+01
7.573855261986054188e+01
7.559424181519831620e+01
7.547789755831558978e+01
7.565120744995701330e+01
7.581437507746056781e+01
7.577457172950205688e+01
7.558259186345557623e+01
7.561278980320781784e+01
7.585518818066150004e+01
7.587327389337103511e+01
7.582147241343416511e+01
7.558592412496120971e+01
7.580369776003369964e+01
7.580470720176089117e+01
7.580526053095798034e+01
7.579343949960532711e+01
7.570330442955091144e+01
7.532214553609186680e+01
7.561459881335724731e+01
7.556867314079157438e+01
7.579319272838694133e+01
7.586065118362854776e+01
7.584093453016740227e+01
7.573452893283801757e+01
7.564240936527494341e+01
7.531228564921977409e+01
7.555480555688336608e+01
7.546161166973087120e+01
7.557555694189437645e+01
7.558502969090650936e+01
7.583028491718198438e+01
7.597134255440404615e+01
7.593778844262153882e+01
7.601651067833331865e+01
7.578055267529505556e+01
7.545421721447341667e+01
7.526188734204248476e+01
7.504546829859485513e+01
7.522758522993511576e+01
7.503800988337773958e+01
7.516732634771760502e+01
7.526161395906338214e+01
7.528340277400678815e+01
7.535765575815959494e+01
7.544981333180278682e+01
7.532265128065363058e+01
7.528242131698216610e+01
7.529886475962146619e+01
7.540773396000842865e+01
7.552463189570298141e+01
7.533297351145584742e+01
7.532004667976420365e+01
7.507348462885289564e+01
7.534937422308692589e+01
7.523731788331437542e+01
7.524717202283784445e+01
7.509057453939486493e+01
7.532889964900869018e+01
7.549638011730738185e+01
7.516743213140313173e+01
7.535447054078977658e+01
7.542061198261191635e+01
7.561479490395284131e+01
7.548122554979157428e+01
7.548009056225866686e+01
7.558736326610852529e+01
7.562291455760855285e+01
7.543914424634064630e+01
7.548306222221219741e+01
7.533402895816244893e+01
7.550620545744922651e+01
7.537289774653979180e+01
7.532747581815323201e+01
7.529313858983806540e+01
7.544902262405618387e+01
7.542202983298400909e+01
7.536864048853277609e+01
7.556606712110053081e+01
7.559877908243062450e+01
7.513401469466737126e+01
7.552020158654644888e+01
7.519271557617618384e+01
7.531014892417034901e+01
7.556264726792431929e+01
7.524562183054410980e+01
7.535844082750054440e+01
7.503296562252515400e+01
7.496855636320856320e+01
7.552445145843923058e+01
7.543946336095751803e+01
7.542207521502382406e+01
7.511128299878329528e+01
7.487196858457969029e+01
7.551032473452137594e+01
7.526615990391674416e+01
7.531294615527060898e+01
7.481667504736105911e+01
7.544529606886774786e+01
7.541352295670813533e+01
7.492568853204329571e+01
7.502667605489631342e+01
7.530981022153915205e+01
7.561977020795875148e+01
7.481180445317771444e+01
7.541534520515513407e+01
7.524526071500578439e+01
7.552075962749127314e+01
7.441678529415712262e+01
7.561239136825007279e+01
7.516368789659503591e+01
7.495670201786462883e+01
7.493825141405886825e+01
7.592728825388454084e+01
7.468246758131036245e+01
7.525724624129352947e+01
7.547586633083946595e+01
7.505591222580574140e+01
7.507912027523704523e+01
7.539518987221663338e+01
7.480088650075110479e+01
7.505605939535348625e+01
7.556054278173446903e+01
7.432961932513599379e+01
7.561647791858645462e+01
7.493398477653499867e+01
7.487695897982449367e+01
7.564052378687046030e+01
7.453462755106707505e+01
7.547128800425861073e+01
7.489392775639035449e+01
7.474859978785490000e+01
7.556722949084999641e+01
7.454082722428357499e+01
7.519413944662005633e+01
7.511023411774068848e+01
7.492128775329871360e+01
7.527922968774073809e+01
7.505941877945066665e+01
7.483304292717464534e+01
7.516927648315676436e+01
7.522100752588164596e+01
7.455139870235136357e+01
7.528725735838455080e+01
7.517260007768014418e+01
7.480074669619594374e+01
7.491253906323021283e+01
7.538238344395568902e+01
7.483227489913788588e+01
7.484351469775188548e+01
7.504391668056440778e+01
7.519494550854983572e+01
7.455956985944713722e+01
7.513815016421901305e+01
7.495889681586865549e+01
7.535092135781520994e+01
7.443206962580929087e+01
7.501955152231758461e+01
7.491513389224982689e+01
7.500206621715587119e+01
7.506364968158557360e+01
7.438804268890052640e+01
7.525831104679571126e+01
7.489534695748955073e+01
7.495409206342104369e+01
7.505614905501249723e+01
7.431081113330689902e+01
7.486147411255272743e+01
7.478803250877203368e+01
7.447669679565605350e+01
7.516715465800655238e+01
7.448641920423430918e+01
7.441605424584895445e+01
7.505193324428148571e+01
7.468591527325955326e+01
7.467579719946127170e+01
7.518951669119489623e+01
7.473369416533320475e+01
7.435940890035398354e+01
7.460524577186012607e+01
7.479898362967850289e+01
7.425505514955912645e+01
7.466086712696248640e+01
7.495290078519096255e+01
7.472963020453141780e+01
7.455996051898736710e+01
7.477213265894464200e+01
7.495812072821956917e+01
7.478161143873576577e+01
7.463333958730079587e+01
7.469515703810890273e+01
7.484219925970219833e+01
7.477204558134231149e+01
7.449315883709596164e+01
7.456493215859579493e+01
7.444379541463510463e+01
7.451690778015871786e+01
7.477054822834305980e+01
7.459313593122023178e+01
7.469451076524877919e+01
7.459061569542735981e+01
7.444102840108861585e+01
7.432196079889922657e+01
7.442255944315998306e+01
7.479533190062851133e+01
7.484032666248155863e+01
7.480961818448170675e+01
7.480297886083613434e+01
7.451776457436123735e+01
7.421245297613150171e+01
7.405334675666858857e+01
7.413753096648699170e+01
7.446669136575420112e+01
7.458967667775274890e+01
7.461897506340010011e+01
7.506605609511770183e+01
7.492946381061373984e+01
7.489264174551277620e+01
7.442590829041679967e+01
7.418242035506472121e+01
7.447088805047053484e+01
7.483674577393294669e+01
7.484989896256840325e+01
7.482353504199554095e+01
7.443483523985301531e+01
7.396643351550730472e+01
7.432875407756135644e+01
7.462059654544547982e+01
7.476821577554794374e+01
7.451616928529736583e+01
7.440256818739918288e+01
7.466057019484037482e+01
7.485977489795614304e+01
7.477251783102239813e+01
7.449437523944823170e+01
7.479639671495949926e+01
7.477789007514007835e+01
7.444161206256160312e+01
7.433860307721030836e+01
7.436036029927497282e+01
7.441772879165789334e+01
7.428076941736375716e+01
7.460468219883340169e+01
7.444222579833947862e+01
7.421806559788210222e+01
7.442645322202349689e+01
7.449278719409672078e+01
7.445314523083833080e+01
7.505852003147705886e+01
7.434009763014215366e+01
7.406411747169079263e+01
7.453380249942145497e+01
7.457040224326337352e+01
7.481814360475827641e+01
7.469359524570086251e+01
7.393028387777791011e+01
7.436550688279612586e+01
7.473065172255675748e+01
7.494915892532360147e+01
7.417436751401071149e+01
7.370705617879450244e+01
7.460118925732888329e+01
7.482380619029063951e+01
7.433517953614989437e+01
7.376408262611228395e+01
7.492714081435019580e+01
7.466599603413067143e+01
7.410336071712356443e+01
7.429837159963686588e+01
7.486609556318346392e+01
7.409518866290318329e+01
7.419335686846402211e+01
7.481394370386807680e+01
7.404316516870591158e+01
7.434080914682253649e+01
7.461704224433640320e+01
7.431232237727435574e+01
7.433221317882838264e+01
7.466714906292428111e+01
7.410012440348063478e+01
7.453782391435696297e+01
7.463041055602207052e+01
7.426067461806697168e+01
7.461373120335390752e+01
7.438054727299839897e+01
7.438317383163263230e+01
7.462215797672820372e+01
7.418499592409827414e+01
7.447480659283135651e+01
7.438402000328864005e+01
7.431969584863924183e+01
7.431344775715787421e+01
7.452217366193202963e+01
7.427021334386800788e+01
7.449798776640352571e+01
7.474904947052935711e+01
7.444727397381292633e+01
7.419480524273278377e+01
7.481768242575834904e+01
7.461425356060823333e+01
7.437438828223042719e+01
7.367916558809511685e+01
7.493495072537406543e+01
7.441328471824641611e+01
7.432577752416845840e+01
7.398716133505780590e+01
7.411914738690563809e+01
7.504779027509675871e+01
7.399473011163381386e+01
7.422306370654195007e+01
7.417798068958705926e+01
7.416090959644225222e+01
7.502144859435033197e+01
7.463494360039240405e+01
7.400442082959654044e+01
7.418847540065621615e+01
7.360907645952420353e+01
7.383634509192859241e+01
7.455663292206970993e+01
7.500377672248318106e+01
7.474850842361271930e+01
7.455050439182882371e+01
7.461922229668073214e+01
7.434188579910801309e+01
7.401741895294827600e+01
7.370068506163865152e+01
7.355526267064809076e+01
7.380662871009650416e+01
7.380705280867795182e+01
7.387319701459954047e+01
7.368783846207725219e+01
7.389596616228583059e+01
7.406095785920602736e+01
7.392912369486651869e+01
7.359673104270237332e+01
7.353682844470392865e+01
7.349636020967683692e+01
7.359995448091056858e+01
7.375415442994417958e+01
7.391679343627968990e+01
7.397173125671091043e+01
7.397239215274581170e+01
7.417066373382705535e+01
7.440980250989579758e+01
7.467969320459241089e+01
7.460811781206081150e+01
7.437271510251372320e+01
7.402941703931668371e+01
7.372897516992206590e+01
7.369613911875501344e+01
7.413940744299583230e+01
7.470716060891055577e+01
7.510684865533148979e+01
7.502109912544648296e+01
7.413845321352968654e+01
7.382532974890003175e+01
7.428619698448488862e+01
7.503075719099400942e+01
7.466710648139942919e+01
7.382337236136039849e+01
7.343264662263867137e+01
7.437994539938145522e+01
7.468057730066584554e+01
7.328758261191585177e+01
7.333224840383316234e+01
7.426680148606726561e+01
7.446614311817369014e+01
7.384257522862500878e+01
7.419771964998139424e+01
7.492105057861610362e+01
7.370620566773538940e+01
7.335717421790295134e+01
7.426548628309559774e+01
7.382586728014769051e+01
7.406387894715615516e+01
7.479100434500634265e+01
7.373638160174643019e+01
7.383558620719901455e+01
7.397048646580404352e+01
7.390903986932559633e+01
7.465480224704688794e+01
7.365743927032193028e+01
7.403008432252229909e+01
7.413148483711813697e+01
7.408454905629042742e+01
7.414825874011714291e+01
7.358694463159588395e+01
7.461476551165237936e+01
7.380305034780758433e+01
7.430767495043350834e+01
7.332083294569643783e+01
7.412806179272803320e+01
7.356661480951788690e+01
7.462829126285450343e+01
7.376104518362515705e+01
7.423646652266239698e+01
7.356296926828613891e+01
7.428081065524726512e+01
7.397926724113921182e+01
7.367130764301487034e+01
7.407402758781172736e+01
7.324385731384674614e+01
7.412770145242706121e+01
7.360832563014272978e+01
7.337275093627637546e+01
7.446630952331642561e+01
7.328656533596556244e+01
7.407387087392808667e+01
7.371594457492308550e+01
7.421337586167983602e+01
7.358405165920208901e+01
7.419352091940480420e+01
7.362301148120604921e+01
7.401141550047179862e+01
7.330985182729621386e+01
7.403296132160360798e+01
7.345666321393514409e+01
7.356407336107866968e+01
7.418830492843979130e+01
7.353981336087640841e+01
7.407779286735910773e+01
7.322957925035210280e+01
7.412054075679702692e+01
7.401398743207872144e+01
7.316769295173133969e+01
7.404606674646819897e+01
7.353340510291604915e+01
7.328717324108117737e+01
7.450558643989569418e+01
7.382912889186752636e+01
7.357898002633034196e+01
7.432671436905889095e+01
7.344113837153449253e+01
7.305203483174406642e+01
7.370480364609746005e+01
7.410346119809136667e+01
7.334635270378998939e+01
7.336740697466527195e+01
7.392579534407131803e+01
7.397035687346908617e+01
7.336015302838218588e+01
7.311716710394314589e+01
7.384714492827028209e+01
7.417142128492726272e+01
7.377651863373327501e+01
7.353059316113720456e+01
7.340993209849034429e+01
7.327518172124024431e+01
7.350267364001535952e+01
7.360004779342578729e+01
7.344292027737890294e+01
7.353796712965304039e+01
7.343950338686592261e+01
7.347621390308582079e+01
7.325184724552035220e+01
7.364670289267886005e+01
7.355221330850523032e+01
7.363129842319936813e+01
7.338124448534838962e+01
7.343718435414560020e+01
7.315021640701894512e+01
7.324488443515366498e+01
7.341371355126409526e+01
7.317148737348519205e+01
7.342763010611272989e+01
7.356251426244557479e+01
7.336707442712908289e+01
7.342864637578946940e+01
7.335357762778606627e+01
7.356605165823522441e+01
7.376364774687155546e+01
7.381811821229504744e+01
7.348759439324842901e+01
7.300894991036403781e+01
7.255818454712414223e+01
7.303395676435980022e+01
7.313400799247138195e+01
7.334208800054500443e+01
7.371250988183959407e+01
7.327993918518562566e+01
7.285129154695299292e+01
7.313233971584162418e+01
7.295888060067846936e+01
7.319575286586213281e+01
7.344053903106400583e+01
7.283963761590229069e+01
7.302253304989876881e+01
7.325094196575824412e+01
7.293756274931635630e+01
7.313000755757192906e+01
7.273763331753677619e+01
7.353942780080926411e+01
7.255921902076323704e+01
7.328624626391201957e+01
7.326077878030234558e+01
7.334012977362206698e+01
7.261793431316060321e+01
7.362724095712451344e+01
7.269869735511336728e+01
7.302615478511212643e+01
7.298910881714589038e+01
7.277021007133258479e+01
7.341421373656157812e+01
7.299108341392269494e+01
7.264862766193917309e+01
7.320776052272412926e+01
7.233495309658297856e+01
7.350497731181783934e+01
7.206994442409734347e+01
7.335939415498341987e+01
7.242745982149560291e+01
7.277454330508324176e+01
7.310516827038456711e+01
7.319904116380175196e+01
7.237784067153008039e+01
7.346516379625909110e+01
7.258120289871308728e+01
7.291537692482911837e+01
7.236489203600547171e+01
7.352784235727261830e+01
7.236885931030566610e+01
7.224205738065764137e+01
7.316630957868073892e+01
7.265340264062420772e+01
7.311127145786730352e+01
7.230630577098189349e+01
7.259593540418003954e+01
7.293433310145643134e+01
7.317033333511899684e+01
7.247464025646350194e+01
7.297698520270539291e+01
7.298960667240433509e+01
7.177633854642739664e+01
7.253566458942290751e+01
7.275651208216467580e+01
7.245886342880200459e+01
7.263678687601510831e+01
7.320711030272391895e+01
6.824798350764038446e+01
6.773351779432070430e+01
6.761921420433915841e+01
6.773971140650408529e+01
6.782758372773869837e+01
6.771120485954917001e+01
6.736698413809784824e+01
6.718184798805654623e+01
6.749385286720298893e+01
6.786550519093486855e+01
6.790548251182039508e+01
6.773391004816657812e+01
6.769540242274241848e+01
6.745994081541266496e+01
6.758790754098926357e+01
6.734990527170681673e+01
6.772498064788868533e+01
6.759165904595110419e+01
6.716480701229946249e+01
6.745930473073470068e+01
6.710934962966291550e+01
6.728139770687248244e+01
6.760333026531637302e+01
6.746495509783559896e+01
6.727967117762187854e+01
6.671372268694969421e+01
6.664431140746820859e+01
6.718268054931741062e+01
6.750508985433422993e+01
6.724139971490916423e+01
6.699321279050862188e+01
6.728067005385945265e+01
6.775989844203652979e+01
6.786199809062958366e+01
6.764568174103291653e+01
6.704203150514173615e+01
6.705850925761703252e+01
6.646876479552578587e+01
6.613923594195179589e+01
6.718877142436838312e+01
6.751087782057852849e+01
6.731116088521814333e+01
6.706532268991064427e+01
6.612443980192472281e+01
6.664878323030275453e+01
6.764353386829844794e+01
6.703219395712690698e+01
6.652130706061198850e+01
6.609435337153958301e+01
6.720030915952916928e+01
6.720511568301566285e+01
6.581517474002387758e+01
6.638472639918470009e+01
6.714303970568283830e+01
6.692377774540234725e+01
6.577252801046429909e+01
6.726307186925060932e+01
6.637993882476816054e+01
6.600722497764486718e+01
6.673907083372023408e+01
6.680563867262434030e+01
6.577072248337319138e+01
6.708288489731494053e+01
6.579215337103602224e+01
6.691103275631563463e+01
6.648009582389330774e+01
6.583154687921111758e+01
6.699371947013658257e+01
6.551968276158811477e+01
6.703381780319192274e+01
6.539206898585268846e+01
6.635613772105023145e+01
6.633621583126803500e+01
6.617016608156598068e+01
6.559320103260738222e+01
6.636330213254487376e+01
6.573451860848244621e+01
6.607671083185749694e+01
6.582469843442059698e+01
6.621153071937192180e+01
6.557199977376775735e+01
6.598108677154367285e+01
6.582837122793576157e+01
6.596649779980668882e+01
6.578673235815948317e+01
6.565367785829295144e+01
6.621872492508478558e+01
6.574442119434382903e+01
6.585132817630362467e+01
6.566169026022735977e+01
6.497827828326664701e+01
6.557400298178382059e+01
6.570537681719839895e+01
6.541262645240962570e+01
6.598877574903923460e+01
6.582389785113038272e+01
6.443325992085208043e+01
6.494725456711323375e+01
6.599082938523623909e+01
6.560284132298195914e+01
6.463086377511677938e+01
6.542120056509861570e+01
6.617229474927590616e+01
6.613943018695749743e+01
6.536011004292774373e+01
6.484560135282238491e+01
6.555216936691471119e+01
6.639435173742350571e+01
6.619809030138983985e+01
6.571745601112161239e+01
6.460699863980646285e+01
6.487849092422632680e+01
6.471909027069131071e+01
6.560831351951348722e+01
6.621064830889551445e+01
6.603145263287306932e+01
6.568862060443193229e+01
6.509001037497273501e+01
6.421307931331344321e+01
6.392507931803724830e+01
6.431573275576343462e+01
6.396228613267246743e+01
6.387974786112600611e+01
6.448528766965205250e+01
6.422416362890319874e+01
6.428357152000609176e+01
6.422181729740644585e+01
6.385781536525088598e+01
6.431960651746790347e+01
6.448263082590142403e+01
6.384513717022790757e+01
6.386313905626896315e+01
6.412316551219393546e+01
6.447229164099910292e+01
6.438101238679931271e+01
6.387148824835271199e+01
6.475044317341578903e+01
6.477197693759879371e+01
6.407301887812768371e+01
6.362339830225104720e+01
6.446146236389142814e+01
6.483861632305243461e+01
6.375149796379074019e+01
6.415378257199081702e+01
6.452840491811963375e+01
6.344538093444213445e+01
6.369807115774857920e+01
6.468179574807446386e+01
6.397268183608367309e+01
6.387952998626934686e+01
6.386052296617221913e+01
6.368743714524181598e+01
6.461631580164362276e+01
6.377752363760698984e+01
6.402989366779527813e+01
6.382511222794212813e+01
6.405616425710897488e+01
6.367458627380705138e+01
6.343821616285861609e+01
6.401863349172128892e+01
6.330137365120749848e+01
6.381872176362367810e+01
6.316757997190900653e+01
6.353728209162152041e+01
6.283689035242954191e+01
6.408799175633963330e+01
6.274270403788028716e+01
6.338014376979664632e+01
6.333893652235629190e+01
6.280400735393477873e+01
6.361176059586374265e+01
6.292886736701566974e+01
6.299291697956074643e+01
6.313583724751714499e+01
6.256265943750445047e+01
6.321704726433364385e+01
6.268457022714235904e+01
6.342925443376024219e+01
6.304605087123435680e+01
6.344181823185528657e+01
6.366000279826961616e+01
6.234707738699355417e+01
6.385550696139932825e+01
6.181038214222827776e+01
6.351606201130371687e+01
6.218065108882032632e+01
6.272619944129063185e+01
6.159054201354591385e+01
6.422824504248568189e+01
6.203895686248860386e+01
6.260822526170655777e+01
6.289934688288994380e+01
6.272644508012162845e+01
6.267830532693185575e+01
6.131095883592873008e+01
6.402423049481826922e+01
6.139470670987535073e+01
6.208413608875179079e+01
6.262665862678587558e+01
6.205041821834841187e+01
6.336670504500689560e+01
6.108354278367984591e+01
6.164167868171259101e+01
6.322227912031084429e+01
6.217265602154077442e+01
6.263733275204738504e+01
6.193245044292012835e+01
6.006426795874838831e+01
6.213541291197608274e+01
6.241294224897379905e+01
6.263876303871688833e+01
6.269567552095349328e+01
6.101958867271699205e+01
6.113028642597767970e+01
6.133172422848272731e+01
6.171379699606761449e+01
6.180933313121894201e+01
6.325872193121199416e+01
6.246199630455947727e+01
6.224219435047474747e+01
6.148980452576520861e+01
6.163021673341452811e+01
6.134898714631628991e+01
6.011881034972979876e+01
5.973913384498501244e+01
6.087903473115110842e+01
6.112560157082788947e+01
6.089272302313755603e+01
6.013675846709169548e+01
6.063098709691999488e+01
6.087714140415357633e+01
6.206302896810618819e+01
6.146344176121587566e+01
6.054021243067428770e+01
5.985321846779955024e+01
6.058662400155590433e+01
6.146768120690545345e+01
6.166814372488974527e+01
6.136308855019987618e+01
6.000085105395339014e+01
5.855172789531970068e+01
5.833925252913931558e+01
5.843800046746594745e+01
5.877375813251376968e+01
5.940770465020833768e+01
5.997554249850264796e+01
6.130103282035035761e+01
6.187399656784630508e+01
6.215232341987990594e+01
6.180705773802362302e+01
6.216623636418887600e+01
6.069590585947101147e+01
6.006235478425129770e+01
5.953918506071175898e+01
5.902270193229080064e+01
5.855034331939386760e+01
5.957948325593578431e+01
6.064369373166947241e+01
6.125771016872462127e+01
6.082921454968329300e+01
5.983283247534339466e+01
5.949987413210696729e+01
5.900466089293655614e+01
6.035478548379535368e+01
6.090326163716177632e+01
6.084837846755981161e+01
5.974364691862657395e+01
5.994547856154284204e+01
6.027853677917161690e+01
6.037107014175386155e+01
6.142326186912491437e+01
5.991402131478933768e+01
5.928856490937836554e+01
5.811641946084123589e+01
5.930168239901774285e+01
5.982191517634639411e+01
5.768074746910642148e+01
5.725236800444311314e+01
5.791704184523773336e+01
5.935756408933144002e+01
5.957330378122884440e+01
5.834299252485959641e+01
6.051566338674098233e+01
6.105993959191530962e+01
6.048368520551532868e+01
5.900946886268133085e+01
5.829641146410702390e+01
5.879089811882561634e+01
5.793011762523800456e+01
5.732952697276211751e+01
5.907347051376133606e+01
6.035641238047776369e+01
5.923479652430825126e+01
5.881525745227502000e+01
5.877035822406982390e+01
5.808026602935598959e+01
5.695937244240413122e+01
5.921998210272266761e+01
6.024420494602168930e+01
5.934182660987981706e+01
5.863574426733184453e+01
5.777207364718680083e+01
5.749655608302922616e+01
5.792943189064716591e+01
5.828771442693128080e+01
5.852454241688385395e+01
5.806272726773212156e+01
5.714923653933051639e+01
5.827495692393966209e+01
5.830453982564212367e+01
5.837983516030244857e+01
5.725089285505531222e+01
5.758213487876842862e+01
5.902040175188042070e+01
5.840926491452415092e+01
5.781853629794153449e+01
5.783793026710412732e+01
5.830993410541936584e+01
5.896247378396004990e+01
5.842821918511437218e+01
5.695037073699005248e+01
5.791271722416163215e+01
5.811695288650753355e+01
5.799744926969808745e+01
5.713847702549582408e+01
5.668508633818444054e+01
5.804387391206027047e+01
5.744434192520374438e+01
5.718951392792412491e+01
5.796551326283265837e+01
5.856521123126132267e+01
5.697479406588928441e+01
5.716125582473839017e+01
5.718463898786963284e+01
5.727748820687555309e+01
5.762078738399341660e+01
5.560984064146679628e+01
5.730312056043259616e+01
5.824031124932495374e+01
5.602335537065864912e+01
5.761887179497058753e+01
5.676122339021586072e+01
5.870606744341989724e+01
5.664784083445497487e+01
5.543566010555910140e+01
5.787188590492348084e+01
5.658278018314474878e+01
5.589005414308333286e+01
5.648769672431966171e+01
5.827357788747573153e+01
5.645913061699269520e+01
5.547386776098748840e+01
5.723168068798387509e+01
5.661651197618720488e+01
5.585212838578102179e+01
5.586529268234129830e+01
5.750397152945627255e+01
5.640932295947450115e+01
5.706602863054628472e+01
5.679513341911061985e+01
5.555754740924797375e+01
5.444667015268209553e+01
5.409757815087540678e+01
5.527208963319418444e+01
5.659072143830778145e+01
5.794435431452349405e+01
5.858405949525977974e+01
5.757872921251741616e+01
5.584288330529172839e+01
5.400173480176955820e+01
5.427271251419924170e+01
5.679005380014055504e+01
5.697757614818544880e+01
5.825563126029963712e+01
5.909566133405813559e+01
5.809262772900798666e+01
5.697666701200314776e+01
5.503537217362484313e+01
5.596886134946011992e+01
5.646935254009741101e+01
5.842580859829628537e+01
5.819785536417992944e+01
5.840281654024855840e+01
5.789662195107092657e+01
5.685946107363221103e+01
5.656616016030399408e+01
5.657070461744741152e+01
5.761319499450073778e+01
5.794533616967427037e+01
5.844100318219942380e+01
5.841042749048233418e+01
5.756953539197116498e+01
5.696588509621590646e+01
5.799388299549504211e+01
5.807942993177644553e+01
5.828291785180149276e+01
5.852156342126782107e+01
5.745004532159771315e+01
5.760163203153599198e+01
5.814103507602418119e+01
5.777153748980837378e+01
5.853639706887508964e+01
5.767742662684405275e+01
5.842287095550450005e+01
5.838535453280410081e+01
5.741607839577143579e+01
5.780266762325052810e+01
5.736530729799245165e+01
5.715142575169457473e+01
5.760383064317621660e+01
5.828552142913893874e+01
5.888143308052781322e+01
5.953232612647488509e+01
5.994497708361912913e+01
6.009218758692996687e+01
5.971900709434625298e+01
5.924148744355545659e+01
5.797645154061275719e+01
5.830406008601890022e+01
5.795744304703727323e+01
5.786185481648107753e+01
5.713557800039237122e+01
5.809629378296141056e+01
5.864084463976030293e+01
5.799766758858046956e+01
5.855995029470078350e+01
5.940657915564212033e+01
5.988828141452218290e+01
5.978340210402756583e+01
6.023128232576617336e+01
5.975931703332251033e+01
6.021238848242880692e+01
6.008849357227582999e+01
6.005251514220503850e+01
5.908725856748550598e+01
5.991535374474060660e+01
5.880444306555369138e+01
5.913007370777650351e+01
5.931652237835297825e+01
5.937442458993128014e+01
5.919540927181455459e+01
5.884456433071483872e+01
5.909506586261041150e+01
5.890376586613918164e+01
5.935689202415141352e+01
6.029659049383191416e+01
5.992814648770910679e+01
6.032496020695717931e+01
5.981833178047545374e+01
5.978546289271299941e+01
5.965168058067290957e+01
5.981863852760328371e+01
6.061044062393869325e+01
6.068069884063248054e+01
6.087075033511945321e+01
6.061405806418632380e+01
6.054958740867973432e+01
6.027518561108897899e+01
6.051968130216860686e+01
6.075403779872529242e+01
6.130459534419217249e+01
6.024225942036945725e+01
5.905614439011329608e+01
5.983105949629703701e+01
6.025240700648340209e+01
6.008688169770599785e+01
5.997886629330799479e+01
5.988387682433166503e+01
6.144226625855188928e+01
6.077456676637553556e+01
6.105365793417519171e+01
6.029486185676184107e+01
6.016684421741308597e+01
6.138363818329300159e+01
6.022634690686654579e+01
6.044109935260876654e+01
6.182149587941217561e+01
6.217337866685748793e+01
6.093222126208545575e+01
6.028410264124117646e+01
6.084847580015340895e+01
6.154165369352371329e+01
6.064123949596259422e+01
6.131192505392424152e+01
6.204207027243764117e+01
6.066576856441536592e+01
6.022800302867150890e+01
6.176286377978055953e+01
6.230656245282564498e+01
6.065922673006269861e+01
6.131884618662873265e+01
6.134348727647392963e+01
6.094217611059549711e+01
6.232669693376011111e+01
6.232959839763016419e+01
5.986357562067311022e+01
6.162637144034563619e+01
6.240876993427909269e+01
6.136160151394182094e+01
6.169128977684960091e+01
6.103514408663844648e+01
6.224449234743944004e+01
6.279144176211568151e+01
6.027129098787003869e+01
6.187170917559662797e+01
6.200902780734705289e+01
6.166091083363323122e+01
6.179804651731070919e+01
6.194741249316973608e+01
6.274916122505052840e+01
6.077166894310703071e+01
6.263639511270730509e+01
6.257420375763469877e+01
6.138863148726284180e+01
6.202302454078866845e+01
6.317390445935764376e+01
6.184007566502519637e+01
6.226251085197670676e+01
6.317368577218380210e+01
6.135160383494366698e+01
6.297815096027927950e+01
6.198685012337555378e+01
6.244944769869058376e+01
6.310610378376301810e+01
6.252969686930494220e+01
6.261879561124192151e+01
6.274264113074814020e+01
6.218586034770914495e+01
6.322282966047694686e+01
6.205231605351287527e+01
6.250445209002251801e+01
6.273962401497308861e+01
6.291316772519635947e+01
6.301514312031361698e+01
6.294692910921572349e+01
6.263687911629921956e+01
6.326383859830465184e+01
6.267879881359956329e+01
6.270817089759298568e+01
6.314197030602736049e+01
6.261139565790060146e+01
6.334187240147069531e+01
6.314623181937177776e+01
6.311763580494411485e+01
6.347153795964963763e+01
6.277579306391641012e+01
6.337406835545568384e+01
6.310140759046559822e+01
6.347654857968191067e+01
6.285933196746896812e+01
6.407632897432814900e+01
6.304836962773579501e+01
6.336075611201269453e+01
6.368609803293423965e+01
6.358683782869657364e+01
6.387040779331300655e+01
6.338532398895993225e+01
6.410274358522906368e+01
6.371192415630335404e+01
6.342174888662548682e+01
6.359610838804391619e+01
6.388706764572467733e+01
6.412281136511862201e+01
6.365946142450408729e+01
6.343545561326334337e+01
6.409302588933965694e+01
6.389818877893752358e+01
6.371158935058279837e+01
6.423534781892573164e+01
6.385788772873860353e+01
6.333419434403548109e+01
6.494721644995611598e+01
6.458474145569245195e+01
6.389342987725875389e+01
6.394716472122322415e+01
6.434903106553196039e+01
6.423421389666413006e+01
6.338647850782432158e+01
6.390248689618039180e+01
6.514883234085758090e+01
6.552444872254517350e+01
6.476967243877841440e+01
6.399610685659638420e+01
6.458175006588419365e+01
6.496284254780361778e+01
6.516679647047028823e+01
6.508020324076755969e+01
6.405665307401152120e+01
6.415710259649091540e+01
6.357500988462252423e+01
6.430085770256665967e+01
6.469215032034901469e+01
6.524483933492476240e+01
6.481559301701604170e+01
6.483228112203217108e+01
6.472368274195706306e+01
6.448105077221637771e+01
6.477427681047952035e+01
6.488688817087607674e+01
6.496897932389235564e+01
6.517188471890328572e+01
6.508152600184631353e+01
6.481407385737932714e+01
6.522908239092230076e+01
6.455236907765679177e+01
6.416093477957416269e+01
6.440846773509471745e+01
6.423898886502657035e+01
6.453009557727462209e+01
6.497472117001450442e+01
6.490964184585629937e+01
6.494811675819930485e+01
6.478482325796878172e+01
6.467229260636769084e+01
6.569800293969890959e+01
6.587760320188905894e+01
6.569368204205314044e+01
6.587260635271934461e+01
6.566645316345001504e+01
6.597287331217026463e+01
6.557654152572494866e+01
6.456112270606421077e+01
6.487252599548385490e+01
6.592383111108675564e+01
6.640823660440064202e+01
6.560599156899934314e+01
6.543476519593690455e+01
6.591267126304825297e+01
6.532747281150362539e+01
6.494471253814555212e+01
6.632002082622696548e+01
6.646117816708080284e+01
6.539239909375109505e+01
6.600120440922358966e+01
6.575672159694838115e+01
6.616375285454967070e+01
6.651412945655175690e+01
6.504909420369591544e+01
6.560426992901987830e+01
6.671071993203494799e+01
6.578866289459750760e+01
6.563288403031984330e+01
6.657048258917272676e+01
6.653018578863277810e+01
6.568104487566488103e+01
6.661407777405281649e+01
6.650902120765434233e+01
6.532744529584297766e+01
6.661131462785634483e+01
6.645501671277075673e+01
6.570777100373751978e+01
6.740406379110365265e+01
6.529936611035141425e+01
6.686803541974481391e+01
6.651416268345298022e+01
6.634112993672859204e+01
6.694721413879877048e+01
6.547741409502401666e+01
6.719909956238437587e+01
6.528015719611427414e+01
6.752481173528727254e+01
6.578419696711651454e+01
6.794117940873128703e+01
6.578174796381395595e+01
6.734746521396564845e+01
6.599553489179737653e+01
6.761439374446317174e+01
6.590495984868826440e+01
6.794816240980713928e+01
6.589815361338659727e+01
6.733135803260638852e+01
6.694316474710595344e+01
6.659830475028796570e+01
6.731348341159278448e+01
6.647359084416824260e+01
6.755145349718149816e+01
6.693852478787030691e+01
6.639026954198942576e+01
6.750568546310043416e+01
6.737961334116698708e+01
6.678062051224719653e+01
6.737923374121427855e+01
6.712071327493788431e+01
6.724107989889371595e+01
6.746137779499170506e+01
6.678754166729855513e+01
6.679550174075797031e+01
6.754726098521211952e+01
6.775584392109483645e+01
6.744629040272459974e+01
6.716025025990782638e+01
6.727848464356105751e+01
6.686908722812547978e+01
6.678792201370035286e+01
6.729250215760777110e+01
6.781967126008018454e+01
6.797143599950024395e+01
6.794159438210985513e+01
6.782129196979968810e+01
6.795232813768775770e+01
6.790545524811462030e+01
6.804867594639236472e+01
6.788261802325351368e+01
6.762653851473287148e+01
6.749581662081509137e+01
6.731525702841649661e+01
6.769518515377743029e+01
6.744457662137361353e+01
6.784473480985741389e+01
6.820029998367516555e+01
6.842216640157586482e+01
6.853713342829615840e+01
6.871658154255845830e+01
6.870205253917683308e+01
6.848017376511154453e+01
7.332663323322209692e+01
7.307846636715805744e+01
7.195700861227514622e+01
7.234825583087341272e+01
7.206059288171454114e+01
7.317197872228540234e+01
7.344478836734565164e+01
7.391468290909502059e+01
7.301505851755322851e+01
7.213426303822511443e+01
7.190267590358429572e+01
7.245621261554846626e+01
7.347055397763301698e+01
7.318055971162888795e+01
7.250270240469787097e+01
7.237739314520557343e+01
7.349844272555579039e+01
7.347256290865361450e+01
7.229601250004930080e+01
7.189506858899805763e+01
7.358356054929335244e+01
7.321421323026430628e+01
7.233701257231258808e+01
7.252993762754857698e+01
7.305108949495544834e+01
7.269899208577794525e+01
7.274392872531859666e+01
7.319995687526589734e+01
7.177734956621283402e+01
7.333703840670972340e+01
7.355127594716333306e+01
7.159584191868623293e+01
7.335931310326181176e+01
7.271359557012503672e+01
7.250442400043839086e+01
7.348813241922739792e+01
7.301892697957117662e+01
7.335614049458861530e+01
7.237289960706294778e+01
7.377852446870939218e+01
7.248108684194805562e+01
7.303015952751715645e+01
7.334865794829514130e+01
7.258472075218850250e+01
7.366168503385948441e+01
7.266739886619576794e+01
7.319591667326074003e+01
7.318067411918890741e+01
7.273603395928196846e+01
7.387380285597751595e+01
7.249966661716341321e+01
7.395221440378105626e+01
7.256032701595832179e+01
7.365163540893502159e+01
7.309553378025348991e+01
7.291261708134948094e+01
7.355486181546342550e+01
7.261440387846083411e+01
7.335574216087826471e+01
7.371813820757112978e+01
7.274048536416977129e+01
7.360359159399206419e+01
7.335361475015221799e+01
7.312996498917787846e+01
7.370774226402535589e+01
7.350993673068357737e+01
7.280194094646923020e+01
7.321633140948334528e+01
7.360886050545170178e+01
7.293648679901116338e+01
7.334105216400766381e+01
7.359964393314977826e+01
7.322110615304735859e+01
7.336287406061694583e+01
7.306456289605003462e+01
7.304473147129209565e+01
7.385056658525553530e+01
7.376944965909386553e+01
7.281190589787549072e+01
7.337937762345001147e+01
7.386015201111993633e+01
7.358540171784387951e+01
7.312230754855141868e+01
7.333358739559879780e+01
7.395077257892046418e+01
7.386914622042124279e+01
7.283081285888677314e+01
7.276161511351402567e+01
7.326004813612173905e+01
7.418251584044996605e+01
7.397937074147820624e+01
7.390999626290016522e+01
7.329342947381351792e+01
7.314688805404526306e+01
7.348661552758126447e+01
7.369289633662269523e+01
7.384254541120263582e+01
7.373415260734799404e+01
7.377872443349886566e+01
7.346687107942005923e+01
7.312408078012413171e+01
7.307952135606716126e+01
7.296493921746375122e+01
7.316218958549245599e+01
7.329114665723915323e+01
7.358146986631649611e+01
7.373650359374201457e+01
7.379182989459364705e+01
7.342524009307410893e+01
7.366980338643081438e+01
7.365316710369751263e+01
7.364663171753170445e+01
7.340183002266309131e+01
7.332789230775665601e+01
7.352505181963023517e+01
7.360230215400818565e+01
7.353425739332899980e+01
7.362980808670545230e+01
7.402051491435219077e+01
7.345835996508557741e+01
7.397332562080910634e+01
7.390247639322113571e+01
7.378322590560941308e+01
7.355800636165324136e+01
7.337782296012828454e+01
7.401403744915120342e+01
7.432053285526612285e+01
7.379053489262983589e+01
7.344655782066948291e+01
7.364233282011242920e+01
7.415210339522462846e+01
7.388518656316297495e+01
7.390932123870932458e+01
7.389436307698572648e+01
7.367890000398180916e+01
7.365780195385816853e+01
7.430028909498254563e+01
7.401141459650496301e+01
7.334293540939080458e+01
7.413258904155736673e+01
7.435729128807254540e+01
7.361408744780041502e+01
7.382073570860406164e+01
7.406708469319188737e+01
7.412061847753872712e+01
7.386920792210992204e+01
7.404333802418318555e+01
7.431926089379540201e+01
7.356684582741922895e+01
7.432207325974881940e+01
7.431570499759619963e+01
7.376625449442440186e+01
7.413761388930834073e+01
7.413186736384872688e+01
7.370802902211879370e+01
7.454394876604888509e+01
7.392046705854042443e+01
7.450982679907770034e+01
7.387057675605697682e+01
7.419980444336148651e+01
7.413608784854493194e+01
7.414552102961141600e+01
7.376401202624910525e+01
7.399698965859403188e+01
7.391841944775723050e+01
7.401974824736298331e+01
7.410981656423676611e+01
7.375723402937532569e+01
7.444079171172279530e+01
7.366248487987105875e+01
7.438451630334111542e+01
7.414861815384439581e+01
7.408032868800594883e+01
7.473568825978313157e+01
7.393864796630735725e+01
7.404189847600471808e+01
7.436108534890264821e+01
7.389501087014578218e+01
7.408480536789636517e+01
7.442319337431234771e+01
7.437669361936545442e+01
7.380564270662007686e+01
7.456529426653274584e+01
7.456606284637021531e+01
7.392800794784010066e+01
7.415858491278599729e+01
7.443190171373190367e+01
7.400886813196609637e+01
7.396333010872062630e+01
7.422527187148412509e+01
7.418097596650837033e+01
7.455866785254593765e+01
7.424196017173052553e+01
7.376528336409778319e+01
7.374076842234536855e+01
7.453889829052523908e+01
7.481118100560672701e+01
7.415450100748881823e+01
7.366189644792501667e+01
7.386828313395662349e+01
7.424062198122695122e+01
7.448832905488137612e+01
7.431312209526998913e+01
7.435167609521234056e+01
7.458775309208498072e+01
7.453113857494332706e+01
7.409389639976694752e+01
7.353897363695344325e+01
7.368209238775372683e+01
7.386515234476365777e+01
7.438007914919948860e+01
7.446657144589043753e+01
7.450044998892177261e+01
7.413853478241870221e+01
7.420286198276926370e+01
7.418922603658690207e+01
7.437649016920738632e+01
7.443658538796725566e+01
7.485999448757118557e+01
7.489698610872818563e+01
7.476891083794346571e+01
7.459088422160843379e+01
7.442629487129499921e+01
7.420200569504689270e+01
7.413274281641329821e+01
7.389282476645396969e+01
7.357822107523935529e+01
7.364977444936106110e+01
7.389392392143891186e+01
7.385391708298648439e+01
7.412444463610941625e+01
7.434843295442649946e+01
7.426413571948113201e+01
7.461807729122632793e+01
7.430063791201182255e+01
7.414536568373398495e+01
7.420982063860090250e+01
7.405416468288022713e+01
7.412878544596968311e+01
7.433375992321496994e+01
7.426272853807181207e+01
7.432591525204055927e+01
7.392217645809537885e+01
7.429972392148778226e+01
7.459734651158066754e+01
7.491088662310875179e+01
7.486510074613801180e+01
7.445829177403760468e+01
7.421308166074717860e+01
7.416774815243297780e+01
7.422327693843030261e+01
7.435360428701285684e+01
7.470001998275117217e+01
7.485140701776580840e+01
7.451659533159342175e+01
7.386980161847105819e+01
7.418002284525789491e+01
7.464634639353295142e+01
7.506934239745261550e+01
7.420647204284063037e+01
7.417115864223146104e+01
7.409444576647685210e+01
7.479432440896749767e+01
7.477519458485134862e+01
7.419675724788130822e+01
7.428316845183920236e+01
7.502879704134227268e+01
7.463412500668491134e+01
7.395465697914265490e+01
7.474615782645817319e+01
7.457125700488927578e+01
7.451118852135172688e+01
7.443499640092140623e+01
7.473034605168044209e+01
7.451031179378900049e+01
7.427146494892549811e+01
7.465777880086947960e+01
7.417842712235858471e+01
7.459381664608618223e+01
7.469897553400885215e+01
7.437612657706718267e+01
7.486555824698575634e+01
7.439412311690230695e+01
7.459376232423605302e+01
7.428218682074508195e+01
7.470812989916541369e+01
7.427896207276444329e+01
7.475378118939114813e+01
7.427289729199971191e+01
7.494398435126115032e+01
7.407400327762084657e+01
7.493215355214157114e+01
7.423337552963037922e+01
7.485391116219481944e+01
7.423659744830756324e+01
7.474446878637411373e+01
7.444332413635154921e+01
7.450143059364440035e+01
7.479699606733026940e+01
7.414632081095456329e+01
7.476762851296979306e+01
7.443794701965330773e+01
7.437738846201753518e+01
7.452376590020722347e+01
7.424700505414789120e+01
7.498603766282522542e+01
7.414715515522158285e+01
7.458889159078839270e+01
7.517751235801055998e+01
7.434429757137834827e+01
7.484279915936605221e+01
7.458763972224132033e+01
7.445095266653338228e+01
7.451146598865558701e+01
7.459908854677453860e+01
7.464427613943887252e+01
7.428887338265732865e+01
7.499137203250980122e+01
7.455129403842451552e+01
7.414100173626118817e+01
7.501156270729927655e+01
7.433994037019242285e+01
7.440239359394063001e+01
7.472027248791508214e+01
7.458706853802310377e+01
7.453825869937710991e+01
7.439315581546715350e+01
7.435127385803347977e+01
7.485649426045360144e+01
7.501726360096095902e+01
7.430181979027815942e+01
7.425838073267536288e+01
7.474803327562989352e+01
7.465466757789170060e+01
7.447354861708362250e+01
7.457519497941206055e+01
7.467490186173074562e+01
7.434558158775284653e+01
7.457144346749294073e+01
7.499350764822541748e+01
7.495076192218610345e+01
7.442008906614729824e+01
7.422945692075421675e+01
7.456162338188927663e+01
7.483571145134538938e+01
7.490831027708060219e+01
7.468972160873332200e+01
7.458626915619198883e+01
7.444589230630839438e+01
7.457354066416408500e+01
7.473287750569534182e+01
7.455502594263283811e+01
7.448555805439936250e+01
7.451083965627256589e+01
7.467969196982623714e+01
7.472827085350522225e+01
7.482384744703820445e+01
7.496409751072010863e+01
7.481837260999172656e+01
7.477801203572779798e+01
7.465661839918540466e+01
7.458544741870041150e+01
7.466928919556772826e+01
7.490867264210721999e+01
7.511604292672069505e+01
7.517045438431108551e+01
7.526929411408252690e+01
7.511879805304039337e+01
7.510799635620736581e+01
7.503277772554683622e+01
7.493869721481402735e+01
7.483920914168257355e+01
7.476614310099657246e+01
7.478853120554603606e+01
7.472506019052323722e+01
7.453596732521955914e+01
7.464521324864116991e+01
7.449598868559149878e+01
7.454828587802623474e+01
7.470087545045048216e+01
7.468420646104482330e+01
7.485545058423608111e+01
7.486913164175773261e+01
7.503374809668824241e+01
7.492261892962389425e+01
7.489471753965605672e+01
7.474901823128361400e+01
7.457891567501737029e+01
7.467086341756092338e+01
7.487593832729783117e+01
7.510486788756051624e+01
7.525643167240812659e+01
7.527357579808237631e+01
7.498250218506700548e+01
7.459221244000502793e+01
7.460911655463333148e+01
7.495945042105995526e+01
7.517253029784983198e+01
7.522968916745546153e+01
7.485935365014688614e+01
7.478437426418575740e+01
7.512929004873535632e+01
7.547650013872359409e+01
7.543600802123944504e+01
7.477369302706108556e+01
7.448089826623152021e+01
7.498112014951233562e+01
7.521370556882460789e+01
7.546418697483402127e+01
7.516458500203373205e+01
7.505500112476698860e+01
7.510641490459170200e+01
7.484697543320665147e+01
7.487493533256511569e+01
7.514200557352560850e+01
7.570003075732691400e+01
7.508935748464440962e+01
7.447393086349239866e+01
7.503290809470132672e+01
7.562027983856697233e+01
7.513132240008039275e+01
7.498047983304209652e+01
7.532990136558252914e+01
7.498401291295428450e+01
7.518287556671748462e+01
7.544093803235745099e+01
7.482769610999537235e+01
7.483154894306041172e+01
7.581358999848325197e+01
7.518593907043756985e+01
7.456062347417031333e+01
7.575239046696043488e+01
7.530377143679091034e+01
7.484024929241458324e+01
7.547269682275390323e+01
7.497169831278748120e+01
7.556389495541830570e+01
7.532289147858209333e+01
7.475834869418106621e+01
7.579038768260180348e+01
7.479760940529671132e+01
7.524283944598312246e+01
7.556724728712933370e+01
7.484456471307754555e+01
7.569039800082028080e+01
7.498508139542931872e+01
7.549626304834572466e+01
7.530983827393875174e+01
7.520755554500797757e+01
7.557214746571852970e+01
7.511597634603259621e+01
7.562409656087095300e+01
7.499362145764656873e+01
7.558152239754276991e+01
7.505146703191408619e+01
7.580400060710152843e+01
7.498225303990071211e+01
7.563230162381222499e+01
7.531295499399836046e+01
7.539542636431883693e+01
7.529318169380482573e+01
7.557655857553089618e+01
7.534016995143106499e+01
7.553876988482838328e+01
7.509950131548619368e+01
7.567823318452555270e+01
7.505466201614568433e+01
7.582698586474923275e+01
7.504992872215910893e+01
7.585422975733075646e+01
7.501310188887021013e+01
7.580157280378440987e+01
7.517956843933973232e+01
7.568273169864332317e+01
7.547471118760364561e+01
7.529824522248046037e+01
7.555934605612834787e+01
7.536825771286717668e+01
7.562577951653747732e+01
7.530696795435750346e+01
7.554047231090856940e+01
7.571569715006489787e+01
7.522600181896706317e+01
7.580179046025064338e+01
7.537544257919986990e+01
7.573619155723444862e+01
7.571010004838319674e+01
7.532987502477116948e+01
7.585361453498941842e+01
7.520027748398807432e+01
7.590226807686372013e+01
7.530617855255098902e+01
7.574586172723775235e+01
7.529414494771367572e+01
7.574679652914356609e+01
7.526803519843656431e+01
7.546628623250582280e+01
7.613873152336213934e+01
7.486638097869236219e+01
7.611045631637095710e+01
7.552515648198438214e+01
7.533354319226423002e+01
7.598232320201121581e+01
7.534033148601635332e+01
7.574582896151439115e+01
7.551421892298020566e+01
7.566007017495935827e+01
7.599768392498569369e+01
7.517357367485564623e+01
7.572269396439072864e+01
7.581973142137425725e+01
7.513525778749706774e+01
7.588940790989316554e+01
7.571662546368537505e+01
7.558189869047848219e+01
7.589988956160631517e+01
7.564390712907400882e+01
7.565087209802912582e+01
7.586328306841002700e+01
7.557333693773293248e+01
7.550184535702653932e+01
7.611649607286429386e+01
7.581768157824600962e+01
7.553451656836885775e+01
7.561714743162079344e+01
7.593009667932969364e+01
7.570888947074759301e+01
7.573896818269527387e+01
7.554983915776647052e+01
7.545601835284107040e+01
7.587884329776998982e+01
7.621738890662031451e+01
7.556497585749954737e+01
7.529725292971033923e+01
7.598988707295889355e+01
7.595175596301631060e+01
7.587005477767095840e+01
7.577145375438017538e+01
7.582990492462559473e+01
7.572646319911588364e+01
7.551675214252198032e+01
7.566972716698720092e+01
7.623957298152339490e+01
7.614208845606225395e+01
7.561416770617543648e+01
7.548739697156511852e+01
7.564157109508558108e+01
7.609300421068130049e+01
7.591871135029641948e+01
7.549913223554693786e+01
7.575361663814612712e+01
7.624384230296138298e+01
7.623391102243191142e+01
7.602326144441944678e+01
7.542865446258595341e+01
7.530774886542788238e+01
7.562992210517664660e+01
7.618047773318002669e+01
7.610059114225853705e+01
7.609427833813124664e+01
7.569343544060082252e+01
7.568504259690891445e+01
7.589444627324719761e+01
7.625248170899924105e+01
7.633057408016567535e+01
7.615694491944334743e+01
7.578057038802749901e+01
7.547511659584758092e+01
7.523119037443959201e+01
7.560651818787914635e+01
7.594398060666195249e+01
7.617106482143158530e+01
7.602772471282354161e+01
7.596479557705809782e+01
7.571936166428901060e+01
7.565641667775021517e+01
7.559627988494825956e+01
7.556666685755585888e+01
7.577416957748209825e+01
7.596272179491877807e+01
7.602981889495291057e+01
7.600517684463760304e+01
7.589696027649110022e+01
7.578970112799476055e+01
7.578774140510410007e+01
7.579963164353087279e+01
7.569549269164524219e+01
7.574204742129809631e+01
7.566037236202234340e+01
7.574044684133556871e+01
7.586950803782035280e+01
7.597712819023695374e+01
7.608364397319908790e+01
7.615991189467598588e+01
7.609882077294085434e+01
7.613322951996272536e+01
7.628348758513858741e+01
7.627044885679664787e+01
7.625698124928516108e+01
7.621305493526180896e+01
7.611777491446359534e+01
7.613726824154829842e+01
7.603274217777331501e+01
7.603693248099335733e+01
7.588408197823156343e+01
7.587611644002403466e+01
7.590047077978118750e+01
7.609961308426123594e+01
7.619268206189394732e+01
7.618550181547684019e+01
7.626724622424727329e+01
7.629367522454310802e+01
7.617514797307363494e+01
7.620641614328164337e+01
7.623686727699316634e+01
7.625625257012279690e+01
7.637313956408385707e+01
7.631526763519242706e+01
7.628687576364823997e+01
7.610893229122638104e+01
7.592292949071735109e+01
7.573694265501046630e+01
7.591390135085680413e+01
7.606433374228610944e+01
7.634326326121963291e+01
7.633482161845753922e+01
7.633804695851193856e+01
7.612376016117471522e+01
7.588059703666608868e+01
7.607632448158082639e+01
7.637422424639461838e+01
7.612219063264458896e+01
7.607846270798690114e+01
7.576677121366765277e+01
7.587526830188191695e+01
7.619001061907222550e+01
7.646003512934724711e+01
7.655829617603886561e+01
7.617041237059821412e+01
7.598015003260621825e+01
7.590873466359808219e+01
7.606313293412976861e+01
7.603994353292455344e+01
7.601927183814677846e+01
7.607955632428590320e+01
7.646102682871965328e+01
7.635057054922717157e+01
7.601007125233842032e+01
7.573214605028715596e+01
7.608983955436967506e+01
7.641340728423556072e+01
7.642364234743604356e+01
7.607619059818865992e+01
7.617777140173531336e+01
7.615598299040881614e+01
7.616622935383054482e+01
7.599665356397858318e+01
7.644423331129178223e+01
7.629663975733744508e+01
7.612751625029108027e+01
7.586825218365113699e+01
7.616834538379853825e+01
7.648319131453605735e+01
7.614092485566243340e+01
7.614270973999038006e+01
7.639246984751524394e+01
7.412418129211792461e+01
7.388438940148012080e+01
7.396321496644867466e+01
7.406041293266639514e+01
7.392194693614565892e+01
7.386845882885435799e+01
7.405030180489339386e+01
7.381658978582181874e+01
7.378156235327389822e+01
7.401063424130424551e+01
7.391669072453299805e+01
7.369707916991630725e+01
7.382522932032613028e+01
7.395660969647104821e+01
7.366455220484820643e+01
7.376504575838730204e+01
7.373243717841592115e+01
7.377905534035191693e+01
7.379159552260794896e+01
7.364007053196770869e+01
7.367007946341809088e+01
7.385324851030902948e+01
7.373893696724572067e+01
7.354656914824455782e+01
7.383081700957836802e+01
7.369596658036263648e+01
7.356278313591234053e+01
7.377532722923868391e+01
7.357887166901257103e+01
7.362286131393669564e+01
7.361674663845695932e+01
7.354474918555982299e+01
7.367064740702376469e+01
7.351437580949929895e+01
7.355072057510548689e+01
7.368579709383696752e+01
7.336866168641756758e+01
7.361410365440741543e+01
7.359154871608218684e+01
7.334272562308926524e+01
7.358452304906779773e+01
7.342926424443795952e+01
7.342918045335875377e+01
7.341847523719557955e+01
7.346664547067271656e+01
7.338807052921939089e+01
7.338304975904154048e+01
7.355652191463497047e+01
7.328854125048596302e+01
7.338635138023094839e+01
7.349161611979727127e+01
7.318034449300523647e+01
7.350355506579168718e+01
7.327608764511819572e+01
7.330741075022824305e+01
7.327765591520517319e+01
7.338788870124921004e+01
7.311953907638722683e+01
7.331711627650697949e+01
7.325436636171068017e+01
7.314004066047458252e+01
7.335783503443825282e+01
7.296076122208567938e+01
7.333857166716327924e+01
7.300204739105436147e+01
7.323886003987351501e+01
7.307717392786668142e+01
7.309156081520799830e+01
7.310721194646636434e+01
7.308484625482645924e+01
7.307841317749742416e+01
7.299680930367576082e+01
7.308711646539599371e+01
7.305173595147709875e+01
7.301395683606149589e+01
7.299228167633175701e+01
7.310276983464139278e+01
7.301013478716021154e+01
7.305562147049687383e+01
7.285810832073703125e+01
7.309387427278767291e+01
7.285076208625979177e+01
7.307756582709016868e+01
7.288571703543024682e+01
7.296255847159589791e+01
7.290344536621662996e+01
7.279253097989511900e+01
7.294994745980494599e+01
7.269479927446039369e+01
7.309101794645096106e+01
7.260149186116686337e+01
7.301512455598302154e+01
7.261128069206691293e+01
7.295112739979963123e+01
7.259398498291250235e+01
7.283063595757656117e+01
7.264976839095996297e+01
7.276204353651672818e+01
7.266049739447198874e+01
7.265904335447291373e+01
7.280378019173775783e+01
7.251468380836334404e+01
7.283948493477683428e+01
7.249988536377964010e+01
7.283923201128807534e+01
7.247216012512383543e+01
7.277791739123422587e+01
7.247323487861842750e+01
7.263418641382487806e+01
7.249736624440176058e+01
7.257255621761018460e+01
7.263421958357584174e+01
7.252523244350952325e+01
7.251632591574582420e+01
7.256807677587192984e+01
7.244476627511539846e+01
7.250875713635633701e+01
7.239900818384219860e+01
7.250791634359623572e+01
7.243926483513847359e+01
7.235808847025496959e+01
7.254100010424963330e+01
7.235746660543941289e+01
7.250113286687364678e+01
7.238712606204232713e+01
7.240213561006204657e+01
7.244183678715957342e+01
7.233897762815396959e+01
7.232621453508181730e+01
7.231181704670913746e+01
7.226242231416270556e+01
7.232264014761594240e+01
7.244333410283600472e+01
7.214701964935640888e+01
7.243990661823579558e+01
7.212989706499671172e+01
7.239588748362336901e+01
7.222558015792071728e+01
7.216770079701261409e+01
7.228493330447585663e+01
7.204591555150960858e+01
7.220129495349124227e+01
7.198314093680652093e+01
7.223187055412607549e+01
7.199723631567168525e+01
7.211715161430383603e+01
7.218007381285721635e+01
7.190347447662145441e+01
7.226495977787979541e+01
7.194388186983132982e+01
7.210903750058636774e+01
7.202984042092046479e+01
7.207568470212206080e+01
7.195864766153857772e+01
7.183002659809231716e+01
7.214364759422853979e+01
7.172863961985279957e+01
7.192536123187701946e+01
7.218637221607770016e+01
7.157853054778605895e+01
7.201074267119797412e+01
7.196622987468236943e+01
7.174537806098453530e+01
7.193147244988604427e+01
7.197825690438804713e+01
7.175430273250766788e+01
7.175492701800611428e+01
7.189066999998237861e+01
7.191004753716364917e+01
7.161962354215482662e+01
7.188201259159035317e+01
7.187523668955083167e+01
7.165391341458625618e+01
7.166420648646582947e+01
7.186918398771506133e+01
7.173462332117168216e+01
7.158277371029268465e+01
7.163077607337594088e+01
7.178639792277162712e+01
7.157110424160265438e+01
7.152514546320091426e+01
7.165164967066822044e+01
7.171235868621329246e+01
7.147186908460534482e+01
7.146552144159466025e+01
7.172259344163613548e+01
7.159849617580233883e+01
7.136112646741398180e+01
7.144035471207729415e+01
7.178214839186398422e+01
7.153478584141265628e+01
7.124636085842956845e+01
7.152667492752378564e+01
7.169799405023888994e+01
7.133233953599047084e+01
7.131936250936409749e+01
7.142558349863377032e+01
7.146104416201373510e+01
7.137373352362365608e+01
7.136605530001830289e+01
7.134604218812401655e+01
7.141688206818460571e+01
7.155966584282283804e+01
7.123977613233500961e+01
7.109496792832834444e+01
7.151226902655297124e+01
7.148224959617600405e+01
7.103488178748310133e+01
7.108120561400329507e+01
7.141039183820466008e+01
7.126295009647274981e+01
7.119074295994575152e+01
7.125025006634186298e+01
7.115670503617135978e+01
7.103923393773983719e+01
7.134802651662747053e+01
7.135112406156855513e+01
7.089324854442699575e+01
7.100816266585903236e+01
7.132579642004007781e+01
7.127226514607521324e+01
7.091753682735719622e+01
7.092167410366855052e+01
7.115185486756794830e+01
7.099103362646741289e+01
7.104493042853169982e+01
7.114575819438623228e+01
7.106112034118085319e+01
7.076149877065846283e+01
7.090480727875376488e+01
7.124217144131394264e+01
7.106811018951405856e+01
7.083924875415696931e+01
7.075492540244147222e+01
7.098101735963392400e+01
7.097978797231259307e+01
7.097666613169970162e+01
7.096056538616085163e+01
7.077664518579464925e+01
7.069275106474405845e+01
7.073388906543806343e+01
7.086325595533369892e+01
7.098115404589452737e+01
7.086647652860969515e+01
7.068413844366855869e+01
7.072047696341164169e+01
7.071410463024795945e+01
7.074984448067456810e+01
7.083782847043596576e+01
7.090196406612720637e+01
7.077584009865560688e+01
7.048420161279545937e+01
7.043030538406034680e+01
7.072542543972835460e+01
7.085420177015328136e+01
7.073070716493427312e+01
7.063685528647707201e+01
7.054290064352542799e+01
7.054240438128931601e+01
7.055431943192427013e+01
7.047139736659516984e+01
7.050491376052657699e+01
7.066751418662011019e+01
7.073008406659926095e+01
7.062408948212082294e+01
7.045512988805432997e+01
7.031076207502563591e+01
7.033809246186305586e+01
7.043732753638524002e+01
7.053493498328629130e+01
7.056687639213768648e+01
7.047084493866000798e+01
7.047161163116777516e+01
7.042058049922985674e+01
7.040675872835382165e+01
7.031946561926507400e+01
7.020288560609063211e+01
7.023874503570633010e+01
7.029704653907160150e+01
7.037943890929115298e+01
7.045218393132594770e+01
7.054747376425204664e+01
7.042925974591091176e+01
7.025250756118418849e+01
7.017442933579390285e+01
7.014218724168902952e+01
7.010255047155061447e+01
7.017393966481223799e+01
7.014744918560938913e+01
7.011095303686107627e+01
7.016452571409760708e+01
7.022285105349395451e+01
7.030652875633565202e+01
7.035324916779757132e+01
7.031236348414999782e+01
7.026980739037485080e+01
7.002361527123403562e+01
6.992149568813724159e+01
6.983258416876097385e+01
6.995897067467662112e+01
6.996935311204082097e+01
7.006768277319326899e+01
7.004532087224032466e+01
7.006392946465334148e+01
6.998870407721094011e+01
6.995118821623412941e+01
6.999937829093639152e+01
7.006310449667785178e+01
7.008646061580608944e+01
7.019661773630004120e+01
7.017344607396313449e+01
7.012377263521106840e+01
6.996445318632889609e+01
6.990352403489978883e+01
6.988989496755343112e+01
6.983481009291071473e+01
6.986713573622881768e+01
6.991707318155569340e+01
6.993769183295171388e+01
6.988686223274991960e+01
6.979851529534489885e+01
6.971878996446376675e+01
6.967392792634818477e+01
6.961615999960982037e+01
6.968207435142704753e+01
6.977654912404710785e+01
6.982140046762376073e+01
6.990855585902193070e+01
6.983620951220233053e+01
6.979329801612901463e+01
6.975556254437589132e+01
6.977615624135383143e+01
6.976491158147857163e+01
6.982574004785294619e+01
6.979026573185451809e+01
6.989729410237029583e+01
6.990560607859210052e+01
6.990661584961908659e+01
6.985211533081357516e+01
6.983363938474325039e+01
6.982759540216042637e+01
6.973677350859698265e+01
6.985592273640918393e+01
6.989940841768338942e+01
6.991993535628057543e+01
6.982310166215731329e+01
6.986224250583761375e+01
6.996029445920771650e+01
6.983686291098784693e+01
6.982272808262844421e+01
6.976033944306779233e+01
6.968068355673128167e+01
6.964118303824450606e+01
6.956661689065174414e+01
6.960611428958529245e+01
6.967508764704396640e+01
6.967459332677221084e+01
6.980803643250857249e+01
6.988376514141219786e+01
6.990875997985497747e+01
6.997148841844405354e+01
7.002680948000019612e+01
7.003521985554286289e+01
7.000667686313741456e+01
6.993864712706391629e+01
6.986897465498115878e+01
6.993999941486607952e+01
6.984851619613543505e+01
6.987803634343836734e+01
6.990548036913924079e+01
6.975672103825155546e+01
6.978237734965462380e+01
6.986164162215183637e+01
6.984736897280792789e+01
6.991186479650971819e+01
6.986941187893803829e+01
6.991647892346351512e+01
6.992764010223508819e+01
6.998469828086611244e+01
6.996519405808349745e+01
6.989682646190932758e+01
6.990679088549879339e+01
6.991850170016542165e+01
6.987661782718294035e+01
6.992594826050759593e+01
7.005818658173113533e+01
6.997170373152887635e+01
7.005723373682687338e+01
7.005713571911039139e+01
7.017567599766184117e+01
7.016531314806928776e+01
7.009159220826145997e+01
7.022894633554149380e+01
7.015984404735185365e+01
7.010867841286500379e+01
7.008328370702162147e+01
7.006809356503163144e+01
7.000250095612355494e+01
7.009182476083763902e+01
7.009504245240823650e+01
7.010253417549267851e+01
7.012466036761392729e+01
7.025018084926462336e+01
7.028691224607105426e+01
7.024799013164796690e+01
7.022336710072606536e+01
7.020478686710886507e+01
7.016022830476130423e+01
7.015140973053858886e+01
7.011225790925230683e+01
7.014659091816515968e+01
7.018270052489327782e+01
7.030115323167348151e+01
7.033565546705210636e+01
7.040019320301107086e+01
7.040586316965564606e+01
7.036645571974194979e+01
7.032188748217951968e+01
7.026719084856794950e+01
7.029235048043153711e+01
7.023653629868391590e+01
7.029935451777133437e+01
7.035502781993005783e+01
7.047410375284673023e+01
7.047466646496285136e+01
7.052893865702675669e+01
7.052063328090417826e+01
7.046112237841681747e+01
7.038550065113918208e+01
7.028461059893527363e+01
7.026874357392365766e+01
7.031360237653886713e+01
7.036398110504035230e+01
7.037210951623706023e+01
7.037856375251742236e+01
7.030112294780749949e+01
7.022141834656309811e+01
7.024526359761803462e+01
7.020240197802813498e+01
7.040545211850482588e+01
7.045934478028408421e+01
7.050412137675021995e+01
7.052066188996126073e+01
7.066621797062940402e+01
7.068018989631293891e+01
7.063493692705100102e+01
7.068490874898256493e+01
7.069753794806663905e+01
7.076176169306522468e+01
7.071826170941731959e+01
7.069195074410305324e+01
7.058647951708849178e+01
7.042423502724321338e+01
7.034334034162679927e+01
7.035526999225285749e+01
7.040977636617375879e+01
7.055545680896517524e+01
7.059167620614765326e+01
7.058656948005545928e+01
7.060652509551181311e+01
7.063020053365941919e+01
7.075851683031420691e+01
7.076880969198101923e+01
7.085627783860168449e+01
7.083077864626534392e+01
7.066083844078127640e+01
7.069886385813619256e+01
7.068786749333843034e+01
7.068613039296732836e+01
7.070509816411532711e+01
7.065642310223788058e+01
7.063963447462016632e+01
7.061825167089109812e+01
7.069563906636156503e+01
7.080312003403791721e+01
7.083373720583166744e+01
7.079326396603833871e+01
7.079691544281958215e+01
7.085804444555185455e+01
7.080839158689583712e+01
7.091544467292808918e+01
7.089391536137929961e+01
7.082099574397096831e+01
7.069660507637544811e+01
7.066077953941086776e+01
7.072753745002856363e+01
7.084338126640031419e+01
7.092101647494570216e+01
7.090571773721977422e+01
7.085867294416395623e+01
7.094413644882044423e+01
7.107987772430553264e+01
7.105253858766428721e+01
7.099030485389232581e+01
7.073558916677225739e+01
7.067744296825451045e+01
7.080027603593164542e+01
7.102600599569655060e+01
7.105075202252879762e+01
7.115334904811084016e+01
7.107901406634488239e+01
7.093923296487410823e+01
7.102153549956095446e+01
7.098686872037687579e+01
7.084571431948393183e+01
7.082368266430975723e+01
7.090524045930563091e+01
7.114508701317153339e+01
7.120595224026732240e+01
7.117320364240787001e+01
7.100918378403446241e+01
7.096123983267102631e+01
7.096284820912566715e+01
7.115793190306558813e+01
7.105324984196109028e+01
7.107861313265610193e+01
7.114751217387673421e+01
7.117821758208560823e+01
7.116119588185378575e+01
7.103058570414265205e+01
7.096940529025930289e+01
7.108990917763455286e+01
7.127489982571218263e+01
7.126278997933948745e+01
7.115409582775713204e+01
7.106139315285608404e+01
7.113391285413706555e+01
7.120492639379183686e+01
7.133096516843900758e+01
7.115420487750141376e+01
7.119187202622657651e+01
7.124018586147425935e+01
7.125140506532389395e+01
7.123298726931662372e+01
7.117963576679656512e+01
7.117098335436736534e+01
7.135468981393574950e+01
7.136305449449029936e+01
7.122284297600509717e+01
7.118383346746773555e+01
7.129114271100134204e+01
7.130214424253777850e+01
7.137198825585977602e+01
7.133542372398507325e+01
7.127528747705309797e+01
7.135739494778118797e+01
7.138104497161049267e+01
7.138420365289779568e+01
7.139679359268851044e+01
7.145992198830788311e+01
7.137077352444345024e+01
7.121107387867408534e+01
7.138337538108865488e+01
7.146554396752401317e+01
7.158314935040236549e+01
7.134818817273729508e+01
7.124033402104817014e+01
7.138963672701700602e+01
7.154580081452010631e+01
7.152067799131741310e+01
7.149250264056047399e+01
7.142128697604329091e+01
7.140178924971033325e+01
7.139536630124595717e+01
7.145771932817832806e+01
7.158091017569533676e+01
7.162910061118682847e+01
7.146772963982759563e+01
7.142632220048221825e+01
7.161583255650249669e+01
7.171073527312780982e+01
7.163033396522222063e+01
7.152656966264083849e+01
7.148521507966871980e+01
7.154019750234832031e+01
7.153137441080198755e+01
7.168082518879768372e+01
7.173172739185169178e+01
7.159393179947359442e+01
7.151329559166647698e+01
7.151643699137517274e+01
7.177565183330814591e+01
7.160209041438874067e+01
7.153617941741030961e+01
7.171427313409380133e+01
7.175082219577362252e+01
7.162140370782539378e+01
7.156712738373464333e+01
7.171529576578959109e+01
7.179646869403973142e+01
7.169755985042618818e+01
7.164579458846367288e+01
7.174563617416143302e+01
7.173777532360576004e+01
7.176376908702724222e+01
7.176117814329528244e+01
7.184141185766415560e+01
7.174472578111404175e+01
7.165087446397278370e+01
7.178793530736794537e+01
7.195604660453520296e+01
7.171151382617777870e+01
7.166686491540831128e+01
7.181171645143541582e+01
7.186629658645048835e+01
7.190731665157927921e+01
7.186084092201951989e+01
7.168836448635475733e+01
7.173239816967569027e+01
7.184751332824417602e+01
7.208624629719980703e+01
7.185298332334897964e+01
7.169518436343349777e+01
7.193104054849720796e+01
7.201917847898927505e+01
7.184131996537780651e+01
7.185485802545693446e+01
7.203387860190532876e+01
7.196310885609167940e+01
7.190944114310963187e+01
7.203571075960903158e+01
7.199288386699163311e+01
7.185793235255755462e+01
7.201347388491862489e+01
7.210983972677210829e+01
7.194365352419815451e+01
7.188193892146124142e+01
7.207590163679827810e+01
7.208374420738141453e+01
7.196079138452320478e+01
7.209775551596817422e+01
7.219108041387200103e+01
7.198657628814405030e+01
7.197490694375561304e+01
7.210659338286922093e+01
7.214592307783166802e+01
7.207646708399997237e+01
7.210524870851266144e+01
7.209200833020635457e+01
7.211036336348794862e+01
7.215202780358636403e+01
7.214277211238500342e+01
7.201549024949454747e+01
7.220185148281956344e+01
7.222699026553991075e+01
7.204377776227688912e+01
7.209873170056998504e+01
7.225136546819744865e+01
7.217743575078641527e+01
7.209392596617905724e+01
7.220481774318810153e+01
7.224714027669141103e+01
7.221769312364617122e+01
7.226959804299254131e+01
7.214273129929830475e+01
7.215885689638633949e+01
7.236153165830106104e+01
7.223958056507026981e+01
7.209402816420708859e+01
7.230043028427212448e+01
7.237904767990690402e+01
7.216033091759817353e+01
7.229686907978094723e+01
7.244721632008446477e+01
7.223846367380951961e+01
7.249176193676591140e+01
7.262745812486713248e+01
7.243435550518265131e+01
7.230541888211452317e+01
7.270034583937410844e+01
7.241150023153709014e+01
7.240029403194577640e+01
7.243159932649790278e+01
7.237740448628296974e+01
7.255569945095477635e+01
7.269862302407392463e+01
7.225944443511032489e+01
7.247897940935668259e+01
7.274189164608981173e+01
7.215943123092748124e+01
7.228706368622570722e+01
7.263615134883036717e+01
7.229257152473938675e+01
7.192375495608622771e+01
7.266888711877523122e+01
7.239042328238494406e+01
7.211600302829134534e+01
7.239941550141807625e+01
7.222147372768466767e+01
7.232783547284364545e+01
7.239422504266534020e+01
7.204515336229063394e+01
7.257899278917315655e+01
7.243926194088714965e+01
7.196161530926391947e+01
7.240963649267555979e+01
7.248658848540355848e+01
7.189963074663666021e+01
7.221829143867398670e+01
7.233550577481739197e+01
7.198675751909451037e+01
7.231412480732979020e+01
7.211992501075468454e+01
7.217787322308589637e+01
7.235423764651397960e+01
7.188295945034593615e+01
7.233071379253327393e+01
7.251486228119823352e+01
7.171995016690506475e+01
7.217770768793252500e+01
7.255159369884947296e+01
7.178447766452518408e+01
7.218105740252701708e+01
7.237023003942699972e+01
7.200892125064045501e+01
7.216471942152233510e+01
7.204902802275930185e+01
7.200550717257303290e+01
7.228368476282554411e+01
7.178242230655189360e+01
7.216457891667954527e+01
7.224142468793606042e+01
7.159762613366761741e+01
7.222726780591953855e+01
7.209954582612284923e+01
7.172143741980693221e+01
7.220364355336728579e+01
7.186708794697830172e+01
7.185425435415606898e+01
7.219794193783899061e+01
7.166577890319138078e+01
7.208386144475343826e+01
7.204160844201931013e+01
7.161058807343876254e+01
7.212038478091707816e+01
7.189405792142264318e+01
7.181108821840032874e+01
7.198562337683648593e+01
7.167597074638240429e+01
7.208327995348977879e+01
7.163585758580329355e+01
7.172177658974359815e+01
7.218700533873614233e+01
7.155300368573294634e+01
7.185211781913172047e+01
7.204212149272721888e+01
7.140253423061852800e+01
7.198094430267745736e+01
7.185837554453021880e+01
7.163088870436655498e+01
7.173786242924182943e+01
7.166615797466681670e+01
7.187283134129714313e+01
7.157692054079134891e+01
7.173745785677678555e+01
7.209291621232530645e+01
7.132262191062000056e+01
7.173657957494397408e+01
7.195889059601888960e+01
7.128587962962278368e+01
7.185820573956728197e+01
7.170376094747523155e+01
7.142176038800508309e+01
7.180952425081105162e+01
7.170306209323415203e+01
7.165014372593654457e+01
7.154633882827073421e+01
7.179193625548579405e+01
7.150700097696969237e+01
7.145629203973201982e+01
7.185819991549125518e+01
7.144123379363875870e+01
7.144484173384640258e+01
7.168739505577332238e+01
7.136272363407579178e+01
7.165419010916605203e+01
7.152624974050056039e+01
7.144653314173764613e+01
7.155050213894080002e+01
7.165235299027810356e+01
7.146631136174774213e+01
7.134239153405967215e+01
7.184891825880266936e+01
7.133017736620391247e+01
7.148816269757142550e+01
7.169873630098922490e+01
7.121484016794866534e+01
7.149858520247758520e+01
7.148052801407163770e+01
7.135449111418587620e+01
7.147465532390954479e+01
7.149416808291348957e+01
7.126359757806470441e+01
7.131033322938915830e+01
7.130601829823416438e+01
7.138626092066360229e+01
7.144035832345166170e+01
7.124744582355044997e+01
7.138310464862331628e+01
7.134738800560381833e+01
7.131910240081990082e+01
7.138112745659145730e+01
7.112942700278505015e+01
7.135858354718803298e+01
7.124798587289232898e+01
7.114084149675286994e+01
7.124335114066690267e+01
7.122439500730537532e+01
7.128620163461135917e+01
7.113595637764524326e+01
7.137476501232589499e+01
7.114353154116929545e+01
7.117652984666976579e+01
7.141583250881923561e+01
7.085020829765537087e+01
7.139176646579380758e+01
7.113133828960350513e+01
7.096683186349403627e+01
7.150818665324842982e+01
7.095567039571798773e+01
7.114094343997754777e+01
7.130327720031908711e+01
7.099920796806073042e+01
7.093831098802475310e+01
7.128161799503006080e+01
7.092862258071144765e+01
7.092182383352465536e+01
7.131545730315009735e+01
7.065312364086702246e+01
7.138930466164998734e+01
7.090105082053152330e+01
7.069727138067919725e+01
7.131280370774676669e+01
7.091500686802432085e+01
7.096480062509256470e+01
7.111285296829956337e+01
7.103519034418265221e+01
7.069881092266409439e+01
7.125653452490577422e+01
7.075351384443641223e+01
7.114334953381801085e+01
7.120450284589193757e+01
7.068907703722524616e+01
7.132367290573476737e+01
7.064636469369187921e+01
7.098707465722837640e+01
7.097535343961040155e+01
7.084217646806192192e+01
7.087384038912880158e+01
7.088754751500782447e+01
7.085514431574191008e+01
7.061523046280423443e+01
7.103070012254674737e+01
7.069401510256983556e+01
7.117381242838904143e+01
7.055391912200269644e+01
7.107420761310798696e+01
7.067033701568081483e+01
7.099120306551250792e+01
7.070486953009518061e+01
7.064545117043248013e+01
7.105136638533890903e+01
7.047800846220161475e+01
7.075297960440218503e+01
7.069084038318879948e+01
7.074260167608200334e+01
7.073109739375298943e+01
7.069807485044810846e+01
7.061260407776134684e+01
7.068405351456105734e+01
7.069503054216043836e+01
7.066146642449025705e+01
7.070680738189348347e+01
7.045024673040033747e+01
7.091043038686397892e+01
7.030773019122780454e+01
7.073581555033455004e+01
7.058434415848262233e+01
7.051312948386468804e+01
7.076619951503150219e+01
7.066497830926249435e+01
7.025155184035328659e+01
7.061336229824232191e+01
7.045494300602919679e+01
7.060887114084322036e+01
7.052437095889798968e+01
7.035444660836257924e+01
7.080497366823411198e+01
7.025379646405212952e+01
7.066635859241462470e+01
7.031341963504269188e+01
7.043402614862156952e+01
7.025746449958928963e+01
7.039825317128332927e+01
7.045543090537503872e+01
7.036857727200813883e+01
7.041438139011640374e+01
7.043249057965687143e+01
7.033588169512999855e+01
7.046153542731424579e+01
7.022571594427733999e+01
7.044631209690086848e+01
7.040159829905225308e+01
7.038256177635199151e+01
7.056525025985619948e+01
7.009296365459414346e+01
7.082810346434757776e+01
6.998212311689952969e+01
7.036000752081763210e+01
7.057004840437994631e+01
7.020751127326944641e+01
7.041795040444134202e+01
7.024365585802007672e+01
7.017043213432366144e+01
7.074727564217810993e+01
6.971328642125109809e+01
7.058836147480711531e+01
7.005669607935377030e+01
7.018236402414866859e+01
7.048234695819076023e+01
6.990120936322594503e+01
7.051422758100153487e+01
7.001170193830068911e+01
7.027213014091329057e+01
7.038430088807727714e+01
7.002997886208623868e+01
7.029811277122288971e+01
7.014352172097153471e+01
6.995619373584750633e+01
7.043285612664158180e+01
6.970656423236016508e+01
7.053040527756462552e+01
6.998352576272931458e+01
7.013415831443168713e+01
7.009517708307430439e+01
6.996473848979248089e+01
6.997102874021986452e+01
7.002886424924221842e+01
6.995137483731568295e+01
7.033130317296672729e+01
6.988185633889214898e+01
7.029920133437968843e+01
6.991140262028861230e+01
7.014840685997978653e+01
6.988642234576532530e+01
7.018169209532062780e+01
6.984848164543433313e+01
7.005605256983005802e+01
6.988162799914725554e+01
7.020890697275555681e+01
6.979669191109900339e+01
7.013348340739148057e+01
6.989103500369432709e+01
6.996604669628069928e+01
6.995301259044724418e+01
6.983114001180014441e+01
6.992361932726738871e+01
7.000678124458522689e+01
6.967866003316652268e+01
7.007471612428457775e+01
6.974374620074785014e+01
7.000937875035461389e+01
6.970792511588655316e+01
6.994378426042196395e+01
6.985022881692310648e+01
6.974729669408633015e+01
6.985047839184633744e+01
6.972806945872585516e+01
6.989908605059591196e+01
6.985150067625868076e+01
6.995669205229069121e+01
6.973985439328740199e+01
6.960056100756335695e+01
6.996399292078476151e+01
6.955333052033522279e+01
7.006882458992868123e+01
6.940449672864689035e+01
6.995091262923791930e+01
6.950013042811424668e+01
6.991886670236054613e+01
6.967920908822634374e+01
6.970183438883584870e+01
6.976894348342662511e+01
6.968359961719065154e+01
6.980983659844152101e+01
6.962959972635844963e+01
6.964836280672119528e+01
6.982556024385274895e+01
6.952101901890577551e+01
6.987913579310176715e+01
6.937033870341264219e+01
6.997891350188908177e+01
6.941193330111384796e+01
7.001663754919709959e+01
6.945612470797313165e+01
6.972733148870494801e+01
6.970719638486519898e+01
6.950432059474221091e+01
6.982231794067881481e+01
6.946141525626190116e+01
6.982560018771613386e+01
6.936166034008647330e+01
6.970684703361789047e+01
6.969257696135551328e+01
6.947207060681202506e+01
6.976679225673063911e+01
6.939121954279917759e+01
6.964899494141482705e+01
6.945125731966030003e+01
6.972154341306480774e+01
6.962051184480998245e+01
6.957908973160989774e+01
6.967869139645550547e+01
6.946258710209407639e+01
6.979279648019246451e+01
6.944800577862046964e+01
6.969059529697568678e+01
6.955941940796878953e+01
6.982509900034247607e+01
6.949486832230087430e+01
6.977808236574767875e+01
6.958567406602521999e+01
6.972800398769828689e+01
6.948129932720587476e+01
6.976362558472013120e+01
6.942733183700059385e+01
6.980375060525516062e+01
6.942841910782968284e+01
6.974657796541045229e+01
6.948227968401896248e+01
6.965538088606369627e+01
6.965569424152121769e+01
6.959102810059701483e+01
6.970358077911436112e+01
6.949147087798965572e+01
6.970030314817995531e+01
6.946393535963265720e+01
6.983927186204721238e+01
6.943352751231596187e+01
6.984515958220919174e+01
6.934214959508345544e+01
6.980653767802023424e+01
6.945219563251671957e+01
6.973436322587267000e+01
6.956142931274220587e+01
6.968073413848551922e+01
6.968081542073912260e+01
6.951929847668797890e+01
6.990159796037211493e+01
6.947158048180367018e+01
6.984329345253352983e+01
6.930465655586348817e+01
6.998084992181310326e+01
6.937385518995081668e+01
6.992612150144812233e+01
6.940886103243111904e+01
6.988843227652836276e+01
6.955310989213305106e+01
6.970604438050435192e+01
6.975073876707382681e+01
6.972276948921074791e+01
6.967266886975951934e+01
6.944092146163846735e+01
6.992184853124145150e+01
6.939118654157157096e+01
6.996506382645631561e+01
6.955186908147307179e+01
6.992622042952058337e+01
6.959699320102926379e+01
6.983223880455372523e+01
6.964479530265128915e+01
6.982178754059131620e+01
6.981254827507025595e+01
6.976547676640224438e+01
6.980509655945769509e+01
6.958804083429983223e+01
6.986597015314711712e+01
6.971844348482254361e+01
6.978119563919322843e+01
6.966779219510107168e+01
6.987492600570143964e+01
6.965565052934452694e+01
6.978445450962544783e+01
6.958742863745153784e+01
6.972440289345806264e+01
6.965454264550017172e+01
6.985910404949551378e+01
6.963918793126890705e+01
6.987449623974397639e+01
6.962331439120123378e+01
6.982667864724545836e+01
6.972902431607346330e+01
6.978583076345962866e+01
6.978574501142324493e+01
6.975329323422593575e+01
6.981647491484058321e+01
6.969305543626555277e+01
6.972609526143858716e+01
6.989087163842172856e+01
6.982324699981495542e+01
6.982307293792131020e+01
6.975183636848780111e+01
7.004579163742435810e+01
6.957191817164496683e+01
7.004873070692482884e+01
6.956032031632268797e+01
7.006357457103673880e+01
6.950494829641050387e+01
6.999538400006295547e+01
6.961296325184342493e+01
6.979135959961101321e+01
6.989406238779568525e+01
6.966128146809687394e+01
7.001316475989428056e+01
6.957856755061611409e+01
7.028468057129008173e+01
6.950993132142021125e+01
7.013235408480640842e+01
6.939544342315799952e+01
7.012199789960011742e+01
6.953662435389165353e+01
7.000605471318002060e+01
6.976090485123913254e+01
6.987756317382230975e+01
6.978381563904945040e+01
6.981969579010267068e+01
6.991716716363588091e+01
6.977344412864636070e+01
6.973805098758516863e+01
6.994507327828486609e+01
6.972814138662586458e+01
7.013991785773532683e+01
6.959176490542904503e+01
7.019934442619990023e+01
6.959166974224675073e+01
7.014188421224513093e+01
6.966616596273202333e+01
7.010086586564116828e+01
6.998060494032776546e+01
6.980198391813163994e+01
7.012664887097697886e+01
6.956898407062928413e+01
7.022013542194441982e+01
6.968870868311488209e+01
7.013929711573919690e+01
6.979557161193338288e+01
6.990035635472170839e+01
7.006047918966221744e+01
6.977672497128104112e+01
7.035468785866987673e+01
6.973984379667331268e+01
7.015842218585967771e+01
6.975605724566443655e+01
7.005287792421488291e+01
6.983869695845930892e+01
6.986748661774244340e+01
6.996493782867256073e+01
6.978191243743084726e+01
7.007953201155869749e+01
7.000744635474903532e+01
6.997260962422311081e+01
7.014683296554960634e+01
6.961305111206770846e+01
7.036551466610649186e+01
6.949694362363142375e+01
7.030086496351233905e+01
6.961761618982943389e+01
7.026065633628762441e+01
6.973711345884390767e+01
6.989972828605391442e+01
6.994307572286244579e+01
6.993759453732911879e+01
7.001229020182287854e+01
7.007125403862360713e+01
6.985449450164733776e+01
7.019857823412638709e+01
6.965612798615208590e+01
7.036124089150128214e+01
6.966064141567703416e+01
7.034004401685633923e+01
6.973475814531079209e+01
7.013827571353678536e+01
6.989786801829995966e+01
6.999871578832637908e+01
7.004194045469105845e+01
6.984530010168923297e+01
7.012315078214533060e+01
6.993481588719065201e+01
7.002405220424010679e+01
7.009485130023165311e+01
6.993790459574047702e+01
7.015203400761100738e+01
6.995850671540901544e+01
7.009517597318458115e+01
7.002545930994003243e+01
7.006896085150546583e+01
7.015911858106987609e+01
6.995382541636909934e+01
7.016441217404430120e+01
6.989399517601584932e+01
7.015026737095978149e+01
7.000726865254601705e+01
7.003596285962713353e+01
7.001764784278643106e+01
7.004274092790825534e+01
7.006663494584844898e+01
7.010134531188818130e+01
7.002447554756700754e+01
7.002449596744517635e+01
7.013120516142184613e+01
7.015693155085477883e+01
7.013109952744177633e+01
7.002219486732330722e+01
7.026084695833075955e+01
6.995233675187191125e+01
7.026732941328276638e+01
6.999796360149615282e+01
7.020936282057078870e+01
6.995850255038459409e+01
7.021873798920999832e+01
6.993348644247194557e+01
7.022021277582123844e+01
6.994454616562306626e+01
7.035880383981950104e+01
7.001502352895752779e+01
7.016909066666198669e+01
7.003867201243311058e+01
7.021564252001050477e+01
7.000149563967869426e+01
7.026408212458018454e+01
6.992632554278699786e+01
7.032487977112749888e+01
6.986482255388098395e+01
7.041891432705767784e+01
7.000445276864221000e+01
7.026319493095138569e+01
7.023212139653929853e+01
7.016594768181847996e+01
7.036520763826796099e+01
7.000546696346384579e+01
7.034656425884598718e+01
7.002644789904798017e+01
7.024799481412759405e+01
7.029546488482448297e+01
7.000981625831629174e+01
7.019077910707255796e+01
7.015070585057142694e+01
7.007228332234907953e+01
7.042630413230349973e+01
6.989939962976536947e+01
7.042503069571905883e+01
6.999404285594827968e+01
7.019167661295261951e+01
7.027884720166758825e+01
7.003989649462064904e+01
7.053946952161014394e+01
6.991214676064633693e+01
7.035034681267454459e+01
7.011953185274637690e+01
7.021808263566852304e+01
7.014075446123999313e+01
7.028894285626246585e+01
6.997206391111117796e+01
7.058726168164656656e+01
6.980148834000394231e+01
7.054615481240981012e+01
7.000381028953155749e+01
7.033269909990460178e+01
7.028688888679585034e+01
7.008511331862833060e+01
7.053605669134060463e+01
7.007392131218847453e+01
7.032545276418399283e+01
7.027188756513254475e+01
7.024667924074432790e+01
7.041558958971512538e+01
7.010229272183875082e+01
7.024506198669449475e+01
7.038070605233369292e+01
7.010105018247243436e+01
7.043836509052741235e+01
7.021344788892004374e+01
7.026730646103962385e+01
7.043235129362565772e+01
7.006089235454064124e+01
7.040339361378696026e+01
7.041680582734267091e+01
7.003548204518689602e+01
7.041044196654610232e+01
7.024792855207464015e+01
7.062999555083281678e+01
7.021885506328870008e+01
7.043494041038567843e+01
7.027874362173071177e+01
7.046019427288160841e+01
7.013828766339514686e+01
7.057843941638849117e+01
6.995070956291158382e+01
7.072313934930744495e+01
7.002505500847622955e+01
7.053626203488965984e+01
7.030756422416669693e+01
7.028616044730249257e+01
7.045564937819737850e+01
7.017738756495486996e+01
7.044335543569145841e+01
7.011461923179206224e+01
7.031889891226379063e+01
6.997757668495928840e+01
7.072299453953587545e+01
6.991111951156986493e+01
7.058214782529516640e+01
7.017613177809923286e+01
7.054866733005061974e+01
7.032571476780699982e+01
7.044530489532593265e+01
7.046927895507300832e+01
7.031631053908279227e+01
7.035288546664635589e+01
7.043702877512696148e+01
7.043849303658592476e+01
7.032133679177185570e+01
7.048172714849843601e+01
7.027941450950595481e+01
7.055918047482336419e+01
7.028428795238173166e+01
7.053700761316052592e+01
7.047553062897532072e+01
7.036427010904665735e+01
7.051528312867898762e+01
7.032415801946777378e+01
6.784313107758131878e+01
6.787536413242706601e+01
6.808743502834948913e+01
6.797029432094828394e+01
6.792318472026767040e+01
6.798062688610616533e+01
6.791655694095437923e+01
6.798845193478537396e+01
6.773574662087362697e+01
6.813589848455775666e+01
6.777992397308021566e+01
6.796029567124811877e+01
6.801958340590202567e+01
6.790748687796347838e+01
6.809812430687824758e+01
6.767207005656480590e+01
6.801733289805342508e+01
6.788053057653269207e+01
6.777564532167765776e+01
6.782177840431147331e+01
6.782682261155115100e+01
6.760856166639737808e+01
6.779000991818877253e+01
6.774569457536861705e+01
6.772164489319153802e+01
6.791637533043544295e+01
6.772246727789654130e+01
6.779958662493955046e+01
6.767944486137160709e+01
6.740355169472292118e+01
6.795326604396420578e+01
6.764153575529684304e+01
6.776585786269748723e+01
6.766917055371675360e+01
6.778766734607583544e+01
6.757197374531553180e+01
6.783533362631344232e+01
6.751942982490001555e+01
6.774764205608929046e+01
6.790662886818033428e+01
6.719065608129567124e+01
6.821676799013629022e+01
6.702974502015938185e+01
6.799567948579073118e+01
6.739882413330610689e+01
6.767584144222477960e+01
6.781572126705620462e+01
6.746823855421875749e+01
6.759113780694416107e+01
6.738017013468774508e+01
6.773872793880784116e+01
6.713378367590948415e+01
6.805621901792370920e+01
6.698105039285481155e+01
6.790271866552704694e+01
6.734272841566448164e+01
6.743424552624938428e+01
6.772103312016693621e+01
6.715401042290541511e+01
6.775895043564612763e+01
6.725264285484188065e+01
6.757061367754204184e+01
6.722947413797221827e+01
6.761660424901249655e+01
6.724111028823278957e+01
6.749577538333829807e+01
6.738096140039127135e+01
6.738604423953441369e+01
6.762020642593496689e+01
6.714985548708565943e+01
6.752563597392592953e+01
6.739250153308472591e+01
6.738384896578506300e+01
6.731872299061622300e+01
6.739510664785626659e+01
6.723049676551350728e+01
6.742798251514227559e+01
6.713697982589101798e+01
6.724187087381989159e+01
6.731852878581199207e+01
6.705641317684246872e+01
6.728221338749212066e+01
6.733293165961353566e+01
6.716589216077737490e+01
6.725697797512846421e+01
6.731486478150179664e+01
6.700736551035194566e+01
6.755158046026119223e+01
6.688117400407934099e+01
6.728299235653975074e+01
6.742288745962733287e+01
6.682610603468438626e+01
6.730551458888930938e+01
6.691009582877283890e+01
6.739726328012514500e+01
6.690830539701451585e+01
6.729549724612533623e+01
6.700114265534625702e+01
6.701805849258371950e+01
6.718396664181737776e+01
6.686662493468240598e+01
6.735031402208828410e+01
6.677933595558913282e+01
6.720936852292899744e+01
6.699656310984836693e+01
6.696946665279676836e+01
6.716741309271188243e+01
6.691137742228039542e+01
6.711579260349176934e+01
6.683680048360842818e+01
6.717090309048475660e+01
6.681186545892123263e+01
6.709929235544461790e+01
6.697158996482434645e+01
6.687561923413132092e+01
6.715471259391050296e+01
6.671122441634180689e+01
6.712663314415203786e+01
6.685005799999808573e+01
6.684825502897994909e+01
6.705331567875826693e+01
6.672270382216123608e+01
6.691844992124775615e+01
6.683162683753165823e+01
6.691655903054287080e+01
6.688607716061741826e+01
6.685268799336635936e+01
6.687518297438370496e+01
6.671040188590188791e+01
6.685292300867347137e+01
6.683301604095834136e+01
6.686635447877917215e+01
6.694295133158942690e+01
6.669337423392340725e+01
6.693237726532370857e+01
6.656912927076048447e+01
6.691864040840629002e+01
6.681059694020942175e+01
6.669242285805461279e+01
6.694995932045461018e+01
6.647896236707362050e+01
6.683847927463860117e+01
6.663887332359928450e+01
6.678361158288683441e+01
6.673913464486454927e+01
6.650164963950319930e+01
6.689976825207199340e+01
6.638032810415022311e+01
6.688654634002355692e+01
6.652841175623821357e+01
6.667654288315270605e+01
6.682190799469599085e+01
6.644947384688484249e+01
6.686124124361211329e+01
6.650299268510903516e+01
6.679222077558424076e+01
6.654984261966708914e+01
6.657064015173145322e+01
6.656493189256676146e+01
6.638645082039168699e+01
6.661118598011609038e+01
6.637104746711577263e+01
6.664864393993741487e+01
6.649334694797809675e+01
6.649579460791714780e+01
6.663646990496997091e+01
6.650613075340415037e+01
6.668703411137423132e+01
6.668544780158130436e+01
6.662780780218706411e+01
6.629729210643320414e+01
6.669819626177178407e+01
6.628603398173846983e+01
6.653583104414151705e+01
6.643568695896203735e+01
6.623813931937138477e+01
6.651789524202771986e+01
6.629907268636696926e+01
6.654774193452603015e+01
6.614684669436948639e+01
6.667603029485348998e+01
6.605034631322895677e+01
6.648746327363835462e+01
6.646338676361165199e+01
6.612431747208722754e+01
6.663678603599623784e+01
6.613607664822791321e+01
6.652813506914404229e+01
6.626977987728113817e+01
6.628740451787476218e+01
6.637644725194097362e+01
6.614935693802124206e+01
6.651023784807689765e+01
6.601461277641544712e+01
6.648264563916225711e+01
6.620654965604389020e+01
6.602937532508771312e+01
6.668617737353685015e+01
6.580264425607089152e+01
6.646494032462040025e+01
6.620304886940307654e+01
6.590724662833611092e+01
6.642659986301953268e+01
6.592042202870973711e+01
6.629346776560214494e+01
6.596643018105326917e+01
6.634861492133053673e+01
6.610731838521041936e+01
6.609766117863459556e+01
6.648252994553183726e+01
6.562047439929939685e+01
6.646196163159687842e+01
6.609844565024373253e+01
6.585977612349995525e+01
6.649838193014196008e+01
6.577844299873493128e+01
6.616896439596587243e+01
6.608212513694650170e+01
6.607542311497294918e+01
6.593021560740596954e+01
6.606176296534057713e+01
6.614981814634997193e+01
6.569129278263793026e+01
6.626825861020108732e+01
6.584190191324601926e+01
6.585902067803650084e+01
6.631185387384253715e+01
6.565322363935882777e+01
6.587704275654925823e+01
6.613376237424273540e+01
6.583355411686439140e+01
6.576535657274087043e+01
6.621236471064156603e+01
6.573521554114896048e+01
6.588106388286132642e+01
6.611451894863822076e+01
6.563088367710236071e+01
6.584037490570952400e+01
6.601961879552558798e+01
6.569194010308383724e+01
6.579486012852828480e+01
6.601249589925855332e+01
6.584197153265135682e+01
6.559592298652216869e+01
6.614215258655706009e+01
6.548680301346325905e+01
6.570688630433957655e+01
6.609148302658233831e+01
6.524785401693711151e+01
6.608700147452596241e+01
6.590106011153034160e+01
6.550781943257143780e+01
6.582564186201784651e+01
6.577329928802484460e+01
6.571889924912515824e+01
6.558094286349651725e+01
6.592959503269921129e+01
6.561069493147886078e+01
6.553515291894478878e+01
6.604117677234357586e+01
6.533337136981829474e+01
6.580629126380000571e+01
6.586324917821593772e+01
6.536318469488742267e+01
6.579671175621994905e+01
6.565447719695340822e+01
6.559558514524691475e+01
6.566297993022084256e+01
6.566536806339331633e+01
6.571057244886171134e+01
6.534850325115790781e+01
6.592430844631788034e+01
6.540403369077422724e+01
6.533397746053712751e+01
6.594955672784337253e+01
6.520589618926632625e+01
6.565871167867429392e+01
6.574925270644024522e+01
6.519398715665587929e+01
6.571206808943071564e+01
6.548829537136279555e+01
6.551293001777044367e+01
6.545582688294405216e+01
6.541637546427723748e+01
6.547103616324400832e+01
6.533578639348971251e+01
6.564302091182759114e+01
6.538259735405226536e+01
6.533888785766458795e+01
5.130875013784446281e+01
5.361764891675343137e+01
4.770385133285970625e+01
4.953830918878261969e+01
5.282979141214441654e+01
4.931513138280369901e+01
4.736403448453184239e+01
5.087014808714926772e+01
4.564660030540071034e+01
5.178984857686365473e+01
4.987837708238355816e+01
4.852317846031229465e+01
4.807231302766680869e+01
4.733384488727857331e+01
4.982337286628293782e+01
4.746050954743259354e+01
4.811689550735089682e+01
5.063728023296678771e+01
5.167089000462319603e+01
4.701499286160827751e+01
4.645658342237712901e+01
4.727815040729681328e+01
4.771187889577760188e+01
4.658240913867975053e+01
4.130409141527559314e+01
4.639093723998688290e+01
5.044353612776678375e+01
4.978474869718720441e+01
4.841061767857603115e+01
4.211000229726298727e+01
5.048418020014095475e+01
5.147323383527485419e+01
4.112380461110802798e+01
4.657042622842611479e+01
5.285534298063504366e+01
4.325078630223646314e+01
4.023174400563955544e+01
4.108379428305723025e+01
4.834032117144224827e+01
4.356681835201825237e+01
4.447651004218922566e+01
4.763992455579241891e+01
5.463557934653469061e+01
5.541389512482314927e+01
5.258643377243791406e+01
5.420291433824979066e+01
5.008088185076275067e+01
5.502643548322286193e+01
5.497775753529785447e+01
5.420916044321488414e+01
5.500237924587858629e+01
5.386729072289610798e+01
5.023241174695119327e+01
4.555581571931413976e+01
4.900886451443628289e+01
4.961422340055351299e+01
4.465550025100392872e+01
4.593511039107031735e+01
4.953773005477085434e+01
4.615263181720869312e+01
4.713818074989296747e+01
5.323688499820420361e+01
5.126485931821636655e+01
4.615006673339831877e+01
4.839117995039229925e+01
4.641523512788104000e+01
4.658871761318557247e+01
5.121376363252618091e+01
5.082503583073119557e+01
4.823375220225148752e+01
5.053202267134254555e+01
5.159599774844608078e+01
5.417211084722267600e+01
5.405261469368461746e+01
4.835159144474551596e+01
4.674887186407485018e+01
4.863770466209675192e+01
4.652816564937670307e+01
5.121266599484858517e+01
5.190490594023657422e+01
4.660040992467368426e+01
5.214717076926658024e+01
4.565106052668661363e+01
4.527693129490999269e+01
4.767029997248655349e+01
5.029929816590640712e+01
5.384729308010274451e+01
5.304517505697950952e+01
5.348980486941641033e+01
5.169901429617392807e+01
5.325717066268684619e+01
5.459693471499445394e+01
5.226161306178429555e+01
5.364973605222550646e+01
5.358730085011978161e+01
5.426637686150414908e+01
5.264656461646400487e+01
5.323276737363614330e+01
5.396569985099124267e+01
5.285508759796233846e+01
5.274085338175994764e+01
4.712209430980266944e+01
5.256650388011453856e+01
4.734072125190785130e+01
4.705637787053895238e+01
4.790713770450462761e+01
5.180970223660011698e+01
5.144805400171853194e+01
5.164257505899186640e+01
4.744419871406064715e+01
5.213585047465536348e+01
4.835543984935041806e+01
4.824317802497355245e+01
4.857169180369667316e+01
4.781954066079816101e+01
5.256233514740672064e+01
5.182999180853056487e+01
4.738323759217819031e+01
5.290070924884263093e+01
4.742175633119443035e+01
4.636111230769458302e+01
4.282756236901946778e+01
4.504159285339017060e+01
4.847985464612366968e+01
5.284937090035845131e+01
4.881246060662958541e+01
5.137814589957582001e+01
5.216776583685940949e+01
4.724250524123675632e+01
4.866208397818398623e+01
4.353644556889832273e+01
4.429167907798540682e+01
4.805146976442648565e+01
4.337009976678270817e+01
4.547362735001638612e+01
4.531114189287472271e+01
4.121178263126668639e+01
4.540307060141966389e+01
5.151188497204675798e+01
4.505340602682486661e+01
4.066618507099374824e+01
4.422085275194498877e+01
4.141566235182199307e+01
4.145591656376546297e+01
4.326153927427240831e+01
4.475464756045602854e+01
4.580378345574545307e+01
4.408057543682072321e+01
4.710140024529729175e+01
4.778099612370645133e+01
3.713808842526259468e+01
4.129174482907563970e+01
4.671796598342264417e+01
4.010414284664902596e+01
4.439133635088280982e+01
4.597701287738583886e+01
4.455030237388918835e+01
4.605444072673664380e+01
4.423521459546699930e+01
5.042540872679992958e+01
4.804855417017187591e+01
4.758505401581366101e+01
5.069581140497609795e+01
4.453245277551780390e+01
4.011304940795420748e+01
4.354373765408234931e+01
4.385421487629241710e+01
4.575069787340217431e+01
4.591966368868175152e+01
4.757498379507887876e+01
5.051540593127918299e+01
5.044268590381407336e+01
4.620168863535305803e+01
4.710566616058518719e+01
4.777152419950954965e+01
5.008379484595035080e+01
4.481913080271393568e+01
4.705570468614214974e+01
4.257608273048901992e+01
5.033760311644542895e+01
4.889011181196757860e+01
5.046477947930108598e+01
4.883279678741342167e+01
4.441345656386864249e+01
4.233425579063099065e+01
5.121894193683638008e+01
5.164345254201376179e+01
5.145819849109748390e+01
5.277889701943855272e+01
4.928519651100042154e+01
5.043248337072441245e+01
4.969802076726635676e+01
4.821806995164603649e+01
4.785272826807187130e+01
4.170784932177276971e+01
4.642638362105930128e+01
4.588879277048387451e+01
4.865185257860694179e+01
4.645669759003975940e+01
4.783679001896528860e+01
4.755893809757682789e+01
4.333546172116687956e+01
4.767782909254560764e+01
4.472285334986160166e+01
4.798764908353989256e+01
4.793207392090618413e+01
4.689155134262206559e+01
4.843277287626835914e+01
4.725620257344479569e+01
4.618573785834031042e+01
4.762954921040388001e+01
4.914213132964454189e+01
4.350560222800451982e+01
4.450024693096243311e+01
4.579921899533546537e+01
4.231270893087341989e+01
4.210545234914589940e+01
4.396722034242424115e+01
4.536703855528594431e+01
4.371115845278340828e+01
4.093069707864685114e+01
4.358689847410323637e+01
3.915850617658665556e+01
4.613906060799212128e+01
4.347073882675924494e+01
4.599254938936373094e+01
5.156845071888032805e+01
5.090944664019808386e+01
5.109402683678699475e+01
5.027169225771495320e+01
5.111080346231327098e+01
4.805804070323740973e+01
4.869334330558228174e+01
4.956938065263962301e+01
5.054628444849915070e+01
4.991333448128440153e+01
5.039565265973430286e+01
4.567905705813723216e+01
4.577281006645009853e+01
5.204827029887113810e+01
4.821416051955849724e+01
4.717625980894257509e+01
4.386410453912625229e+01
4.112263142669263516e+01
4.617026671303519691e+01
4.514411006644623114e+01
4.471580612786727471e+01
4.486811580959499679e+01
4.605262080367530331e+01
4.614118924861159599e+01
4.589749520605330702e+01
4.560384251983627735e+01
4.691157389761193741e+01
4.600749837184725521e+01
4.612514600760835037e+01
4.706874056137528584e+01
4.346081861063412077e+01
4.505168862944577768e+01
4.676895422882189735e+01
4.548032107771397392e+01
4.514975621915638726e+01
4.540103436653518543e+01
4.250341529090189141e+01
4.436342122865536908e+01
4.587093782004690468e+01
4.198705692782090892e+01
4.513400322777779650e+01
4.625567100029752510e+01
5.062635762344100243e+01
4.988023029583158063e+01
5.053118244093253963e+01
5.063786626378047373e+01
4.955667000520488585e+01
5.007873631053222141e+01
4.755466055001029702e+01
4.843235676800866685e+01
4.431514921343723756e+01
4.218891318778766930e+01
4.119944102665431274e+01
4.464777979924484441e+01
4.873095412231596413e+01
4.283353616175495659e+01
4.072754503551728078e+01
4.985682254543674929e+01
4.864420448671200603e+01
4.750257503901266887e+01
4.748885528921611865e+01
4.498463163733697456e+01
4.469282364193275470e+01
4.063223120941536592e+01
4.570940578328788462e+01
4.950011114615526964e+01
4.095431235797261138e+01
4.498536280054356951e+01
4.841231681044719437e+01
5.242189653046493447e+01
4.998625150488545898e+01
4.863440968511398665e+01
5.107138705514206123e+01
4.550655081592686457e+01
4.794792441784515091e+01
4.818371735210827467e+01
4.760877185566421588e+01
4.699673590133082257e+01
4.380610121853595729e+01
4.453040835293017352e+01
4.371337338040324028e+01
3.510736360454517069e+01
3.743873162557433432e+01
4.511614026543612965e+01
4.090074679269886815e+01
4.298295553694522653e+01
4.358446480155475200e+01
3.932249510303343243e+01
4.659010360819809904e+01
4.615351790313524560e+01
4.282915777576157979e+01
4.626838952743787559e+01
4.203289222419078897e+01
4.350439854246255322e+01
4.170625187722905025e+01
4.075838482124679985e+01
4.704224307659224280e+01
4.437953619247209502e+01
4.547868165902976045e+01
4.347671400550412102e+01
4.520170385532782831e+01
4.529757532353513483e+01
4.266270445558713931e+01
4.703740599376972398e+01
4.553617529151213716e+01
4.787712176516513551e+01
4.435744017942164419e+01
4.522651169557968842e+01
4.380864113731444576e+01
4.498269933622347594e+01
4.516484949372943447e+01
4.417519841621537324e+01
4.501411098516253873e+01
4.375936429490874957e+01
4.401239135982930861e+01
4.741444013620780140e+01
3.711185709748684758e+01
4.243881468329949769e+01
4.564477039459294616e+01
4.424310107696299355e+01
4.270506468266467692e+01
4.397672902005075457e+01
4.486639444554359102e+01
4.504312994370355483e+01
4.682602151149151837e+01
3.957299327084997032e+01
4.621357892204203210e+01
3.995923447921364158e+01
4.241373516095413265e+01
4.652347539697280610e+01
4.213923604439280268e+01
4.575651424217086571e+01
4.164989772255669465e+01
4.385419867165060737e+01
4.384249526472666503e+01
4.148062920397619990e+01
5.062009154708270131e+01
4.259851245166731815e+01
4.176895433528633816e+01
4.418326442350897310e+01
4.158528822987179296e+01
3.921496672972949682e+01
4.418944381380920561e+01
4.531702281086931805e+01
4.136522697912209168e+01
5.002939211103792871e+01
4.768504922679621671e+01
4.871199118224416225e+01
4.933505872402641046e+01
5.012612443037869525e+01
4.482864426711108763e+01
5.152182990914441518e+01
4.389400344637908802e+01
4.973110091375080799e+01
4.416840969349495083e+01
3.851720881197763902e+01
4.536237611597848485e+01
4.053509758483333059e+01
4.491375505124756273e+01
4.649983363370309775e+01
4.451388055036045444e+01
4.384318440896201707e+01
3.975451254904745468e+01
5.044006244571313857e+01
4.092943923618575752e+01
4.436232416832596215e+01
4.500578483109889305e+01
4.513165871802108597e+01
4.090674821716645937e+01
4.152349933260525461e+01
4.162566721380781587e+01
4.068151941313259812e+01
4.589745125499987211e+01
4.324369010236252109e+01
4.480205478678342956e+01
4.553321464477831171e+01
4.443641615436511927e+01
4.403434260143246348e+01
4.485397465372042092e+01
4.568761154028394600e+01
4.634551590445845193e+01
4.706633188679168711e+01
4.664896902406603374e+01
4.200875588996545673e+01
4.943750028700760879e+01
4.142099612753330007e+01
4.592084290902324284e+01
4.695134903204863974e+01
4.652479975802769019e+01
3.789017486994873707e+01
4.755250085492627932e+01
4.915839068351709074e+01
5.001328110603327559e+01
4.561866374045237649e+01
4.819794306238982529e+01
4.604260028580000608e+01
4.477526559096868652e+01
4.470547223164633266e+01
4.612961119707480862e+01
4.356659974231426702e+01
4.668344698464110110e+01
4.435073302085638147e+01
4.459639209103116997e+01
4.564466494238529037e+01
4.266628927229157142e+01
4.272982734920957171e+01
4.563664527667818760e+01
4.680933795873635717e+01
4.370261736584375711e+01
4.439533653809579050e+01
4.380080696531577189e+01
4.601652810144710060e+01
4.082226682840940413e+01
4.674702702319947889e+01
4.832882411971684178e+01
4.638373012312921162e+01
4.237941137036769135e+01
4.367613316085950714e+01
4.384585405304336803e+01
4.751200198883446291e+01
3.966802510798213177e+01
4.100107388752459059e+01
4.462921150912968926e+01
4.217332407548224182e+01
4.083147796410945318e+01
4.680033566013903368e+01
4.663641658970376369e+01
4.821173149706154959e+01
5.284727566774726171e+01
4.583193269961208216e+01
4.361600520261919911e+01
5.273415469757245688e+01
4.662860802742592625e+01
4.780999724710748922e+01
4.898751664743546286e+01
5.117747036325988574e+01
5.118049526253421533e+01
4.911035164911947959e+01
4.813995126419825965e+01
4.210762787019072562e+01
4.057277068869041869e+01
4.342225722799076948e+01
4.956282127464625376e+01
4.713547822548497379e+01
4.777545932776588700e+01
5.028175013440771579e+01
5.235791936652221068e+01
4.298914190590664930e+01
4.241649756797659165e+01
4.286344488327809188e+01
4.728410313686971733e+01
4.779095401014450317e+01
4.645810333138282289e+01
4.429072402948595055e+01
4.322367548150307215e+01
4.409871669682257789e+01
4.231091523817345035e+01
4.515157608240797771e+01
4.480686739042884881e+01
4.007411089460526199e+01
4.516712312298296439e+01
4.125089332646803086e+01
4.277006829054830206e+01
4.354703534800668763e+01
4.285723130778984569e+01
4.245526536998320921e+01
4.773295698957285538e+01
4.062423197456843127e+01
4.755805969278099354e+01
4.900503016877365070e+01
4.715309187929616996e+01
4.380777963489401117e+01
4.725783787845497841e+01
4.520826114835153220e+01
4.578916388893006228e+01
4.044856627247803260e+01
4.271621279559485629e+01
4.245758283468089189e+01
4.391295593106611506e+01
4.226820269141921216e+01
4.272644431211904958e+01
4.788758897326070496e+01
4.923969603776487247e+01
4.800887355829569003e+01
4.499743226112377670e+01
4.946193957789175499e+01
4.680941523101754598e+01
4.827881020159445313e+01
4.771317861144893868e+01
4.698630833344518010e+01
4.658809773133125276e+01
4.709195091072734840e+01
4.935190761123553926e+01
4.331212960340597107e+01
4.361241153682124150e+01
4.502102121704842830e+01
4.524654024587914591e+01
4.558641595652103717e+01
4.596201289240057264e+01
4.570099645805065336e+01
4.484684378211643718e+01
4.526230879730772472e+01
4.599835749947315833e+01
4.482412655062731943e+01
4.886723080540334507e+01
4.686711486712951569e+01
4.851016780212391666e+01
4.985294332231617886e+01
3.983842026999521124e+01
5.007033719734715760e+01
4.596526837206311455e+01
4.191590252858860310e+01
4.955334521412079596e+01
4.990306762398652296e+01
4.988959743830596949e+01
4.468930492439046986e+01
4.694982462535585910e+01
3.858824172726086488e+01
4.980557122299531159e+01
4.321877077664581179e+01
4.661789045615488192e+01
4.798639195933900226e+01
4.964110863998285339e+01
4.795164142144290054e+01
4.835198570004847340e+01
4.824623306656451405e+01
4.856766653156705615e+01
4.616328714485645435e+01
4.767404244517871348e+01
4.605685341793182630e+01
4.650365557444129649e+01
4.756057229053471502e+01
4.615462666391002955e+01
4.592776294315462593e+01
4.499195469182757989e+01
4.569645260582777979e+01
4.547723086939416248e+01
4.834772885525123343e+01
4.603568031852829279e+01
5.083086408298846237e+01
5.115558657947741494e+01
4.664741741910626160e+01
4.970792728166144769e+01
4.807043104205341422e+01
4.807194699871449473e+01
4.407016087446560704e+01
4.837414661506268487e+01
4.135139119562623478e+01
4.721865789477205766e+01
4.112204115617156930e+01
4.409272474558731858e+01
4.745665790650429017e+01
4.798529016836355510e+01
4.805129111254294827e+01
4.323640242320595917e+01
3.438127420791647637e+01
4.529849312746215872e+01
5.222996699449802804e+01
4.789674702893059077e+01
5.207008537384364644e+01
4.940675640144208103e+01
4.920676190734869238e+01
4.667049947047890157e+01
5.003369887888596423e+01
4.932668287035720311e+01
4.693036875093069682e+01
4.757769275778584728e+01
4.806050881923714257e+01
4.645636924101060572e+01
4.285301886706093200e+01
4.745720530753327893e+01
4.313228490435843554e+01
4.964948768319737837e+01
3.779183461649064668e+01
4.123049169248683654e+01
4.339980493529531458e+01
4.937717360053418503e+01
4.861119845809417939e+01
4.471205286135963775e+01
4.557010941915229552e+01
4.570642238077756048e+01
4.957481635200547743e+01
4.951534173468184008e+01
4.793431896514071866e+01
4.918618239404057846e+01
4.871602669296220256e+01
4.949595036194626374e+01
5.012071800775053276e+01
4.752148003037125079e+01
4.774461264272025574e+01
4.861283674663431498e+01
4.699207226376223190e+01
4.987708350313778283e+01
4.737011059835809590e+01
4.795141694642452279e+01
4.684302878292518812e+01
5.043090423397735123e+01
5.017608741435735453e+01
4.982461786007842619e+01
4.634417429277426947e+01
4.312252182078207596e+01
3.904822614675922665e+01
3.900034079322323066e+01
4.851742079382517403e+01
4.921949446515078108e+01
3.591437932745144934e+01
3.888589218782334456e+01
4.473571054233204336e+01
3.992515999420748329e+01
4.028449591698262111e+01
4.527385431922472492e+01
4.298267586284299568e+01
3.945878312385628561e+01
4.372192157039722815e+01
4.045889453817936499e+01
4.305030060610419440e+01
4.441889352366706589e+01
3.870964750568293766e+01
4.106423670038319074e+01
4.290415296435508452e+01
4.235162118326761060e+01
4.317781102234331314e+01
4.230912122972287648e+01
3.843617945646258960e+01
4.089640588323769066e+01
3.828142917594022521e+01
4.066755355849597464e+01
4.211422640272775908e+01
4.029208550331621552e+01
4.248331660310560665e+01
4.010362152559924453e+01
3.929344153082783464e+01
4.858242413886749489e+01
4.258962317459453573e+01
4.422520773661496918e+01
4.410659637650553577e+01
4.120705747712375455e+01
4.576901811892319216e+01
4.451963612243823576e+01
4.818045622331470668e+01
4.855936318598612900e+01
5.021946365397796797e+01
5.012639681967903016e+01
5.055405290742004354e+01
5.112410901471061209e+01
4.261330426948027394e+01
4.756824651550297034e+01
5.051553468233510813e+01
4.127872454430091409e+01
4.040791493800898593e+01
4.313544230577018368e+01
4.365384109871008889e+01
4.704018077759478444e+01
4.297770881966311407e+01
4.466340948296728897e+01
4.558326377176452837e+01
4.202429647522662748e+01
4.004845363343588360e+01
4.337054615690324511e+01
4.613902008935573917e+01
4.735364409739730007e+01
4.623611807430446419e+01
4.501541912814758462e+01
5.274241244851512533e+01
4.872099040443985984e+01
5.264028389365317651e+01
4.575401580103995514e+01
4.998332964542388623e+01
5.125447358322408320e+01
4.938085583627745478e+01
4.729945890825270993e+01
3.879296686929361471e+01
4.459277273878135617e+01
4.689569760299970369e+01
4.381964407947231166e+01
4.330853838429246139e+01
4.901464860044527683e+01
4.369307865124464740e+01
4.657663498454010664e+01
3.330472277672658521e+01
4.675171558474764311e+01
4.644877089748889887e+01
4.771002804105306438e+01
4.117457283031647108e+01
4.752307435194283869e+01
4.999081346953104799e+01
4.682880155564707536e+01
5.081149812018340128e+01
4.651992007348206926e+01
3.857955796362309542e+01
4.492561940353624550e+01
4.034664158255154121e+01
4.584094032916815564e+01
3.858216259380338897e+01
4.498436911070052702e+01
4.472179134605610074e+01
4.317345262123646421e+01
4.071992049869928110e+01
4.287229051032520033e+01
4.239647570709163915e+01
4.292085327595685129e+01
4.380297806250317905e+01
4.489824316815415273e+01
4.531972118578907782e+01
4.137900551899329571e+01
4.413182960621768558e+01
4.378988757471007887e+01
3.980584761800837157e+01
4.935308643901721126e+01
5.001378928494670362e+01
4.407731954368010463e+01
4.368269554280733047e+01
4.474188568753939421e+01
3.979905433441779650e+01
4.272162007702443987e+01
4.210996500324032610e+01
4.402161467468746991e+01
4.208039428823215644e+01
4.199334763325260411e+01
4.365742664250493732e+01
4.368963151949613177e+01
4.264119490170018167e+01
4.270502582798023639e+01
4.204944553083392123e+01
4.234636227300724443e+01
4.006903976832493441e+01
4.250168662423330801e+01
4.575320071232934538e+01
5.020275201849392488e+01
4.864776236327314507e+01
5.089736030928985144e+01
4.070738911063276078e+01
4.051479940824375348e+01
4.524193542159068926e+01
4.793022083498738084e+01
5.040165447748286454e+01
4.427255402018534625e+01
5.076647377516448501e+01
4.889050588900326488e+01
4.936239892770050375e+01
4.586720494483736843e+01
5.160577076416635833e+01
4.947266011354833637e+01
5.091751192274325888e+01
4.526753829669473816e+01
4.561413678708895247e+01
4.351887164030431165e+01
4.802348390731060590e+01
5.027157681784735388e+01
4.809871783054895644e+01
4.555970769488583016e+01
4.950881446473275105e+01
5.056814143187332178e+01
4.962395210140890356e+01
4.818226073036741042e+01
5.027022002476145701e+01
4.867189259365567722e+01
4.789712977093583390e+01
5.082475092407626960e+01
4.945815979289534425e+01
5.064389458400612654e+01
4.937397582061180401e+01
4.961731065393202300e+01
4.768711134729717571e+01
4.857988771295560326e+01
4.593584587250180817e+01
4.873025220549639869e+01
5.020437613464717685e+01
4.021584656908190425e+01
4.706235977224199729e+01
4.727322767177899010e+01
4.761198628910878483e+01
4.779058396329580916e+01
4.534573010937847215e+01
4.575876847622865284e+01
4.684832046458080157e+01
4.499398649992247812e+01
4.553914999821994058e+01
4.288216749011981221e+01
4.711156922265647040e+01
4.871266864501433247e+01
4.481607658040484665e+01
4.563746136088403205e+01
4.639776453226450315e+01
4.468259658946828239e+01
4.762130139600252221e+01
4.618863582391039557e+01
4.322918543291493165e+01
4.688632867783981339e+01
4.135178824157559774e+01
4.710034386824632691e+01
4.275084722500633916e+01
4.155913323867768838e+01
4.017956258842233552e+01
4.063771561404958987e+01
4.482046743364959696e+01
3.546466217015363753e+01
4.340024787925929672e+01
3.777737326454716538e+01
4.506096611476515790e+01
4.017920160391327045e+01
4.700513890972679576e+01
4.395651994292176568e+01
4.521941102651393862e+01
4.542930530961994862e+01
4.756723613702743592e+01
4.947347500095325756e+01
4.535313868838727558e+01
4.772336347069483509e+01
4.770701731250277078e+01
4.681560206942009472e+01
4.325098588172928515e+01
4.481189978664669837e+01
4.640133104010879350e+01
4.628122876175805089e+01
4.865370684394705592e+01
4.693692951448808515e+01
4.341543325695290889e+01
4.308304409954586589e+01
4.267802368089100185e+01
3.961330197963198430e+01
4.733768135881871331e+01
3.881876484084259005e+01
4.520062020202541220e+01
4.608390292073995198e+01
4.476947575905698073e+01
5.002266799843292233e+01
4.720143972825930234e+01
4.140906768088004242e+01
4.193049130318412665e+01
4.394834466444593346e+01
4.316524331851291407e+01
4.590394365077295191e+01
4.566034204942912567e+01
4.722580401296663410e+01
4.513904888204205434e+01
4.450828619095129568e+01
4.643291936622218685e+01
4.419820995399143726e+01
4.269818936269720666e+01
4.596235697463620795e+01
4.831412310408160948e+01
4.874909856760689308e+01
4.418365154698791031e+01
4.247019070081960734e+01
4.836688774007477321e+01
4.418505793578825092e+01
4.716244945118656773e+01
4.378123216484205216e+01
4.527861306827012555e+01
4.190499356215687499e+01
4.527507947279760003e+01
4.695217439460964926e+01
4.820351566786202113e+01
4.712554658794282858e+01
4.736531308797822959e+01
4.655894554816237019e+01
4.439382873488923309e+01
4.722917223361061190e+01
4.764568352757259362e+01
4.485960238095043451e+01
4.600004135479962741e+01
4.024651484382764721e+01
4.154670060523486086e+01
4.871804076800923866e+01
4.452682024972985175e+01
4.664732234173858672e+01
4.677748571174608117e+01
4.527990086147479332e+01
3.777078344492133510e+01
3.518257318072322448e+01
4.736714261084543409e+01
3.891020142222589584e+01
3.863314930507345935e+01
4.333436867201428555e+01
4.478864699365792035e+01
4.225758404484583508e+01
4.186574123202363751e+01
4.222476614888881841e+01
4.094129800390437879e+01
4.036986008524527847e+01
3.880322408115466715e+01
4.481814352461019269e+01
4.041624379971572267e+01
3.972859067311134140e+01
4.871828365539892047e+01
4.568556557223200087e+01
4.236501645378358205e+01
4.360238012652230566e+01
4.229359140052107335e+01
4.401610201823818613e+01
4.187807224999109224e+01
4.629850402766692952e+01
4.418119514139196014e+01
4.028814092921728474e+01
4.785083225326562939e+01
3.695592518884157585e+01
4.440306605466832934e+01
4.553768766122071554e+01
4.760432276650723793e+01
3.892755669396461826e+01
4.354527378323134457e+01
4.282331825182873075e+01
4.489257023397256319e+01
4.226167425350101325e+01
4.639949557020263171e+01
4.501268163592878579e+01
4.239154155629148590e+01
4.355117965477955977e+01
4.074809595978220500e+01
4.304756490157532767e+01
4.273130125466492757e+01
3.908475809063055806e+01
4.191030701769406619e+01
3.441121176023938233e+01
4.758896516774623819e+01
4.553409761748824280e+01
4.365025024260042841e+01
4.302274681982038373e+01
4.412110591686329997e+01
4.399675599969726392e+01
4.542617778872153167e+01
4.278585348728462634e+01
4.520000250347104043e+01
4.121138781765891679e+01
4.460846958821199593e+01
4.802517163640366249e+01
4.786817112206287561e+01
4.094543046803685371e+01
4.585052556902536480e+01
4.262312006491573158e+01
4.731744857210347988e+01
4.620446693518759673e+01
4.497571899978785837e+01
4.539230021252567582e+01
4.716966553495906567e+01
4.941775433359054404e+01
5.052245658331529654e+01
4.667894778874582329e+01
4.497199008016947630e+01
4.685139045289479043e+01
4.502678090233327168e+01
4.523585674443246774e+01
4.460371573549858226e+01
4.017018708611959710e+01
3.755970467466090668e+01
4.140234942560440601e+01
4.160803770817342695e+01
4.067463081451865747e+01
4.035508512380982182e+01
4.199545202806969968e+01
4.547570742035873792e+01
4.678408035199975501e+01
4.328937072638205308e+01
3.958851350625027976e+01
4.196087323368583100e+01
3.351901086340239289e+01
3.567419047806289711e+01
4.167088099779932975e+01
3.781912357039809081e+01
3.502745828794821392e+01
3.556086474814441800e+01
3.953570236345832711e+01
3.263353686132722942e+01
4.214979747030494650e+01
4.171001027880343770e+01
3.442832556827176660e+01
3.418748770545565918e+01
4.257862811237028922e+01
4.068647733108038267e+01
4.015137267041248492e+01
4.304061568471599486e+01
3.738706576272859650e+01
3.431640323662549719e+01
4.006460724531316231e+01
4.181315423506292461e+01
4.151112621634943167e+01
4.735475023735606470e+01
4.300049240836002440e+01
4.802827546045448770e+01
4.642019344592470986e+01
4.425585498695711095e+01
4.244147724588762571e+01
4.261984656867005583e+01
4.680683020924397653e+01
4.174627438900862586e+01
4.607982825637564872e+01
4.435625339204467110e+01
3.742945528004864286e+01
4.682144627983572605e+01
4.483476229178543804e+01
4.530189763622917809e+01
4.084124378642136577e+01
4.796214405149893878e+01
3.786136397125434172e+01
4.381078216830036354e+01
4.292749628496771663e+01
4.254494362314005684e+01
4.326271934548465481e+01
4.477917940954799292e+01
4.073475550825287428e+01
3.840418056453680862e+01
4.815808463229128478e+01
4.854190415041877316e+01
4.862153201971840133e+01
4.953423313275244055e+01
3.873652944681195720e+01
3.881754411671031590e+01
3.890566221787710788e+01
4.482808646726289936e+01
4.447662452487604412e+01
3.603611367377188657e+01
4.422471718870185242e+01
3.521497236867438829e+01
4.574760621619632417e+01
4.108336302840014298e+01
3.818969856587496281e+01
4.077160890782779035e+01
3.855528749899075791e+01
3.888412537573228178e+01
4.208067540995489964e+01
3.524794483803479750e+01
4.098879829807521702e+01
4.011452332674874555e+01
3.685058421098960224e+01
3.638578892974140899e+01
4.261766080238145804e+01
3.969007494548662152e+01
3.957154745442896626e+01
3.788896314302243695e+01
3.832816692389854296e+01
3.830263246791315623e+01
3.874871624831115469e+01
4.137381081338756417e+01
3.851910330612320621e+01
4.388685587587368531e+01
4.213868506795662938e+01
3.656276490143967806e+01
3.425889546505283789e+01
3.654947819017924360e+01
3.483047158946560984e+01
3.666302820526494344e+01
3.542459533274900707e+01
3.327119198955971768e+01
4.196752049746911695e+01
4.137726042589604702e+01
4.095344532420351413e+01
4.069731325992830762e+01
3.821051093801396803e+01
3.845064912926547862e+01
3.564328158420438086e+01
3.809436251005858765e+01
4.012859456798495472e+01
4.231604134374045856e+01
3.580247740654640864e+01
4.112079738635771520e+01
4.102514930682249883e+01
4.056050170184014547e+01
4.013748559913744174e+01
3.647403121753097821e+01
4.436444615616069598e+01
4.421750456047934819e+01
3.628180544810268771e+01
4.151153925770554309e+01
3.749283825841767026e+01
4.195524146582989289e+01
3.630042773809012147e+01
3.833530831511292547e+01
3.608995825479956920e+01
3.952895225534045665e+01
3.394894880828593386e+01
3.583037861707445160e+01
4.181458796383711274e+01
4.327150060784939001e+01
4.045386762892759691e+01
4.104271956061444371e+01
4.204946075773597158e+01
3.842398591647380357e+01
4.036177326358583883e+01
4.104191410509980642e+01
3.758522439831892115e+01
3.549403292914901442e+01
3.591713479863002334e+01
4.199590667075880646e+01
3.645793497935937921e+01
4.122755189041185986e+01
3.305868808002112758e+01
3.902656101011933032e+01
3.864025072568899333e+01
3.441198139918369492e+01
3.366523173909834554e+01
4.050762011414197161e+01
3.881982932019545274e+01
3.616930212667287492e+01
4.074151891419109006e+01
3.927684911661503264e+01
3.704750555489663810e+01
4.117751617189242808e+01
3.569179358356659293e+01
3.853376820331514807e+01
4.110258532937880460e+01
4.023311471201927958e+01
3.778979336212736229e+01
4.400449542182111884e+01
4.325829940165283460e+01
3.620609785124795366e+01
3.774314647086752927e+01
4.210570004008499012e+01
3.888597971098411676e+01
3.892179965123487762e+01
4.142350744370416749e+01
3.505126692643515440e+01
3.026473913031580310e+01
3.417236544632251594e+01
3.914263802953944094e+01
3.525652974819531948e+01
3.521628020665144732e+01
3.865580453171109809e+01
3.313488133708734296e+01
3.318526654482582927e+01
4.090310335585394341e+01
3.091151078302711852e+01
3.020636790680793382e+01
3.340615118945641626e+01
3.021607364056322353e+01
3.225496451125894026e+01
3.888979513280753508e+01
3.689101256494154057e+01
4.014785275699635747e+01
3.021789321186563271e+01
3.615452511270416380e+01
4.433681201544491302e+01
3.917593936251466857e+01
4.448303573079003570e+01
3.912072903769665544e+01
3.838697774741115154e+01
4.645174428059500826e+01
3.634025812548021861e+01
3.884815083698456561e+01
3.544385791597473201e+01
3.817501610987471850e+01
4.092959870853263027e+01
4.173162201822307082e+01
4.192022833568486107e+01
3.753700384767359566e+01
3.685908408251939505e+01
3.833470610894710262e+01
3.506732676304273610e+01
3.195511824140859858e+01
2.898991548372210048e+01
2.343260965248622796e+01
2.993933734379484690e+01
2.906499584973227002e+01
2.673291984201631166e+01
3.639636935385725280e+01
4.016400631803471555e+01
3.352030314004254308e+01
2.957504892663560980e+01
3.205181552318421012e+01
3.043662120291184081e+01
3.343495148509391868e+01
3.845994252972430161e+01
3.898291337204535978e+01
3.319533426889474725e+01
4.127062334740394789e+01
4.120650676371444376e+01
3.674090207191808588e+01
3.987913268398194333e+01
3.427931933775974471e+01
3.653173114754962825e+01
4.109498340748366729e+01
3.922550449639531678e+01
3.784386266546761846e+01
3.833294169880845459e+01
3.916929629059293916e+01
3.615925267617447503e+01
3.619561044995145238e+01
3.304897436918741249e+01
3.922306778444355757e+01
4.018656410008696866e+01
4.266384689200327784e+01
3.978270640554740822e+01
3.670817604414668978e+01
3.044886813899834976e+01
3.782752709388414303e+01
3.900193094265911498e+01
3.969254950771779988e+01
4.138901588110351071e+01
3.796447297386345099e+01
3.543503898830638832e+01
3.812717351704185376e+01
3.865907645666343484e+01
3.025642888036845335e+01
3.280028868345159765e+01
3.587354673805813121e+01
3.922554714745017890e+01
3.998593983263707230e+01
4.119268270903756246e+01
4.109245633696205857e+01
2.920844040736865566e+01
3.913581273072453826e+01
3.468064974789670885e+01
3.337796506247927653e+01
3.198498822453615986e+01
3.580804190184564106e+01
3.534151418879983453e+01
4.028634177157186969e+01
3.220737546104380300e+01
4.104391174722711355e+01
3.426965102180811584e+01
3.787571261194990768e+01
3.556624419279208382e+01
3.744019113249568420e+01
3.319868257691973668e+01
3.343673190715455945e+01
3.632029141635329239e+01
3.670648624932816517e+01
3.785987616840534997e+01
3.043119405124244992e+01
3.071485540336734132e+01
3.664924037597857165e+01
2.990707895233945379e+01
3.740515207511859330e+01
3.037736041551196919e+01
3.512604848324579621e+01
2.787822183384869135e+01
3.312578045267558480e+01
3.717531294095883965e+01
3.115961421895212879e+01
3.172736250647534462e+01
3.403811068417773100e+01
3.355903845416780484e+01
3.927851740965954974e+01
3.013171129607165000e+01
2.799917816081267219e+01
3.245557814243204575e+01
3.337851975109315816e+01
2.721598097674739947e+01
3.890647029863410467e+01
3.535904236644196885e+01
3.562312032921470006e+01
3.199310209837577901e+01
3.642423900885391674e+01
3.893792941641401484e+01
3.723030966562611610e+01
3.712964129268256386e+01
4.000963533332677002e+01
3.868010902681619712e+01
3.637120329096597970e+01
3.815635296851235125e+01
3.704817285999438070e+01
3.780977021810140570e+01
3.275762351873473932e+01
3.821977195729482446e+01
3.873637601923724105e+01
4.057079749811704517e+01
3.915501510558628695e+01
3.729663659465505532e+01
2.952083162927053550e+01
2.778874859915186235e+01
2.894992011800935217e+01
4.080240983645420982e+01
3.563717444142393731e+01
3.275621911797726682e+01
3.077941687161220585e+01
3.797223171046512391e+01
3.847356327164578715e+01
3.082268859058721233e+01
3.444362355606553194e+01
3.515157927291327411e+01
3.010938044848169071e+01
3.073737920367596388e+01
3.536346454083545154e+01
3.708639677497576059e+01
3.928554231042063094e+01
2.912979993274409196e+01
3.559439946053799986e+01
3.300766629017061149e+01
3.175470200418168787e+01
3.376452396102614273e+01
3.573511331113294176e+01
3.071537753401996440e+01
3.337174394720074133e+01
3.859042758648087812e+01
3.115517707458761976e+01
3.798592753059374871e+01
3.609793399337827680e+01
3.354446940743371641e+01
3.568428301539448455e+01
3.694155094061809308e+01
3.688167254145240292e+01
3.642751796917228546e+01
3.670395695657537516e+01
3.662328696321230836e+01
3.242628382279436750e+01
3.354280039719182582e+01
3.829494677072970887e+01
3.663177688984630720e+01
3.790650014660761258e+01
3.619937912929333379e+01
3.339644380793310319e+01
3.635705631493905798e+01
3.078535213426764727e+01
3.319476819402053280e+01
3.375998161460333336e+01
3.471615994233226132e+01
3.340467246983849492e+01
3.523046732604311160e+01
3.625683582279124550e+01
3.200559467751042320e+01
2.958576333944555614e+01
4.158932792468083051e+01
3.718410839566209347e+01
3.997035914820962432e+01
3.286562016322109514e+01
3.227851335971913471e+01
3.156666264641154385e+01
3.045725673843023529e+01
3.166856336021895402e+01
3.426163006425568369e+01
3.337463344076435590e+01
3.501010398108858368e+01
3.850178812086267754e+01
2.904667359239071089e+01
3.509935472600806605e+01
3.646709442804404233e+01
2.993069810013488308e+01
3.177467990527115660e+01
4.115214981831375241e+01
4.048822451972697678e+01
3.671588418857488989e+01
3.080989927081075663e+01
3.142599289581428934e+01
2.550600523715857193e+01
2.953621239216982985e+01
3.366411074692332761e+01
3.049449002649264528e+01
2.285645945517931921e+01
2.943653997183873017e+01
3.337299560409638843e+01
2.901323697104757571e+01
3.269634998925506864e+01
3.572760736503339274e+01
3.912988739746549527e+01
3.876986092155925689e+01
3.885105600987350272e+01
3.358050228719181973e+01
3.790357598173748244e+01
3.918306456739188803e+01
3.699724891136818172e+01
3.817504290552457036e+01
3.959142787929552298e+01
3.268097149074050378e+01
2.795847881082223907e+01
2.914530167814126216e+01
3.268836368189363384e+01
3.146022327806802821e+01
2.714080933944990903e+01
3.286117356580794535e+01
2.487202157743444886e+01
2.933573592406403563e+01
3.257655663950261271e+01
3.495536285428167389e+01
3.443009300538874129e+01
3.001002427776077397e+01
2.900273972441501513e+01
2.709773166457110705e+01
3.340210791238072119e+01
2.290294803353240383e+01
3.431577573480367960e+01
3.496299412734708056e+01
3.350155269817714299e+01
3.410995833625487705e+01
3.317363752480141414e+01
2.597963389670944423e+01
2.952291298941027975e+01
3.481865829450236305e+01
3.257789117486087349e+01
3.076375552366435429e+01
2.758282307303250747e+01
3.758331862707674986e+01
3.519252910903866649e+01
3.491474206974832839e+01
3.751142209145620399e+01
3.898188530324641476e+01
3.865151639163420327e+01
3.761881549784288126e+01
3.527687095107960147e+01
3.322202310542019177e+01
3.617242206472478472e+01
3.465762145813039297e+01
3.344047535494544832e+01
3.038072598484748710e+01
2.862607547835489896e+01
3.690078099787014310e+01
3.697442071513164308e+01
3.186605664414127048e+01
3.470581287140235816e+01
2.479278060639531134e+01
2.922674199639060788e+01
3.335735239537971353e+01
3.020241842220190520e+01
3.540782744271219684e+01
3.368433481454094647e+01
3.738216672060745793e+01
3.699443215175114119e+01
2.718540787182811869e+01
3.156501964090192303e+01
3.133488121579956243e+01
3.833885260862066957e+01
4.128909826318725607e+01
3.806286464218079146e+01
3.446796615382061901e+01
3.602099077376224301e+01
3.744761845935376954e+01
3.717826398228412188e+01
3.683257560823455634e+01
3.642657546621312292e+01
3.753648406678483695e+01
3.746692337596903144e+01
3.750898253142260330e+01
3.220721048762499805e+01
3.935642485697377424e+01
3.326142015043473776e+01
3.882655705161833737e+01
3.455153574617766310e+01
3.606584530659774401e+01
3.315069426078670034e+01
2.893697952361098658e+01
2.610910667682052022e+01
3.372602771332634575e+01
3.270387004117466745e+01
2.925434906492727549e+01
3.426459853650467835e+01
3.237624720755007246e+01
3.452785634356811784e+01
3.644795133210649141e+01
2.762121299791611762e+01
3.734491927976394265e+01
3.020623212071382824e+01
2.349491371095064451e+01
4.004564330161448993e+01
3.101908971579314667e+01
2.711888560131335524e+01
3.900081899957689302e+01
3.579004240129809489e+01
3.659670505129260221e+01
3.553364538847147713e+01
3.719141129762357423e+01
3.904619037701046835e+01
3.761189417735481300e+01
3.420783400421175457e+01
3.440830318556749035e+01
3.586085076581390041e+01
3.819418319183035493e+01
3.977778403683549868e+01
3.330655633359976520e+01
3.079516811535263443e+01
3.372736330793996729e+01
3.992179826438599832e+01
4.111843699334168889e+01
3.413560551956196321e+01
2.750418394051965976e+01
3.508018311199381856e+01
3.653008291400305296e+01
3.468028651760355530e+01
3.941077073784222762e+01
3.984601890670791136e+01
4.077796812289133754e+01
3.964812313865508742e+01
4.038965613138782373e+01
3.833221763555344808e+01
3.532299406143056331e+01
3.673668949541161766e+01
3.422260123380189611e+01
3.266402358430559616e+01
3.835292990128223778e+01
3.733158070352946822e+01
3.759808610765758630e+01
4.073918888344350364e+01
3.643697190085195814e+01
4.204720742119476995e+01
3.572899520207624136e+01
3.584214725096650511e+01
3.525644844277867662e+01
3.816810032526200303e+01
3.769954064297960628e+01
4.001594199280977193e+01
3.842504548477586468e+01
4.113288772363130619e+01
4.232177184552941185e+01
3.318926733811571950e+01
4.201437595090476407e+01
3.763042838098314036e+01
3.923413990378337246e+01
3.220471632414821528e+01
3.477192227699903526e+01
3.514756458615818246e+01
3.028628194323024303e+01
3.675610343626906484e+01
4.107534514665584169e+01
4.059850142852034338e+01
4.198145845892602779e+01
3.986719684685613885e+01
3.862198711892394698e+01
4.023336367145812176e+01
3.925382877605591858e+01
3.570187338893701678e+01
3.882540752928594685e+01
3.726655112525354241e+01
3.677975431508345849e+01
3.133889439069980298e+01
3.608898130387825631e+01
3.664112607227779250e+01
3.505028971923762526e+01
3.972387875076086061e+01
3.562355198620961971e+01
4.120092760600321213e+01
3.592363778001688246e+01
4.119775960770428469e+01
3.122430724318573070e+01
3.210906935692746345e+01
3.389058020423650675e+01
3.185427619764226748e+01
3.994259301444714794e+01
3.983622616576089115e+01
4.132547152063168738e+01
3.531538993196453902e+01
3.694613654872760122e+01
4.057584215403537087e+01
3.709924203566339429e+01
3.637279798602442327e+01
3.928737241799380797e+01
3.876015944082368492e+01
3.402074673702179552e+01
2.975172082448479927e+01
3.732126282639025305e+01
3.726855550327179145e+01
3.781324832363396382e+01
3.929061472584393755e+01
3.512560543004279623e+01
3.602838554496491952e+01
3.877377499537004013e+01
3.124704242465272230e+01
3.130689643250137877e+01
3.081079479406626831e+01
3.644219719769620269e+01
3.454451404356905186e+01
3.778175744668178027e+01
3.789948247075078314e+01
3.684735204401309261e+01
3.581401525770765915e+01
4.063463350776069660e+01
4.187306382367701474e+01
3.562321747909179948e+01
3.545163857224432036e+01
4.057307875930941066e+01
3.161585857894038298e+01
3.579561801038737201e+01
3.628516024200806811e+01
3.166626434250289179e+01
2.532682532513074136e+01
3.624076374920028343e+01
3.687880266149056041e+01
3.207832430187609418e+01
3.242721129899783961e+01
3.183645874147858024e+01
3.766502083788206789e+01
3.684172839382286213e+01
3.628835680624101201e+01
3.798154059489566237e+01
3.953892277659261367e+01
4.052872948229516226e+01
3.721208457568219785e+01
3.900766682778488814e+01
2.951958701172873845e+01
3.381620305071285770e+01
3.427619457019854110e+01
4.098758870726647530e+01
3.258269180468144555e+01
3.278294689771277604e+01
3.719038744615383507e+01
3.463532262367134251e+01
3.734469998402509106e+01
4.089268514684994216e+01
3.166603215380419911e+01
3.572296941546597537e+01
3.301187015299403527e+01
3.873704438858651855e+01
3.301470117137674265e+01
3.451425665992435654e+01
3.894620722312724581e+01
3.388083889423386097e+01
3.118762221337203400e+01
3.836763017434070377e+01
4.291665640640513857e+01
4.252555055597526490e+01
3.492482523923712279e+01
4.068960400953188383e+01
3.873409473252284840e+01
4.024904008131566968e+01
4.310913973660905185e+01
4.004776802332068542e+01
4.422844505121282310e+01
3.829664769333643193e+01
3.802065171062275084e+01
3.552125198710451315e+01
4.130552859611707106e+01
3.221588080279299504e+01
3.588982870446594120e+01
4.154507245392447601e+01
3.826870249779802435e+01
3.641249519139602597e+01
3.559504326662665363e+01
3.675862770532661727e+01
3.022312014572557359e+01
2.910063035646075491e+01
3.839898402148981660e+01
3.919466824740745636e+01
3.546532603296673614e+01
4.043872663853420590e+01
3.303583938986838575e+01
3.674616575646668082e+01
3.503228640875460798e+01
3.785993675081098075e+01
3.468140102673114455e+01
3.490661407831585450e+01
4.012331948331505771e+01
3.114588686225639336e+01
4.221878304001148763e+01
2.871509982700464292e+01
3.395796272593888432e+01
3.563407599766777878e+01
4.403162659686063307e+01
3.791388147475779391e+01
3.802880579954629781e+01
4.267819944918723252e+01
4.044868418320977810e+01
3.958498350599036542e+01
3.852779046630698190e+01
3.627433289496443791e+01
4.043250835820202838e+01
3.700551685585263328e+01
3.861238143968045478e+01
3.698293830593325993e+01
4.158897203908569651e+01
3.397613213451782599e+01
3.482176008972424341e+01
3.605536290358103457e+01
2.490385283899353297e+01
3.369979594808078360e+01
4.019861140734846572e+01
3.614477952032788721e+01
4.088876234554724221e+01
4.053531426868416787e+01
3.742776739229383764e+01
3.829314636112665227e+01
4.037363377745658966e+01
3.667700195967018573e+01
3.033686877888160893e+01
3.265230666020077877e+01
4.039056394171927877e+01
3.909122018782912278e+01
4.202425726113840909e+01
3.734485635234828749e+01
3.845171363171684220e+01
3.834867576904382958e+01
3.417524787413966436e+01
3.190682333575518115e+01
3.902164777608795276e+01
3.164348025477577409e+01
3.214068974394754719e+01
3.805339230730385935e+01
3.785856945158408848e+01
3.411601147635639109e+01
4.279364061746984760e+01
3.725600135918141120e+01
3.752329189529767461e+01
3.136838065936222364e+01
3.846016462745725306e+01
3.511770027747602541e+01
3.934484171540400155e+01
3.899201238819382809e+01
3.879916883882449241e+01
3.149177361083413018e+01
3.010770851661317238e+01
2.905181625734843820e+01
2.980896764988249004e+01
3.207177942690265127e+01
2.635744050888614609e+01
3.362312666641144432e+01
2.578568810134480316e+01
2.491276862850001805e+01
3.386547639806116194e+01
3.537117789551990654e+01
2.840651735131657674e+01
2.422789084450418429e+01
2.871442458346511017e+01
3.090705273169717060e+01
3.477614591962841928e+01
3.455816331046426626e+01
2.727226006400296754e+01
3.764180480509916293e+01
3.756408878451686206e+01
3.437146360288648594e+01
3.807675108333254599e+01
3.917476717919642226e+01
3.803139973496989512e+01
3.811031708759739445e+01
3.235459700915762227e+01
3.547285099434076017e+01
3.602136229830849601e+01
3.190473537273994609e+01
3.121007560447057472e+01
3.323565663715743312e+01
3.545892327004884947e+01
3.339312771718453376e+01
3.787850087213575989e+01
3.343216279373229582e+01
3.519300419098922816e+01
3.243723832323875911e+01
2.977473089158382180e+01
2.762776198466614730e+01
3.895576691409979020e+01
3.780259697351731774e+01
3.870793259350792681e+01
3.841790734613429947e+01
3.407863555039590153e+01
3.636107795766620399e+01
2.265254537565807524e+01
3.100346825268842110e+01
3.576723795128955175e+01
3.672175684450154165e+01
3.843400061609516172e+01
3.078435070309342692e+01
2.718198198975293778e+01
3.045459991081550299e+01
2.637889611526521705e+01
3.341396630943258117e+01
3.379935331329361503e+01
3.956861753765770118e+01
3.838010585550393472e+01
3.547049321639028108e+01
4.061414676992845330e+01
4.001313225706589094e+01
3.667651369174232201e+01
3.824879320462193277e+01
3.875410114483387503e+01
3.468291101308453506e+01
2.936536933417033168e+01
3.096538968687166005e+01
3.008151672034406587e+01
3.055507004964847084e+01
2.483890327802070530e+01
3.727326224309356206e+01
3.584102176161307796e+01
3.487761229004054542e+01
3.338902173444652277e+01
3.214884842055182901e+01
3.691647278176583313e+01
3.373312407554577419e+01
3.930674568328063856e+01
2.759147007357846348e+01
3.651676150633593920e+01
3.637512211160434816e+01
3.792826016377846088e+01
3.015743331919016867e+01
2.792696692759300703e+01
3.110142078493791473e+01
2.204154223640906096e+01
2.711960314557235563e+01
3.603437798140903681e+01
3.405878806410875370e+01
3.236715806575377030e+01
2.915134683174408536e+01
3.142289882868081108e+01
2.456458359834922334e+01
3.243870588525219034e+01
2.667719967935909153e+01
3.331201938360364778e+01
2.436790552957657141e+01
2.374275854060809365e+01
2.910187101852509173e+01
3.303185466568334050e+01
3.240981624834630281e+01
3.245058392934093661e+01
2.641476611975388522e+01
2.654531275104328358e+01
2.966110048070625993e+01
2.965671839698029189e+01
3.246184797736067651e+01
2.847405354781466968e+01
2.999935811745670833e+01
3.209417298387493389e+01
3.340165354050653690e+01
2.694223140905745595e+01
3.088782087197299830e+01
3.357850848085136164e+01
2.309966863040063956e+01
2.885510019143039173e+01
2.342764822764660337e+01
2.997830039293446447e+01
3.267924450906114231e+01
2.318459805788844008e+01
2.644626627453988021e+01
3.325043138683071220e+01
3.268673511763073947e+01
2.768365591832624517e+01
2.808840938234546769e+01
2.992974002974627012e+01
2.812506563090605738e+01
3.308247505805778133e+01
3.030611215985936013e+01
3.320455536253347617e+01
3.376876714219852715e+01
3.513548424571752804e+01
2.857551154870576227e+01
3.806941595775468556e+01
3.349751662694492182e+01
3.901818966325784999e+01
3.884678151138939484e+01
2.424815108253099893e+01
3.341109497534916528e+01
2.805290787735049207e+01
3.215724329304235596e+01
3.512689029985796196e+01
2.336630521167916896e+01
2.829845210447005144e+01
3.273886085417174030e+01
2.776103833619307792e+01
2.781402475749242953e+01
2.567890316238760562e+01
2.804859232806496649e+01
2.975744190028746061e+01
1.885744717715106589e+01
3.277596434008539461e+01
3.405915478414245712e+01
3.130675598361635537e+01
3.461987172466984930e+01
2.481655950406135602e+01
3.031240759382571426e+01
3.250817421355014858e+01
3.521179805237080984e+01
3.754955350167286809e+01
3.503906424704630496e+01
3.262482056884130088e+01
3.107743956950016795e+01
3.822635155768963244e+01
3.769993301903714666e+01
3.528250386538715588e+01
3.786924309649209874e+01
3.710506075504263634e+01
3.515845501057007283e+01
3.012302571633692949e+01
3.602831285885687862e+01
3.027930808052369827e+01
3.019498400056871645e+01
2.623719163432059531e+01
3.206713984251146599e+01
2.433595908843390987e+01
3.081585537541254993e+01
3.331887409765745645e+01
2.808635463075349747e+01
3.008315681632469563e+01
2.951891833402587650e+01
3.459356750908793998e+01
3.167107768888920205e+01
3.288413862717285241e+01
2.549942784335192059e+01
3.293706742418504518e+01
2.664514432579084158e+01
2.747016684865867120e+01
3.287188833830789747e+01
3.320296397316602111e+01
2.912995679921118608e+01
3.218887939216310201e+01
2.676421063861702976e+01
2.180664038597631560e+01
3.665106593628487985e+01
3.240831328725654714e+01
2.809572448718494897e+01
3.234335263657254700e+01
3.419765732950531145e+01
3.547807745245657429e+01
2.969596649053858073e+01
3.341772876199708975e+01
3.449359305061853576e+01
3.029098569936017782e+01
2.846964703650368733e+01
3.326084157845501466e+01
3.128948551975811654e+01
2.833100132002174121e+01
2.341464543838117152e+01
2.872213702153605652e+01
3.359885613657955616e+01
3.062759394080938691e+01
2.310284031115995873e+01
3.522762860921168482e+01
3.398754497864122470e+01
2.397893563630812963e+01
2.917176197029133888e+01
2.409401573839766542e+01
2.064563872206865369e+01
2.283788332237197238e+01
2.204529066914394519e+01
2.359760117080129760e+01
1.824491728175024718e+01
3.200191197561797196e+01
3.568742871724739985e+01
2.457052708643057670e+01
3.385040404808506764e+01
3.487758415813655688e+01
3.510960404032809379e+01
3.637757987337384691e+01
2.901073701743246502e+01
2.532789001901015524e+01
2.913950180084851738e+01
3.104653451788514573e+01
3.379106974724158619e+01
3.232098329814652260e+01
3.434807447310143402e+01
3.508432126518509619e+01
2.387593607081239000e+01
2.238418971505272737e+01
2.521393852141623171e+01
2.599976461710309650e+01
2.920630691949899926e+01
3.050329114345618819e+01
2.991682686480224262e+01
2.847571631144310444e+01
3.036894013274917015e+01
3.281386655762241134e+01
2.840042812519792648e+01
3.563683870278465093e+01
3.054048446607892942e+01
3.458937188998076095e+01
3.373810397089184221e+01
2.982317688391141175e+01
3.203981177605788844e+01
3.309688396115139852e+01
2.251825427583400341e+01
2.926353417681489333e+01
2.226614378073220379e+01
2.509247864927651150e+01
3.066627866573939087e+01
3.415107187096442232e+01
2.938146524947519467e+01
2.291240635205417320e+01
3.441746555473281433e+01
2.455224612693404751e+01
3.288786146198101790e+01
3.402248709147154671e+01
3.429795823232307583e+01
3.030168072681955849e+01
3.004806454080792122e+01
2.370995546647954910e+01
3.333039782522850203e+01
2.530599169502105639e+01
2.506022310883728466e+01
2.405066178081596817e+01
2.467300930109139756e+01
3.429047788279183351e+01
3.201547125865244681e+01
2.748348276619488573e+01
3.392121763219461883e+01
3.217862587965670684e+01
3.285692991834325483e+01
3.526779216718254162e+01
3.142383694212601597e+01
2.714282786696541194e+01
2.924810528615999417e+01
3.213629987199275462e+01
3.048224723035308870e+01
2.952112367378069280e+01
3.177416879737558020e+01
3.343076878516381356e+01
3.263647698048095691e+01
2.051862285596175894e+01
3.005137691827199120e+01
3.371350517215050502e+01
2.872490661058103001e+01
2.761094700605262631e+01
3.212298389379512287e+01
3.304776244065512714e+01
2.406452748389373397e+01
2.464983524393393566e+01
3.022729784260254959e+01
2.908878723452033199e+01
3.397577207935942312e+01
3.163868096219012216e+01
3.402315380514525600e+01
2.719976539450849273e+01
2.835450400939113180e+01
2.275409692844148069e+01
2.517524264975383730e+01
3.547518602718204761e+01
3.238354826983651691e+01
3.031092962621722009e+01
2.865255699690117197e+01
2.996454474433284076e+01
3.300710338745610528e+01
2.808253324730885225e+01
2.481201558495273574e+01
2.384662213635616368e+01
2.867450019169940134e+01
2.519943523461365231e+01
2.238402723111810388e+01
2.765696077008456299e+01
3.089357382978697331e+01
2.919299358546098233e+01
2.241573646528799912e+01
2.749909347098131818e+01
2.926542921189193791e+01
2.322202089540478553e+01
1.545148521371089601e+01
2.457467268013103734e+01
3.344977610340950491e+01
2.766486339642795400e+01
3.303148494397228063e+01
3.248689780148136919e+01
2.095339581358263459e+01
3.024563038120142622e+01
2.725350178321715333e+01
3.242178544110550575e+01
3.554651582548248712e+01
1.467700092991023375e+01
2.678551827578393585e+01
3.486534597804289604e+01
3.027124396077391921e+01
3.297498644557170167e+01
2.735672106950414673e+01
1.839062761612409957e+01
2.090159368449612742e+01
2.150294221294208441e+01
1.269450485078790614e+01
1.331492595886458297e+01
2.527007822275893290e+01
2.856008694678455839e+01
2.516430265398942367e+01
2.989252772674899106e+01
2.932680387248515075e+01
1.761530421458353501e+01
3.425585109759271063e+01
3.433856589055397279e+01
2.549426996472147522e+01
2.360694381588056245e+01
3.264940357039536423e+01
3.351614515890749146e+01
2.705480660043286889e+01
2.680564067998714961e+01
2.837386596057120158e+01
3.262597569200605818e+01
2.820841014048673401e+01
2.908712062361271578e+01
2.801022757141818786e+01
2.711482005325492750e+01
3.824995646316379805e+01
2.037348641586217113e+01
3.135497198524124229e+01
3.419135872615028404e+01
3.369679867163010556e+01
2.108217536603457987e+01
3.269873846051771693e+01
2.894264467165795551e+01
3.087065538309305168e+01
1.729495509369074568e+01
2.490762218157732022e+01
3.369069345911898949e+01
3.090368217669423956e+01
3.291263563097982114e+01
1.809414990444686921e+01
3.262693256293948707e+01
2.885290428465889434e+01
1.664102522913695736e+01
2.835420978898912736e+01
2.726564920452940655e+01
2.760312016285603320e+01
3.288252107879741715e+01
3.025005204330000197e+01
3.214024776183359222e+01
2.874490983955663026e+01
2.930223353078800130e+01
3.252894697856591222e+01
3.074426020149944705e+01
3.335038616916139631e+01
2.967432033118558365e+01
2.710490641026760272e+01
3.352037951705389673e+01
2.384243491911440316e+01
2.701889059230384049e+01
2.816791600308093990e+01
3.172038105524869422e+01
3.036004005811833650e+01
3.035995121495481186e+01
3.069599243004950750e+01
2.577544757525014774e+01
3.181441176408243976e+01
2.946426180999994671e+01
3.623592266546171459e+01
2.810489174129040535e+01
2.473759800117908725e+01
2.793152510047864823e+01
2.754986486154844627e+01
3.513868001517539597e+01
3.340008781018834583e+01
3.060108858267575727e+01
2.356397366171250241e+01
2.904366964642246174e+01
2.679589242647575276e+01
2.604473335757504771e+01
1.923511959832230289e+01
2.822843345309244611e+01
3.120182502353244658e+01
3.019829831026068589e+01
2.876771523774715433e+01
2.136065705381155055e+01
2.330180953370696528e+01
1.490275922315580814e+01
3.039874566780173737e+01
2.828821084273105058e+01
2.873152197315479839e+01
3.041660173937092182e+01
1.847060496539668151e+01
1.690406480432545777e+01
2.788803059132390771e+01
2.209785009726903837e+01
2.579317768868873628e+01
2.532202935550322564e+01
2.849388475003714305e+01
2.880917893821379039e+01
3.010183127236386014e+01
3.437656513646957279e+01
3.501050849830385658e+01
3.462465353168111903e+01
2.814665173101295892e+01
3.568564536356979744e+01
3.325146004303815772e+01
3.121660300610390948e+01
3.615002464453575470e+01
3.261061432883116851e+01
3.402410191761725855e+01
2.215659756824889470e+01
3.182996800026090511e+01
2.508380013809813391e+01
2.678888584762457370e+01
2.809375131774985590e+01
3.114489732967152236e+01
3.208129262897752199e+01
3.429314517835082654e+01
3.000805588548223213e+01
2.952999999302134526e+01
3.144406651234510264e+01
3.314764398285228708e+01
3.288568073676051995e+01
3.319972302568965006e+01
2.583864818849849598e+01
2.881665777489251923e+01
3.169887605087224358e+01
3.058260349993648219e+01
2.573903956642315904e+01
1.929074858633499545e+01
3.097750650900362146e+01
3.040190941730591589e+01
2.878101357373822466e+01
3.230732114293778068e+01
3.041535931937857384e+01
2.952005075707861081e+01
3.199807905017221898e+01
2.531834691504780821e+01
3.333176773598569298e+01
3.404253405613728489e+01
2.994742008086077334e+01
3.279743137965455446e+01
2.625258365563885832e+01
2.974274252569096078e+01
3.007683760876203394e+01
3.221711115892682642e+01
3.120442857161282291e+01
3.274295927825819064e+01
2.192300099691465221e+01
1.969816087848155917e+01
2.734171183626048673e+01
3.677328167998262387e+01
3.571721131094036394e+01
2.522159069977234935e+01
3.216609406581895314e+01
2.352094482594822367e+01
1.992123892847451927e+01
1.324025144407395516e+01
3.372285785859379814e+01
3.308168424584358291e+01
3.090579275318741281e+01
3.411923224503119201e+01
2.421992908751499129e+01
3.073392715514483342e+01
3.381673317797063305e+01
2.492483939500162649e+01
2.097158968722013128e+01
3.120494385080699828e+01
3.005867331250950159e+01
3.327783626646952087e+01
2.802712237842766285e+01
2.381513863478051007e+01
2.902758758691870256e+01
3.339319048050340655e+01
2.687236067693183372e+01
3.287925471050237292e+01
2.194327826678246751e+01
3.453210798350795585e+01
2.213685814269270935e+01
2.203611739070490927e+01
2.659754578566180783e+01
2.788818410733682285e+01
2.885126955201693377e+01
3.369596570191561824e+01
3.418242934974677638e+01
3.209343439448063862e+01
2.975186098609999164e+01
3.078264078191164899e+01
2.891450930548454323e+01
2.978566502763433377e+01
2.463111702327370622e+01
2.251460743941127163e+01
2.928807080424084219e+01
3.829776318279965608e+01
3.905742878023748688e+01
3.514910434913344517e+01
3.166212314466475419e+01
3.207678973816521051e+01
2.378235274882606021e+01
3.106337511237181914e+01
2.558868112553852114e+01
3.140788400334915664e+01
3.133031005933497681e+01
3.251292530833935501e+01
2.288999789075896629e+01
3.642875433016867959e+01
2.166901238265828766e+01
2.023224713444747991e+01
2.609489999653642656e+01
3.066092044199051259e+01
3.365027812555455711e+01
3.351107931612043700e+01
2.981488601549859752e+01
2.830327813402636394e+01
2.435494423890657956e+01
3.047333191584187517e+01
2.244932951926345055e+01
3.039075870152929326e+01
3.203872220992835906e+01
2.676765042894518842e+01
3.024468524511708267e+01
3.454920312826645556e+01
3.379962605488859140e+01
2.965868254619446276e+01
3.037710896142099770e+01
2.728720129558939789e+01
3.324356268535602510e+01
2.615879839724311751e+01
3.077360119188817578e+01
3.109508864012742890e+01
3.106484257295020512e+01
3.238354493637873333e+01
3.304466479360707609e+01
1.878555100149102230e+01
3.668895658415325300e+01
2.882017680505251178e+01
3.099759511769105558e+01
3.064927025867804744e+01
3.228819476884640949e+01
2.923718412885101614e+01
3.005829310718201342e+01
3.092484618852009959e+01
3.444564061547313827e+01
3.529048417227494383e+01
3.424296438288742195e+01
2.825610112040142141e+01
3.069933867746426515e+01
3.145732448861672381e+01
3.165847663930706091e+01
1.562434077902694796e+01
2.417479616644147100e+01
3.235577624102870686e+01
2.126965875193580402e+01
2.354036794697617552e+01
3.364304713424880333e+01
3.367204764510133685e+01
2.891263877423274664e+01
3.234609016871745268e+01
2.902051740611543096e+01
3.213969387503668429e+01
2.395529673484670141e+01
2.375695136816819542e+01
3.501385186053119725e+01
3.299710061832636399e+01
3.215906944635830200e+01
3.291966654462871844e+01
2.737551866140946899e+01
2.932045439320919655e+01
2.518271266775708028e+01
2.523835480296908429e+01
2.538476088741361281e+01
3.398185072025440689e+01
3.119740897774743971e+01
3.441619206416513066e+01
2.575989642763975240e+01
3.706029588259917773e+01
3.769260985708705647e+01
3.128842219495446031e+01
3.358278342248220127e+01
2.518609557679820909e+01
2.289247883698955377e+01
2.368690253671652002e+01
1.536880420816576454e+01
2.441422202605028247e+01
3.024372111162564991e+01
3.598737441994651221e+01
3.342112513408671504e+01
3.252765431509488536e+01
2.705580421844196337e+01
2.961301235589553471e+01
3.929777027889043950e+01
3.555102818769915984e+01
3.854265105296946103e+01
3.457592631265625016e+01
2.595259576936877721e+01
2.519353484235870155e+01
3.051162203071077528e+01
3.529994279722046713e+01
2.544143563973190680e+01
2.588604674143789453e+01
3.078563233189746029e+01
2.761986533322224346e+01
2.528857954754264625e+01
3.103198382695653734e+01
2.539942795803652231e+01
2.578802704928764911e+01
3.246045077099879705e+01
3.051958021116648467e+01
3.127550024236479942e+01
2.686827490944043717e+01
3.455561981183335973e+01
3.214467300794017035e+01
2.695289666145389873e+01
3.625155257394167307e+01
3.586315293189122855e+01
2.584027544898638595e+01
3.182382493661933864e+01
3.085278019628159996e+01
2.581013544995985853e+01
3.355822694656006178e+01
2.894247858348846236e+01
1.945210940257894805e+01
2.099156126499789465e+01
2.844419421720319718e+01
1.454953395910571778e+01
2.101618258251817650e+01
3.471793162139525180e+01
2.486337133731034399e+01
2.419457226227488889e+01
2.644404111225488663e+01
2.777745641535171117e+01
2.934302118879734422e+01
3.239624792750207405e+01
3.392972759762265866e+01
3.370782193691199069e+01
3.024026499164103399e+01
3.467264934221960004e+01
3.378011982764734000e+01
1.932996113334554167e+01
2.221595641078490502e+01
2.534855658782764110e+01
3.153384883795856908e+01
3.313418029741043114e+01
2.620792360640070129e+01
3.588634921157387225e+01
2.589647811039253256e+01
3.528907537325511612e+01
3.514490529710118949e+01
1.777621390679651725e+01
3.147252532926784596e+01
2.978658298581491692e+01
3.151102272729145781e+01
3.158933649791267584e+01
3.108807095441443380e+01
3.257022848461085829e+01
3.334729870699506904e+01
3.554668052877380546e+01
2.656624515612555726e+01
2.442789916784010273e+01
2.947575562988690834e+01
2.919164041852349456e+01
2.632239652912474881e+01
2.944832185979930017e+01
1.459294661908683288e+01
2.219959644359197881e+01
3.022733626785787209e+01
2.986942167591385200e+01
2.975141580829542676e+01
2.537792882106295522e+01
1.994421009852068138e+01
2.547430054362978780e+01
2.710638100266926998e+01
2.016527222220334536e+01
2.835078136530468029e+01
2.308004808558578702e+01
1.951488935737829067e+01
2.727699545230420597e+01
1.896936771120929421e+01
1.934153950149566725e+01
1.715863806853643680e+01
2.390444402458722450e+01
2.260314052187856859e+01
2.473196014078392935e+01
3.063718918058750162e+01
2.455422530690384519e+01
3.044666800167894394e+01
2.608821577622949661e+01
2.136833685296493002e+01
2.941539817149901381e+01
3.145920326170837455e+01
3.344120856385502094e+01
3.176864827518713241e+01
2.934246061841706776e+01
1.973768903474504199e+01
2.642223108117556052e+01
2.626690465589687307e+01
3.005002683464691771e+01
2.612281693802115612e+01
1.462774319218707930e+01
1.927030515289113310e+01
2.484852496343773609e+01
2.963305740742630690e+01
2.939746130326364337e+01
2.704200662381903797e+01
2.255075432225493159e+01
2.476236062196394272e+01
2.883753407288543968e+01
2.856914813052436841e+01
3.125130106594343005e+01
2.946717658353382419e+01
2.823533835098673705e+01
3.118256075716069375e+01
3.182568998495149515e+01
2.632524532941520334e+01
2.002582249720756380e+01
2.309997514984949163e+01
2.502062629062399068e+01
2.897014084816204260e+01
3.128972473685269406e+01
3.190889622629152456e+01
3.275220106847807244e+01
3.112302623033479065e+01
3.188454569224381885e+01
2.607631569848385311e+01
2.701207242878604831e+01
2.083430788238387876e+01
2.762451301859193720e+01
2.960088773767853709e+01
3.034392394335903731e+01
2.994642242874996185e+01
2.648036364243254326e+01
1.948875361943228057e+01
2.911304617887403623e+01
2.806097865122792001e+01
1.458747566231529902e+01
2.904015408731006431e+01
3.017285746480462549e+01
2.093530665762332887e+01
2.759886853908611570e+01
2.687009555639083658e+01
3.069960041160734932e+01
3.114752380383401231e+01
2.866872746162908214e+01
2.806627029590419653e+01
2.917995681446706158e+01
2.052317804374511923e+01
1.841563848447274765e+01
2.042963418937247866e+01
2.537227925010690655e+01
2.729454219949768756e+01
2.725879748990337959e+01
2.794525704434598268e+01
3.126165336636395864e+01
2.929256089368369231e+01
2.885280178743779089e+01
3.098959782619291303e+01
3.156477589543334261e+01
3.249514486268225255e+01
3.486143779478184257e+01
2.956415327735387066e+01
1.822576247669131533e+01
2.660198392346520890e+01
2.693188424996604624e+01
2.834672979785514002e+01
2.714475151160294786e+01
2.862704970182875286e+01
2.356097545796622938e+01
2.175739067218484024e+01
1.709354793367934278e+01
1.773869507591145123e+01
1.993063764545469496e+01
2.269583371785424575e+01
2.852664219077222540e+01
2.924982634107790247e+01
2.529553195139051525e+01
2.844365181787395969e+01
2.869283481759948629e+01
2.495513372867207735e+01
2.639988500286926154e+01
1.862019252144881776e+01
2.933315411767362946e+01
2.273782161276884395e+01
2.891079859409711261e+01
2.256174259213883815e+01
2.312447456423150527e+01
2.765992930167168140e+01
1.902496443936951209e+01
2.830015472892757700e+01
3.287566899869027282e+01
3.245682643757392327e+01
2.167806027533561419e+01
2.424804011791556491e+01
2.617480960982507909e+01
2.893873828895505795e+01
1.750201733999047349e+01
2.592240911134924630e+01
1.945869867867746450e+01
2.562789510199003118e+01
3.046141888122344099e+01
2.341038180672739344e+01
3.155922361231212392e+01
2.630474875730995876e+01
3.025331843916528740e+01
2.905425203362971587e+01
2.681830953629590653e+01
2.741452677838043783e+01
2.894975088270729202e+01
2.592148025027020353e+01
2.381557254096434662e+01
2.624917868242023644e+01
1.915655661123271969e+01
3.103131063253911748e+01
2.962383933628618848e+01
2.864524015121424938e+01
1.741852812621450042e+01
1.586159843685248383e+01
2.487211363995287172e+01
1.985126851556975680e+01
1.169034588133195562e+01
1.485925288073372208e+01
2.829469780856882366e+01
2.040172096606649532e+01
3.317823002342875327e+01
2.999986859400024741e+01
2.511323456204682003e+01
2.358370576311914490e+01
2.542055320226218385e+01
3.123883479206149971e+01
3.225011724256550849e+01
2.285008089688637867e+01
2.624281273482422705e+01
3.331776346215584539e+01
2.929224802917184434e+01
2.789027508069289141e+01
2.909517541920806138e+01
2.067814696217376991e+01
2.590170736355239711e+01
2.540499789763778082e+01
2.887895261108995015e+01
2.709365820929097524e+01
1.413754887432475194e+01
2.740357957326980198e+01
2.561897654501352761e+01
2.259414738365629916e+01
2.635771550136741226e+01
2.044133215179654428e+01
2.878251930767056166e+01
3.206152977338663845e+01
3.294049159671248361e+01
2.799636479686560619e+01
2.816260486642525507e+01
1.968704929013206240e+01
2.299109208294325768e+01
2.973751793258324838e+01
2.347233475294299154e+01
2.082884732130948890e+01
2.802081967236024340e+01
2.620251701641933550e+01
2.449689410804741385e+01
2.975519479664248124e+01
2.345682536833394494e+01
1.890671838644971103e+01
2.289799312512845120e+01
2.574519226595317178e+01
2.194451883434534878e+01
2.467090034198724879e+01
2.571199013315838755e+01
2.627394355525289171e+01
1.807085792921889933e+01
2.789834712072018519e+01
2.947753113682882997e+01
2.545678202843708604e+01
2.639443759073227369e+01
3.116565611461037832e+01
3.141016566180322656e+01
2.797505701743198614e+01
2.783887216215484273e+01
3.043508734340787214e+01
2.695833466123427513e+01
2.634928618732766736e+01
2.285601507391023191e+01
1.794122057917672919e+01
2.408995327801218167e+01
2.518700281730611223e+01
1.624160891792115891e+01
2.658810261449052348e+01
2.878166210527133728e+01
1.926020256658511798e+01
2.343768749058916612e+01
2.342651770029343439e+01
1.997102762302307255e+01
2.417387442975553569e+01
2.531423603398828703e+01
2.896678905615157973e+01
2.367883212731891263e+01
1.754592607169051988e+01
3.128683875983746532e+01
2.649727224530497338e+01
2.309855958780988772e+01
2.596755513054954889e+01
2.339773488194729367e+01
2.296703793009740124e+01
2.842195118602906945e+01
3.012625866144871267e+01
3.214981699932282311e+01
2.926854755509210548e+01
2.608011574758122464e+01
2.206457218020801037e+01
3.279690402889472267e+01
2.900654996189386736e+01
3.324051077484917727e+01
2.541295121544774460e+01
3.082569797726961269e+01
3.308974778156584762e+01
3.344795813697607656e+01
3.087334150412834077e+01
2.173541254458435290e+01
2.734004342587230596e+01
2.608281852512885379e+01
2.585576573604374317e+01
2.444266591225985508e+01
2.938760393323924802e+01
1.798546221996570793e+01
1.332586939673262982e+01
2.590772827047611315e+01
2.129687724199809651e+01
2.844479089510833347e+01
2.672176608445704815e+01
2.042913128418608082e+01
2.364758153702489452e+01
2.318619328019585168e+01
2.466737265585359751e+01
2.935974463752893371e+01
3.126041728370635298e+01
3.285989191582287816e+01
2.795192323701823511e+01
3.299062550011538519e+01
3.237863698116080258e+01
2.369912042177851674e+01
2.288895132178819836e+01
2.841023877256998276e+01
2.637669809742218874e+01
2.570015799723939409e+01
2.999683940977385888e+01
2.769866795033914997e+01
2.888009642071079597e+01
3.390559704554606668e+01
2.787690069977212559e+01
2.987590477017128521e+01
2.963030373093733161e+01
2.813958311067405660e+01
2.943050836169334161e+01
3.279870784149171214e+01
1.906359440382913562e+01
2.792258804074779022e+01
2.842886033351578945e+01
2.378141813847145514e+01
1.958655965793544240e+01
3.307761805294658330e+01
2.401855866157022845e+01
2.234855891893424840e+01
2.372917719461398178e+01
2.782620634875726040e+01
2.608214367607222073e+01
1.226986480231608923e+01
2.820667708048017630e+01
2.869049432614394490e+01
2.692051943899134514e+01
2.160715256531223361e+01
2.394271378706287123e+01
2.580009919531724094e+01
2.087940021956577397e+01
2.300592093113636238e+01
2.024042927678462434e+01
2.013191878811163349e+01
3.159754170347794044e+01
3.139564050568792908e+01
2.809648684467052959e+01
2.897160582328503509e+01
2.930483725405041895e+01
3.130952973165824460e+01
2.955240194693429601e+01
2.340113979371862385e+01
1.447611060828361573e+01
2.287614471248805614e+01
2.489116845858199412e+01
2.586162881933162794e+01
2.876351294859210839e+01
2.635883432847112928e+01
2.879250328273907655e+01
2.796708786419414139e+01
2.489001595863483374e+01
1.892709327124764229e+01
1.907473053713928479e+01
1.762195052186477184e+01
1.962061461190402412e+01
2.389226957903634130e+01
2.823311548923204839e+01
2.516845004854895151e+01
2.637475838278710683e+01
2.762372101997648244e+01
2.726085491869017474e+01
2.278985920478378446e+01
2.329722839954221314e+01
1.888092224041669454e+01
1.538148344272861578e+01
1.759012856213455223e+01
2.799079373956097072e+01
2.568359931317452549e+01
1.225753551139849407e+01
1.394659658456749618e+01
2.520891063360949857e+01
1.057015545456666494e+01
2.504320548064262653e+01
2.130812852831544291e+01
1.900321739701846369e+01
2.859553804835430313e+01
2.600072785379872897e+01
2.484249000040496114e+01
2.780185665157869934e+01
2.724755015039601602e+01
2.994283436608246163e+01
2.950535101840534580e+01
1.603083032419132792e+01
2.454294522168842008e+01
2.290202464727230236e+01
2.338705131559038364e+01
2.267407694657628170e+01
2.416547925298495514e+01
2.819682864648273224e+01
2.961705411764173235e+01
2.561182370028083355e+01
3.027621499608330424e+01
2.564841170302874218e+01
2.536376607746231571e+01
2.436655548496738533e+01
3.282736487447598961e+01
3.008515160533546862e+01
2.103060352750003403e+01
2.558939308702512605e+01
2.186710584482974085e+01
2.745190262227357891e+01
2.885723463613256357e+01
2.173657988996671264e+01
3.146227083447922368e+01
3.095919201582702129e+01
2.876305967998258950e+01
2.261095506199097827e+01
2.847712486399789711e+01
2.571875044646704112e+01
2.248915999404135135e+01
2.165180094831505642e+01
1.996581691877715414e+01
2.758487757265420015e+01
2.927841243807625560e+01
3.097801980661952825e+01
2.786202562733836885e+01
1.572489576731271477e+01
2.243778042694697916e+01
1.618428171558408835e+01
2.699611143760640886e+01
2.435461762752342452e+01
2.794730514871188731e+01
3.079771488775156385e+01
2.962037046296937604e+01
2.715874745002189883e+01
2.683212422403560637e+01
2.110448613387209349e+01
2.853238886051926926e+01
2.228208128816905642e+01
2.514852799457546340e+01
2.659238736250640756e+01
2.513640110324949717e+01
2.734910232649983897e+01
3.064406456314818783e+01
3.230113507327325806e+01
3.090158835207633814e+01
2.624471607190546507e+01
2.997407671173526111e+01
2.783100794474637851e+01
2.638108586566669800e+01
2.827212757883205896e+01
2.496816519519861188e+01
2.783906031903899247e+01
2.288477321402213960e+01
2.695005508329050414e+01
2.768214552065757417e+01
2.810458578519001094e+01
2.750646867797696871e+01
2.841996975395692715e+01
2.884581695559035097e+01
2.818832529101019801e+01
2.783853614148319977e+01
2.893764636799202705e+01
2.450523484139502983e+01
2.976420111985953909e+01
2.388787058244979278e+01
2.697926389257619206e+01
2.828139837846350346e+01
2.459154357151973613e+01
2.990007957220600332e+01
3.130489016392726143e+01
2.779021531381876997e+01
2.991937402950792091e+01
3.108378601467874702e+01
2.660294660783044307e+01
2.821368685978050550e+01
2.437854310729074570e+01
2.710245282351412399e+01
2.662858534413762968e+01
2.733213704563269530e+01
2.848210957385886388e+01
3.057589022623189834e+01
2.618956130695400475e+01
3.083831643672655076e+01
3.096685507008779581e+01
2.505344837107114131e+01
2.886524649761388162e+01
2.622208561380118041e+01
3.095354602518558451e+01
3.144884928931280399e+01
2.781870426711236277e+01
2.672504211439494526e+01
2.985683558824334938e+01
3.156885200644986611e+01
3.107884515303882011e+01
2.984402057981816370e+01
2.125572393307539087e+01
2.791367141855105416e+01
2.561332932356783232e+01
2.419832267836325457e+01
2.787520819995318178e+01
3.139777603105380877e+01
3.235424377669075824e+01
3.178486846767689755e+01
3.005149888247176193e+01
3.167862064562790181e+01
3.208516471315986962e+01
2.228726501902576373e+01
2.887439855166977054e+01
2.519382017066215340e+01
2.834128650566036356e+01
2.841650032007089521e+01
2.934835924400963947e+01
2.863483393608259320e+01
2.660038019052358749e+01
2.450186835558737641e+01
2.686137057464172528e+01
2.710769015456805064e+01
3.198511161819732962e+01
3.002881974146006527e+01
2.762096854677483293e+01
2.993052087294180552e+01
2.990477413488055447e+01
3.062469941452995670e+01
2.340535855276652200e+01
2.480304983163904353e+01
1.792448294970358802e+01
2.490636276671586913e+01
2.533979401790209351e+01
2.666647713057710689e+01
2.406341639477231098e+01
2.032027037391334545e+01
2.487861581061670080e+01
1.546133657156121188e+01
2.631677468518495289e+01
2.797298298546360584e+01
2.744191974460195382e+01
2.628254711480416717e+01
2.890634532492386555e+01
2.706330243543717984e+01
1.948998713414249551e+01
1.865649522372092406e+01
2.511109046819364465e+01
2.269580787594232874e+01
2.623879442344709645e+01
1.881032396163547560e+01
2.674119097693260017e+01
3.194257672124248160e+01
3.027366804041526649e+01
2.876235215122515854e+01
2.974835485961192916e+01
2.778939665864808362e+01
2.760414507597714007e+01
2.908331133594129625e+01
2.637870315931465370e+01
3.102925734679686798e+01
2.611108333618064137e+01
2.849196273121860301e+01
2.563202883067535964e+01
2.525908015352092306e+01
2.666416853122061070e+01
2.903777875482836635e+01
2.016875054559067593e+01
2.520418280632839370e+01
2.219256194353344114e+01
1.910849870073066370e+01
2.609678106943178477e+01
3.083231086965887613e+01
3.091554774888549773e+01
2.187399118182405644e+01
3.059975120265303872e+01
2.930684805169663676e+01
2.610773356164794023e+01
2.682695203887125146e+01
2.278873902450079569e+01
2.852837156312126510e+01
2.780869782605391549e+01
2.763660582877041350e+01
2.885099943737733241e+01
3.002961730517904826e+01
2.851063822440220719e+01
2.734162330688722164e+01
2.991701763610013032e+01
1.763209467212491077e+01
2.642310463581280189e+01
2.935181364534044235e+01
3.017951990912185067e+01
2.331089707078196938e+01
2.737753581364359334e+01
2.438450974438092800e+01
2.466565631535614500e+01
2.665766946904700063e+01
2.715624455027742812e+01
2.962897666448781919e+01
3.310370543112527741e+01
2.653112971337998260e+01
2.283010216051014751e+01
3.272144898303964311e+01
3.239776140618213418e+01
2.132709145977338494e+01
2.763539289509417785e+01
2.752348532797038416e+01
2.821444488614382351e+01
2.671511693657166830e+01
1.899096605087367706e+01
2.561597922596924803e+01
2.889295823320682999e+01
1.937950538699352876e+01
2.613738355313347839e+01
2.441555167703276652e+01
1.796907286100042000e+01
2.907277404367280838e+01
2.277237064974995917e+01
2.312270611700541068e+01
2.879734877213790512e+01
3.112691309071084333e+01
2.335831023908867365e+01
2.400100480730469599e+01
2.019333422703997982e+01
2.011686847117596955e+01
2.536020474381055578e+01
2.842156465076719840e+01
3.208082487577188857e+01
3.222375819117810636e+01
2.962638681832202892e+01
2.944022010773435483e+01
3.203891714965850923e+01
2.910577127256136620e+01
2.801964443710595987e+01
2.775265627736117580e+01
2.242191168031688875e+01
2.556525459961146396e+01
2.852714090818682990e+01
3.061078759983475450e+01
2.929522009021559015e+01
2.916884810332253863e+01
2.822974665659094029e+01
2.658546123935049366e+01
2.467731050923246272e+01
2.739630633559720252e+01
2.428724925139232482e+01
2.352809798646756434e+01
2.481349728634369711e+01
2.766072308862876028e+01
2.888959766391472073e+01
3.000287867637664618e+01
2.946348049331948360e+01
2.967008506158009595e+01
2.947654210058567870e+01
2.845979389509452417e+01
2.610542166999243108e+01
2.388562460696605427e+01
2.986628714853453914e+01
3.007046686123537427e+01
3.081061498262835485e+01
3.219242177859540988e+01
3.055917293130972823e+01
3.060304503016662636e+01
2.205980831890390093e+01
2.753958995606169680e+01
2.745437125314101934e+01
2.732600956717138629e+01
2.795124296838019973e+01
2.446796423840336487e+01
2.211954148700947798e+01
2.077313352260885537e+01
1.901225329385998464e+01
1.709674264339097505e+01
2.082960746697796139e+01
2.387000783439002305e+01
2.339920212407989553e+01
1.893192118637218968e+01
2.300903659564959369e+01
2.195392468388685714e+01
1.861224107368298064e+01
2.248838464358090761e+01
2.237714726689738853e+01
2.366461495930900938e+01
2.256076429327487887e+01
2.247050309140179536e+01
2.662830102665776622e+01
2.694349075160605267e+01
2.465846131271278807e+01
3.017267390391229043e+01
2.504119269400718650e+01
3.067497793497000202e+01
1.942791140200104394e+01
2.839914643887969348e+01
2.664545494883645915e+01
2.738571399135464191e+01
2.757993525483552943e+01
2.877325340656472719e+01
2.436796678252885684e+01
2.276004851994085953e+01
2.457859646382431862e+01
2.903523717215215427e+01
3.132306961728867378e+01
3.142420395710632164e+01
2.936074763629385842e+01
2.783238964773693880e+01
3.061267329372669010e+01
2.828578753024503456e+01
2.768416038855020389e+01
2.466478783733315439e+01
3.121354423122695465e+01
2.892095191219789285e+01
2.181263482293250888e+01
2.047239957624810813e+01
2.541990347342775891e+01
2.579870462120412355e+01
2.849004628385408111e+01
2.445962815298706161e+01
2.556948806033392430e+01
2.254670950920576900e+01
2.490682169311579841e+01
2.714961150151290070e+01
2.305816439974636012e+01
2.511744312719821792e+01
2.628751814838017253e+01
2.827154785471252652e+01
2.834199972108716281e+01
2.922008528033884289e+01
3.163811620451763673e+01
2.856741742488475566e+01
2.460846477465866045e+01
2.394488688612482719e+01
2.451666621062381779e+01
2.117547023582856980e+01
2.679130982002497419e+01
2.500232364981643585e+01
2.925182283028397023e+01
3.035735446614454247e+01
2.362019507620160752e+01
2.203105825041199495e+01
2.504129355487775399e+01
2.583329588647835351e+01
2.385854974943139695e+01
2.891254462393680669e+01
2.097492138668904005e+01
2.477698588767255927e+01
2.950206307166236641e+01
2.831137747617181333e+01
2.463169010498995704e+01
2.407592089064477747e+01
2.289157527256623936e+01
2.403667378958741097e+01
2.716407641571390030e+01
2.612977405636961237e+01
2.319091369439183481e+01
2.656071701590181888e+01
1.978003118223822554e+01
2.756976311629779985e+01
1.483189655810912200e+01
2.446445344553380608e+01
1.956793566417213270e+01
2.277420228566727189e+01
1.953667677274023973e+01
1.568150549503393343e+01
1.673163070966878152e+01
2.651170841399541445e+01
2.602381282105980986e+01
2.348194414033714850e+01
1.958615091243867923e+01
1.934410557096817485e+01
2.884714382139785016e+01
2.603170590864726464e+01
2.194807465545457248e+01
2.724702019060867642e+01
2.723575263700857363e+01
2.823650095049072917e+01
2.847799455139406888e+01
2.520005279885488392e+01
2.732658346370597258e+01
2.965412511665451589e+01
2.863460135116257632e+01
2.807523646221728697e+01
2.166670016293390688e+01
2.894693758961039265e+01
2.431686906596259945e+01
2.668600229075716257e+01
2.822111520226686565e+01
2.901210052409208018e+01
1.874437460834248270e+01
2.327222514423889521e+01
2.247470769602051277e+01
2.988041292472638943e+01
2.898486709088581392e+01
2.402036363253423090e+01
2.787807616440656133e+01
2.650484819420761440e+01
2.599033693941700562e+01
2.397632901854031928e+01
2.352470710987725511e+01
2.338844589342384239e+01
2.745608132153034830e+01
2.696409329042135994e+01
2.792818915998181240e+01
2.313326414006620624e+01
2.135297242799426343e+01
2.855335949985440891e+01
2.625603389690453326e+01
2.619508581061724684e+01
2.519173207800402636e+01
2.706793623921139869e+01
2.645033696514659027e+01
2.029130461451167022e+01
2.690761699478275659e+01
2.177233767202401538e+01
2.359722483541658278e+01
2.497240433040100527e+01
1.977747804684960897e+01
1.800366919592374870e+01
2.205538172459438329e+01
2.565155992023108311e+01
2.543692507699839567e+01
2.524421942173136202e+01
3.087839896683993146e+01
2.962401898341804696e+01
3.115627243235363864e+01
3.039163373228188902e+01
3.399126804252279044e+01
3.053803738899881637e+01
3.569930413479865194e+01
3.100967935995517166e+01
2.611616747598162291e+01
2.494022288706508306e+01
2.613250766924773316e+01
2.677158767050475419e+01
2.794711503195832947e+01
2.595274973697284082e+01
2.361454868992519351e+01
2.448640647968915474e+01
2.463330604461324569e+01
2.286130589065226104e+01
2.609588512279945860e+01
2.538743333682896974e+01
2.756471207934000134e+01
2.936106205984492590e+01
3.229394918036958728e+01
2.827745460279796674e+01
2.876629226599832023e+01
2.799687879337252738e+01
2.452513115178320291e+01
2.480143489541932666e+01
2.397669835901892554e+01
2.583941206086691267e+01
3.164185878785464467e+01
3.071182186802179359e+01
2.924950996125253511e+01
2.874557260458283636e+01
2.396500640295556295e+01
2.450645180896192343e+01
2.842754387063137855e+01
3.011119354682949734e+01
2.912953632305909224e+01
3.010039386533286887e+01
2.690704810696072258e+01
3.126461905878672809e+01
2.546873095885789340e+01
3.006793344277404501e+01
2.034094167380968088e+01
3.092124460605593583e+01
3.088017039988562829e+01
2.530455994473497228e+01
3.032014476156699345e+01
2.406465894550481721e+01
2.782175068112569249e+01
2.692626115828939604e+01
1.922743239903156365e+01
2.410840836944453613e+01
2.147215993188746097e+01
2.461057950491822410e+01
2.858703543405683334e+01
3.093274512565034584e+01
2.652253441022578073e+01
2.383902855866801218e+01
2.693183789102110737e+01
2.658022162031478430e+01
2.662561765279749082e+01
2.843207895615270075e+01
2.784696447685387355e+01
2.568161503625916708e+01
2.339207854359782601e+01
2.440222382648539323e+01
2.815048614770091717e+01
2.733199104665663626e+01
2.177333691062996124e+01
2.452906476400445257e+01
2.610487245784775467e+01
2.508464561096062795e+01
2.420738007246665191e+01
2.319685899505333992e+01
2.507746986999450911e+01
2.574166891788487277e+01
1.817015101580665970e+01
2.642272777276872731e+01
2.377814216295844574e+01
2.398054712609164696e+01
2.453919464388193106e+01
2.139869245384225849e+01
2.224296160962568791e+01
1.605186307825284331e+01
1.545682318310644376e+01
2.704906297237494783e+01
2.033160426610139737e+01
1.898616812672579357e+01
2.762165075430220185e+01
2.157547914323409444e+01
2.939500579259072310e+01
1.951133284578124005e+01
2.180311868897689465e+01
2.569925640620045471e+01
1.919206114755342441e+01
2.559657034152142785e+01
2.735423122714638922e+01
2.776343067510244822e+01
3.009908910787317637e+01
3.029354780401580882e+01
2.604485443098815978e+01
1.934096981277494365e+01
2.227847446712745594e+01
1.374095018617648023e+01
2.489978586888584644e+01
2.731826127572123752e+01
2.505744546393625782e+01
2.745683885240344679e+01
1.435993598420129125e+01
2.728334559286931338e+01
2.747954649852946218e+01
2.345165049572635496e+01
2.591785132511113687e+01
2.644348634043693025e+01
2.807855574216506866e+01
2.612183415230971661e+01
2.619215617153251330e+01
3.197272554415213364e+01
3.041126516888833820e+01
2.952137448976050038e+01
2.861735618319526253e+01
2.976744784358183438e+01
3.223751159064070748e+01
3.251574765844665649e+01
2.527420580003640538e+01
3.276335177118579622e+01
3.345366815019388440e+01
2.165429054969704836e+01
2.496080255740639942e+01
2.219634168723342071e+01
2.172026771492696540e+01
2.498560914406133548e+01
1.652557394945916158e+01
2.910871779140389037e+01
2.345101138411243014e+01
2.623449603536273855e+01
2.772281873132119756e+01
2.422848206956606631e+01
2.861557664936891854e+01
1.942783988777476267e+01
2.979426685242852102e+01
1.921913450654243860e+01
2.379989054747860422e+01
2.314554779462011069e+01
2.773705782034486234e+01
2.458426335821499009e+01
1.952173820200957266e+01
1.933721173906211988e+01
2.447785837227727157e+01
2.423113313159404214e+01
2.498495180148018946e+01
2.179289842698485558e+01
2.904605219187053677e+01
2.286175801598983526e+01
3.218457593470935763e+01
2.900347290601061090e+01
2.313233735826042903e+01
1.892673690547010779e+01
2.150997328877310011e+01
2.160658174113581609e+01
2.443960495036218106e+01
2.768783209688448466e+01
2.217891701035491536e+01
2.608210267122697346e+01
2.519758341656919498e+01
2.403322229543876176e+01
1.982983616823861439e+01
1.925855674894915026e+01
2.052743677439523040e+01
1.701151416778930781e+01
1.888900626953327944e+01
1.744377612290622892e+01
2.130386097658547584e+01
2.491175323769858352e+01
2.822075206929136471e+01
2.815629624074630044e+01
1.941578026750904939e+01
2.526214119100211519e+01
2.334170315385293648e+01
3.237716290780986128e+01
3.014280459573718929e+01
1.657124755140128158e+01
2.540425849961664539e+01
2.684850858615782343e+01
2.426615377912885663e+01
2.044787845933541703e+01
2.122808098879969663e+01
2.670546291684821227e+01
2.841409959580176547e+01
2.919550958627265302e+01
3.115396487377588386e+01
2.874501094824621816e+01
2.926962496559363558e+01
2.847550411191790687e+01
3.180080186345407256e+01
2.627427727133792956e+01
3.250771800247032672e+01
2.941207741299022871e+01
3.220958139463539283e+01
3.087172171138420396e+01
2.902972820150288413e+01
2.835575323512326307e+01
2.786215167916498103e+01
2.781524869606013795e+01
2.505216814725723751e+01
3.075605460528986868e+01
3.130560790135030302e+01
2.890750296075469805e+01
2.317166705233286805e+01
2.878502891669902652e+01
2.325282225823108462e+01
2.609172428590930082e+01
2.904016903495485735e+01
3.022110140119463750e+01
2.759606233088851113e+01
2.857846088307609023e+01
2.413145062371520311e+01
2.938360730157634748e+01
2.846828275436819666e+01
3.005340927019734920e+01
3.370201856996865075e+01
3.154607169982905646e+01
2.907069311206653595e+01
3.083378119970385001e+01
3.060008361294160650e+01
2.933196932923064182e+01
3.291498699857485377e+01
3.280628529678521943e+01
2.858518202871614733e+01
2.652415134137513064e+01
2.564416416152880274e+01
2.663023733745047750e+01
3.023120973062561134e+01
3.061148228958586870e+01
3.127542875248754228e+01
3.060180464174241877e+01
2.900565284899203533e+01
2.698688384627168091e+01
2.426008326101249679e+01
2.193467781355141000e+01
2.662966917882218709e+01
2.823011011431494666e+01
3.184406701890010183e+01
2.191147519868074411e+01
2.504538840216217466e+01
2.375463788936158238e+01
2.764734091114261361e+01
3.030738633108562397e+01
3.112552988125882081e+01
2.946361348329154950e+01
3.160152785299021971e+01
2.525530774299891590e+01
2.897319618773978789e+01
3.106535736128855518e+01
2.330504037317855293e+01
2.830844661309508936e+01
2.852337736508813038e+01
2.936372425942661835e+01
2.237849663918908760e+01
2.141807489396357767e+01
2.429399031109979745e+01
2.282406140738150313e+01
2.564601072894648581e+01
2.764294812854067374e+01
2.926751620716111191e+01
2.606393196398343193e+01
2.796567297182262735e+01
2.779915279702577635e+01
3.031520391303023132e+01
2.993385897491209136e+01
2.897657781103850638e+01
3.075492719653339435e+01
2.774544512281499209e+01
2.849053787396993442e+01
2.271070310195311137e+01
2.129398373567474323e+01
1.792166858814899300e+01
1.582002550925579776e+01
1.752955509715826210e+01
1.359352481376744137e+01
2.332549406910215595e+01
2.201310004546427734e+01
2.228529795503217059e+01
2.576606805694232705e+01
2.344487071933159328e+01
2.741174216866406965e+01
2.338077682567755744e+01
2.337941590138520098e+01
2.616945934925952955e+01
2.891113048793582863e+01
2.651785087149263376e+01
2.174560978065084882e+01
2.884823627483283914e+01
2.669777771748595541e+01
2.650910193499038670e+01
2.223704645897771925e+01
2.382526711803381403e+01
2.817006167225831348e+01
2.814150824263682793e+01
2.640054153228060585e+01
2.546803225246868152e+01
2.420498126052336829e+01
2.184639041376043167e+01
2.307497086434046452e+01
2.286002231738715551e+01
2.467948429519761788e+01
2.791995963875427123e+01
2.297354173463892479e+01
2.232822288690266888e+01
2.390802671155167403e+01
2.291288866539829172e+01
2.248627525846536557e+01
2.601002387766087054e+01
2.504787671143709815e+01
2.591708890242760432e+01
2.189102072293789192e+01
2.989702795026168047e+01
1.609596009882243806e+01
2.178175645042264463e+01
1.802553627693851368e+01
1.510598331463578425e+01
1.997871977552886236e+01
2.518330355792375386e+01
2.193361480192109170e+01
2.456802888587561995e+01
2.899453391571178074e+01
3.166851937101883152e+01
3.149620690379677512e+01
2.346184922093638647e+01
3.103622968322295250e+01
2.516446535662459993e+01
2.999845031367938120e+01
2.524281714994696557e+01
2.865727671614950012e+01
1.887196254602407919e+01
3.125479442658722817e+01
2.477982977869397985e+01
2.103002461680588198e+01
2.054119649751723031e+01
2.407942295855329462e+01
2.190908721414112748e+01
2.433864123834299420e+01
2.312744683662291934e+01
2.434366366235936852e+01
2.205568112722631113e+01
2.551290221961081883e+01
2.271081372446986535e+01
2.606627481441811867e+01
2.600551584355969581e+01
2.624243175384970783e+01
2.531417775039878748e+01
2.234297276469911608e+01
2.026006178045271255e+01
2.087282764842115412e+01
2.393500522755201132e+01
2.562636543690898350e+01
2.312584712800934739e+01
2.472646555754374020e+01
2.576220918093254042e+01
2.410507370321530374e+01
2.434925253381024035e+01
2.473073370049771569e+01
2.146372479326937821e+01
2.266638686332024122e+01
2.121736467908026214e+01
2.007085950436123056e+01
2.249395574232446648e+01
2.495068858690774860e+01
2.552711402377111582e+01
2.063640142746150374e+01
1.652511292845542457e+01
2.203543398882215598e+01
2.079215688609881241e+01
2.379930285553133018e+01
1.911551856305841923e+01
1.786530916316388584e+01
1.565178295758568261e+01
2.206473084451313582e+01
1.622418753882276832e+01
2.175305261272538004e+01
2.413311813203824130e+01
2.434996392213705718e+01
2.499070563538163725e+01
2.311543693232056995e+01
2.228559454352458502e+01
2.165096259797110179e+01
2.210180549654377558e+01
2.407004856496642020e+01
2.078115197842143047e+01
2.288168319003179363e+01
1.901839379919537620e+01
2.088372353380557911e+01
2.319441099999857414e+01
2.529736310929012433e+01
2.442815670250961446e+01
1.406214171059210649e+01
1.286500823427036089e+01
2.549638045697211552e+01
1.959316945190113302e+01
1.436156670682061254e+01
2.356795692541725273e+01
2.862330784542136541e+01
2.838411909617672890e+01
2.578012711647516397e+01
2.542238291599247546e+01
2.620012476167071114e+01
2.659400399098475276e+01
2.546839901859422994e+01
2.775069863697993355e+01
2.490315191551876950e+01
2.517143304153207950e+01
2.175210119383540075e+01
2.350891105669305503e+01
2.323028735576142623e+01
2.244478271465566621e+01
2.424894271750402197e+01
2.471429963563161181e+01
2.348754050147565664e+01
2.480280391170693122e+01
2.019061924030014055e+01
2.839730824677917909e+01
2.407870395619508486e+01
1.893027365356620351e+01
2.308848774839184870e+01
2.147217973298964822e+01
2.498226535010473626e+01
2.726213763893821351e+01
2.759559243605119505e+01
2.480471013234965127e+01
2.885696778819752595e+01
2.882075835886145043e+01
2.613046864349671239e+01
2.910197281515261025e+01
2.610876696174042877e+01
2.747982739140176989e+01
2.678071010982755951e+01
2.845922718264723983e+01
2.747993607685807405e+01
2.472526098181187848e+01
2.871146482085492480e+01
2.757296584505382242e+01
2.595503202767952189e+01
2.159279719869415715e+01
2.394843901041651790e+01
2.548016966741405653e+01
2.551160560946710376e+01
2.674537552885882263e+01
2.749026133697574537e+01
1.713589241308712730e+01
2.811498503239284474e+01
2.746780331512702134e+01
2.449839982889967516e+01
2.704648300727995647e+01
2.827288839666138287e+01
2.888197959540029558e+01
2.650947810738883703e+01
2.909558008757029768e+01
2.777481688908128632e+01
2.866749003749660574e+01
2.732130171998196388e+01
2.852161618646547225e+01
2.851278459677086374e+01
2.827597621154675522e+01
2.880415798355812029e+01
2.703812173644015715e+01
2.725808603044676559e+01
2.197342637916256791e+01
1.771015550639883429e+01
2.053643456221364261e+01
1.962158120155172014e+01
1.804994613045088414e+01
1.828101839521868044e+01
2.105703117795514245e+01
2.369461329504137126e+01
2.610801833960424645e+01
2.713680427151492580e+01
2.498141920702027008e+01
2.825959645174962276e+01
2.921649267557288709e+01
2.774606687689221474e+01
2.924747205824969853e+01
2.344228510784700958e+01
2.529791217720030971e+01
2.793497698206311242e+01
2.646952130825215477e+01
2.642611542510096001e+01
2.272535927397459332e+01
2.141856327444768837e+01
1.564832214705794655e+01
2.333914578372654702e+01
1.815336949978544823e+01
1.406342880110968707e+01
1.427895179287906657e+01
1.207575587469098544e+01
9.830530838855251474e+00
2.520787139561669221e+01
2.772553226052640341e+01
2.695431646493472755e+01
2.968152344887077021e+01
2.970114712827054149e+01
3.023364084044470346e+01
2.958339582953712110e+01
2.964657352106985400e+01
2.842010319473757463e+01
2.802498844835642799e+01
2.824882568204607125e+01
1.604003885253657202e+01
8.686652435896904834e+00
1.781151864499715742e+01
1.600272292259504425e+01
1.584682360398558743e+01
2.521165934737502923e+01
1.661157174398969971e+01
2.403013685599109195e+01
2.585325736275761699e+01
8.004953830013450400e+00
1.337744541882027072e+01
1.781294985544391096e+01
1.951044767016623283e+01
2.808949310064329552e+01
1.092126725848279989e+01
1.818509361521926238e+01
1.605010966392041283e+01
1.811839205335259351e+01
2.208948809011128844e+01
2.117523620156416797e+01
2.362633292879335656e+01
2.153001825557882398e+01
2.710352330921237751e+01
1.936700281725001815e+01
2.406005614185960795e+01
1.961915925897481117e+01
1.985726479760447205e+01
2.195168266383212696e+01
2.091592765189421499e+01
2.087587036292346099e+01
2.449143203577417438e+01
2.335602581670561051e+01
2.198168412355476420e+01
2.257845024623926022e+01
1.759722199832750533e+01
2.147762055664372483e+01
1.825821591641464892e+01
2.180972008424565090e+01
2.499237102893491169e+01
2.425730350753765308e+01
2.643225466875652430e+01
2.491119432010532009e+01
2.863304108220802391e+01
2.685062954939473201e+01
2.643711461825894560e+01
2.533832547423481074e+01
1.930677215697638260e+01
2.617219873129470642e+01
2.636626064596782726e+01
2.675041089026795049e+01
2.708264595550019038e+01
2.751673001181729461e+01
2.761184441940526924e+01
2.471560030813404296e+01
2.393804477039412859e+01
2.411700962701609186e+01
2.379263078824332922e+01
2.192605426914646927e+01
2.443270255662365997e+01
2.686620797436834707e+01
2.437471009824975354e+01
2.555783394613964887e+01
2.262903302672374295e+01
2.249962903074550979e+01
2.104562043814498296e+01
2.429030038026635907e+01
2.992539902179887434e+01
2.963658583711339389e+01
2.877925027734143271e+01
2.469221662220235558e+01
2.564707996828571623e+01
2.291698683774358614e+01
2.618987621609223382e+01
2.337464774641578202e+01
2.433012073506233364e+01
2.447747931398515675e+01
2.739179429832349655e+01
2.290375340213909183e+01
2.687187519875780950e+01
2.764198786584696421e+01
2.644755971288004304e+01
2.418663991046448558e+01
2.280063848463422715e+01
2.430448692304959835e+01
2.290688588606412424e+01
2.366453392108432041e+01
2.277233627379876424e+01
2.445505075995993138e+01
2.436406715618767294e+01
2.436154412993634111e+01
2.579588710370439131e+01
2.271340462969692808e+01
2.220232221932982952e+01
2.494084949853075628e+01
2.348205767576099845e+01
2.493620494209699956e+01
2.558078138021127756e+01
2.885530607339899234e+01
2.501811450371528522e+01
2.765422039570257340e+01
2.491706036453351558e+01
2.314159522078952946e+01
3.028529540776507645e+01
2.180814296280368936e+01
2.231712119128819438e+01
2.789644129405534656e+01
2.628317930440282879e+01
2.045101804414342084e+01
2.802119325132199634e+01
2.087673688772113678e+01
1.978709791800843476e+01
1.916164427687744620e+01
1.758671982939058864e+01
2.376881014810553694e+01
2.116599838700867764e+01
2.179297785531105802e+01
1.705114058904809227e+01
2.591493837443879755e+01
1.843102708417091762e+01
2.177888639118808811e+01
1.997259099251504821e+01
2.585153173059658727e+01
2.656410485283203826e+01
2.312841677270995078e+01
2.453630435713475322e+01
2.710155777271403466e+01
2.401689053624050629e+01
2.591319129046864234e+01
2.359115286711528015e+01
2.875401351730033639e+01
2.779149321884483470e+01
2.516505705878039123e+01
2.257144464764133573e+01
2.907285717654001189e+01
2.433430363688442455e+01
2.897604611054168799e+01
1.722772187524241971e+01
2.873428728532775267e+01
1.962333289448256224e+01
1.702684132737757849e+01
2.658606250688193740e+01
2.626449842041934346e+01
2.623669518379996646e+01
2.444927617986906299e+01
2.230744127728493709e+01
2.177445999161944812e+01
2.252886936748776847e+01
2.022866578531068527e+01
2.413220780355148065e+01
1.852056850807911914e+01
2.368925174168047931e+01
2.189261334070716458e+01
2.388300817048200742e+01
2.006041848064207755e+01
2.505004444155961707e+01
2.004323473695317048e+01
2.425035234371089388e+01
2.172872664958834221e+01
2.169686040254737236e+01
1.769176703741078072e+01
2.093754852071569061e+01
1.849168087460821752e+01
2.092051292242317828e+01
2.045099017665246066e+01
2.386324081638891315e+01
2.570502280634539005e+01
2.152208117875129290e+01
2.561266253418399685e+01
2.410051918564961682e+01
2.012379073653524841e+01
2.042765221390736130e+01
2.845019730067304664e+01
2.756791133033531338e+01
2.318661250832836629e+01
2.539433896871121732e+01
2.228844492535468902e+01
2.385864919285488739e+01
2.372541134656329831e+01
2.819069452756561844e+01
2.651673641957994931e+01
2.397861672761475660e+01
2.495067315708237388e+01
2.610053534475626691e+01
2.421277567085548199e+01
2.553575319794941123e+01
2.550684100772544838e+01
2.559159309110299318e+01
2.753923769760630691e+01
2.864708931306061501e+01
2.740831591791471311e+01
2.423480986192799236e+01
2.554701207462121459e+01
2.687307450440972545e+01
2.919034269913704094e+01
2.489845507768169242e+01
2.670611778234776779e+01
2.660908261077637249e+01
2.831286953570990761e+01
2.738226190213126898e+01
2.510001782162601103e+01
2.780032098274024221e+01
2.696816675081599968e+01
2.522563609999971135e+01
2.490963350013507238e+01
2.299172474584249670e+01
2.126411195563755285e+01
2.074849815049691770e+01
2.155334875713839082e+01
2.287991393041983201e+01
2.746877996984787274e+01
2.618841368651316515e+01
2.341941693286704407e+01
2.548354322209275935e+01
2.476193037816908671e+01
2.497392928477793461e+01
2.550241082244715685e+01
2.684556931894206500e+01
2.207526046486671589e+01
2.641992075779927518e+01
2.777805955230729751e+01
2.862488637907188149e+01
2.975477254941558414e+01
2.413293987972421206e+01
2.508954236778776803e+01
2.833766641083314397e+01
2.480496413647408005e+01
2.426453454007834054e+01
2.547681184952349298e+01
2.604667753132791219e+01
2.743202703621844307e+01
2.622202248342267694e+01
2.604058035538825067e+01
2.672443851675726734e+01
2.525093513365958842e+01
2.603335271413051899e+01
2.512702004518456178e+01
2.524724622634792226e+01
2.833676268252340691e+01
2.876342969832215601e+01
2.741727560823352405e+01
2.839386782097608375e+01
2.826740998900754676e+01
2.305942354787779180e+01
2.736600089540019098e+01
2.042367196381675498e+01
2.459571950874610025e+01
2.852564026179255663e+01
2.245474814878741654e+01
2.436783445011162286e+01
2.267600765170646326e+01
2.410248090020721179e+01
2.319460443174737563e+01
2.763805938515434946e+01
2.148292197929283986e+01
2.275913408380116110e+01
2.128428751084024739e+01
2.320136833540412624e+01
2.562809525090469265e+01
2.569519574432568376e+01
2.672111031357684396e+01
2.338404096256270748e+01
2.638357697830510773e+01
2.268665878434314109e+01
2.120683629857512642e+01
2.306198149803207542e+01
1.939049153593587249e+01
2.304618689432938794e+01
2.197577462701186235e+01
2.362329338935952450e+01
2.360993763871618967e+01
2.358552763209400993e+01
2.506817773194809007e+01
2.709533375352823015e+01
6.417337072395385178e+01
6.411002979023108139e+01
6.423014863475346203e+01
6.374711284770691577e+01
6.333244375887201016e+01
6.337056005570649120e+01
6.396470670104694278e+01
6.437443912721319350e+01
6.344903193260645224e+01
6.338244199455888861e+01
6.380584339582029685e+01
6.422894897653152668e+01
6.406167351469758842e+01
6.337746483879720927e+01
6.342893368988829650e+01
6.366694131496895892e+01
6.397166125090630828e+01
6.405881658482198304e+01
6.423023274214477851e+01
6.383974690215886483e+01
6.313997208909862024e+01
6.322254449269757259e+01
6.388119030620370609e+01
6.413164277783789657e+01
6.409668178987379861e+01
6.369281025818993669e+01
6.336611472306912418e+01
6.344417531723976111e+01
6.346035674811695770e+01
6.365017779052827507e+01
6.380025672814004167e+01
6.411430909174308113e+01
6.391092040301139576e+01
6.346088432724683770e+01
6.312823940471724171e+01
6.328618042466601423e+01
6.389947731651456309e+01
6.420940057091323183e+01
6.434045539190120166e+01
6.366965064297456678e+01
6.284088500984115200e+01
6.279697738516414063e+01
6.388980923119271438e+01
6.442938850132405548e+01
6.417702555024078492e+01
6.341791065506172487e+01
6.287694990043618759e+01
6.330573404744227162e+01
6.406206798410893555e+01
6.398147997119156827e+01
6.376996395968322418e+01
6.372132868989970689e+01
6.356102205424429030e+01
6.330976086768072264e+01
6.319598055414631688e+01
6.349491406762533074e+01
6.410979425863710901e+01
6.389520240404149831e+01
6.353299243347730396e+01
6.337513558483580312e+01
6.325205663745416018e+01
6.343299073132570953e+01
6.358797288388319657e+01
6.396160501550126298e+01
6.417162405916445778e+01
6.387344642722649013e+01
6.272327138567109728e+01
6.244635609499689366e+01
6.376466500908659896e+01
6.502916971137840108e+01
6.489183858268808081e+01
6.335941869478325827e+01
6.168957101839451695e+01
6.283017676089092163e+01
6.477414502392707618e+01
6.533759228450168166e+01
6.450857553178249759e+01
6.242976446820924252e+01
6.152035124670810262e+01
6.336458822955208348e+01
6.499512373114401953e+01
6.526160249412316716e+01
6.396548636216281380e+01
6.225410152965051225e+01
6.200673003187307586e+01
6.377918300568575205e+01
6.505567375358975823e+01
6.501801605639361981e+01
6.348772835268018611e+01
6.199628855975571895e+01
6.263249740965751045e+01
6.403650576105161463e+01
6.499139732250797863e+01
6.443699277700368100e+01
6.339706864328930180e+01
6.267864159995522044e+01
6.295718836316375189e+01
6.410998466943102869e+01
6.449081160412217173e+01
6.434599582017541763e+01
6.369392520347798126e+01
6.241880495976487708e+01
6.262215381939306980e+01
1.708296909365135008e+01
1.860434869460873131e+01
1.943613184436346586e+01
1.896101882685657358e+01
1.757096187682916621e+01
1.582933232041139249e+01
1.411685694519179179e+01
1.238382009687089536e+01
8.342495112990590655e+00
1.277601733320930855e+01
1.216440338853166203e+01
1.720729057009931040e+01
1.867836063299968785e+01
1.724766697724839659e+01
1.008746458612459307e+01
1.191663667252556635e+01
1.092278165517581279e+01
1.222270362839029190e+01
1.168630140026632525e+01
1.124068033981076198e+01
1.337524204585148979e+01
1.413634357699969613e+01
7.026942759619171142e+00
1.172670534838776923e+01
1.312441195066259425e+01
7.423909626173120557e+00
8.186689992766719826e+00
1.363480356712932995e+01
1.011270504272231463e+01
1.440448873089007442e+01
1.792569927605075719e+01
1.884501880713303024e+01
1.922111625603531948e+01
1.832392616843271682e+01
1.889580637765789106e+01
1.840724995660903573e+01
1.084974591739083216e+01
1.152744998806536714e+01
9.690800555782157488e+00
4.047205600363494860e+00
5.686765661791368665e+00
7.110924536361395099e+00
2.003709036776491104e+01
1.705648094796174874e+01
1.670205551740008332e+01
1.645965496827687247e+01
1.815252626383481882e+01
1.979543941337782087e+01
2.161304246933361739e+01
1.828880664750973040e+01
2.104937636049886862e+01
2.071446585325995215e+01
2.080010845623185745e+01
7.574778162916899760e+00
1.921408506296481278e+01
2.120982289248457775e+01
1.612677538336194516e+01
2.016119755795131496e+01
1.977164645833073564e+01
2.173403404618175827e+01
1.926793407996269991e+01
1.478005689208080753e+01
1.948109943682965906e+01
2.021765967520422791e+01
2.263628708255648903e+01
2.030238197453660121e+01
1.151374036179255711e+01
1.635424346194259826e+01
1.725640373793585169e+01
1.071923904347634782e+01
2.082360715339429191e+01
1.976770228153164766e+01
1.088851647830058766e+01
9.942530078219233403e+00
1.645259720142471238e+01
1.255352643049010197e+01
1.794854620764554198e+01
1.818377369593761372e+01
8.756364683983450803e+00
4.737132336490251561e+00
1.618869647745270868e+01
1.910292111497373568e+01
2.008773400832560085e+01
1.835383309767463089e+01
1.828682057885499290e+01
1.871982534333162818e+01
1.784946487275214366e+01
1.908024948040258906e+01
1.880224183857743725e+01
1.933415182017721179e+01
1.609234002596170399e+01
1.934672308315962397e+01
1.900945992149445729e+01
1.736723339366779228e+01
1.804034928925181802e+01
1.839137075686040035e+01
2.009504764245747310e+01
1.999623174895954847e+01
1.598100311651260341e+01
1.640727270907013136e+01
1.751410615260023818e+01
1.743441006684632200e+01
1.821973791910982854e+01
7.445276498403462284e+00
1.069210402526598358e+01
1.923442808421029682e+01
1.833188027352712268e+01
1.677780876073622451e+01
1.626719873689557261e+01
1.281441777466740639e+01
1.443438900846368966e+01
9.377448608884042969e+00
9.370916272996030472e+00
1.929870764333409028e+01
1.670274598263705457e+01
1.633495208195552095e+01
1.647370830361489169e+01
1.300475419555606571e+01
1.706892703598232686e+01
1.789983016824035644e+01
1.242384094760738478e+01
1.752845346985935748e+01
1.617358214894146329e+01
1.835615940654000511e+01
1.751627708991293630e+01
1.582627739118180799e+01
1.297596443731171156e+01
1.312782806115773582e+01
1.502143262097727039e+01
1.671888091327726045e+01
1.531506188962468862e+01
1.330275297387848887e+01
1.503979889452718943e+01
1.774876170989245239e+01
1.681163191101332188e+01
1.305840127672409245e+01
1.807602188658562525e+01
1.399382845614831083e+01
1.949708726689160088e+01
1.894209906816199052e+01
1.902634403665283003e+01
1.885431814859750688e+01
1.736041495761880071e+01
1.160726742579658222e+01
1.098258626697264617e+01
1.489448654448095866e+01
1.068001140424581408e+01
1.885394286835115096e+01
2.155998024695131221e+01
1.875188301407939306e+01
1.480207069148671728e+01
2.135417260897387948e+01
2.111264057833822960e+01
1.790647014580162377e+01
2.080484258435333089e+01
2.005704306432109973e+01
1.438933768219931153e+01
1.601092500425045984e+01
1.863078213597934862e+01
1.748713263365240422e+01
2.161852344719873642e+01
2.129913566804662040e+01
1.811394628991050126e+01
1.447739559281788857e+01
1.566544462629805423e+01
1.197090515458587312e+01
1.415671506872039842e+01
1.980826639800983457e+01
1.308123366655632047e+01
9.100201092486173593e+00
1.232879288434041598e+01
1.428785935401943519e+01
1.389760738600089418e+01
1.412580319786610517e+01
2.010451527230942048e+01
1.316166020060773789e+01
1.372081370438234060e+01
1.116181913334349396e+01
1.798123633499474749e+01
1.378987080962282263e+01
1.715999286023878057e+01
1.600365147543439548e+01
1.200317781840051445e+01
7.009643763952356110e+00
8.932966046585772091e+00
1.336792026216076579e+01
1.810460991624201910e+01
2.058886626592417457e+01
2.191056003052662504e+01
2.100862008376523704e+01
8.878071938197951596e+00
1.681526801738295518e+01
1.974961559327132576e+01
1.480646858475921590e+01
2.137910124983458005e+01
1.345358137463250259e+01
1.638730504447947212e+01
1.860862792202775040e+01
7.265910197569964701e+00
1.701159740787038999e+01
1.476200479171355084e+01
2.114714991970981828e+01
2.312890887115971239e+01
1.906190888079782297e+01
9.408643131350915567e+00
9.724378858422006999e+00
1.669007606782376385e+01
1.380800577052023748e+01
1.567359822719124196e+01
1.366589563381980099e+01
5.968504139150184074e+00
9.198948482707354657e+00
8.099525522377611253e+00
6.720388109363009121e+00
1.210412398093295749e+01
7.481979302666047715e+00
1.265054628160689809e+01
8.045337273511695031e+00
1.538472520663884779e+01
1.127442066130018716e+01
1.399548860817768769e+01
1.837707714748790622e+01
2.080926508033096667e+01
1.898265421158642852e+01
1.524348130241003929e+01
9.819443774707266925e+00
1.505620640389070530e+01
1.623614556041471957e+01
1.652737318027444502e+01
7.754254217341237876e+00
7.979978246359005212e+00
1.433534390257640823e+01
1.149524922943058769e+01
1.354070425992166449e+01
1.544156900256039933e+01
1.639851692491334134e+01
1.106673634303752607e+01
1.227057998559434537e+01
1.621849678159854946e+01
1.990632646330217170e+01
2.248590501742246417e+01
1.430980849541232836e+01
1.721889692440123554e+01
1.665588295824047904e+01
9.363858562165232158e+00
1.324071439823457297e+01
1.426361890669136301e+01
2.969691273330250958e+00
5.724570895328541908e+00
8.071052094481169448e+00
1.461102461343876158e+01
1.342614513451220049e+01
1.412230945649445779e+01
1.440056990531390824e+01
1.554939454891185058e+01
1.597687683572306128e+01
1.637153854682646781e+01
1.689573171125281448e+01
1.516392188987284406e+01
1.563490839612224548e+01
1.190190766414527701e+01
1.315882542160051472e+01
1.627907398129922356e+01
1.606682805433208472e+01
1.145286645909019896e+01
1.093082325837796986e+01
1.545890863445498198e+01
1.709367145155276546e+01
1.659573271721744447e+01
1.518872296367619157e+01
1.452778346213984051e+01
1.362805543136773601e+01
1.624797901732753758e+01
1.807158421245324931e+01
1.556007584833479740e+01
1.013428853151764386e+01
8.145936468965363275e+00
8.847166877953201336e+00
5.630275684640952960e+00
9.533686457000836612e+00
1.692802738909718485e+01
1.100243376498959336e+01
1.338422547271313867e+01
1.632113442251010227e+01
1.100548439433835846e+01
1.697065492105578954e+01
1.422654418975010415e+01
1.435626362167045400e+01
1.544580542623651631e+01
2.050134368045084443e+01
1.388448936548448209e+01
1.368064571518848460e+01
1.162963330040238397e+01
2.063295145146343046e+01
2.247104435073145723e+01
2.368489144833705851e+01
2.411211778118605764e+01
1.836572428818634251e+01
1.268215374080830316e+01
1.078297400747319834e+01
1.620847303975959264e+01
2.095926591260679572e+01
2.081941283361976502e+01
2.247861957347851458e+01
1.369412200151102432e+01
1.937595697847447695e+01
1.811041946211137699e+01
2.113415983124301434e+01
2.158407392808062752e+01
2.193353590904681027e+01
2.343076932718658156e+01
2.388442731722942725e+01
2.408799907662191231e+01
2.003635018968875769e+01
2.127661317482949599e+01
1.896849041812717829e+01
1.930988722220212850e+01
2.254986104620513743e+01
1.607464245667712888e+01
1.420469132222590858e+01
1.164167565761691137e+01
1.498265971168165400e+01
8.849155121010719327e+00
8.046977915474712972e+00
1.321386279261495034e+01
1.531229727624103987e+01
1.027879867406323555e+01
1.815262274279497490e+01
8.528312253773950857e+00
1.481928896670063445e+01
1.652237183998834524e+01
1.283412702956587204e+01
1.323452774133730969e+01
2.219736528786145158e+01
2.314337836399350223e+01
2.157028020663558365e+01
1.926485446300320348e+01
1.883163682090016522e+01
1.966508711799153986e+01
2.071664027212939985e+01
2.227217599667798709e+01
1.807380756916921527e+01
1.982098520423673094e+01
1.771646580428706130e+01
2.041744580473536530e+01
1.281636280893479807e+01
1.753932353619989115e+01
1.668179441498276816e+01
1.960395057383666639e+01
1.348490243925314758e+01
1.452968169749013683e+01
1.554678017669149170e+01
1.615183057356765772e+01
1.181273306277296875e+01
1.615533732205770434e+01
1.671988977907229312e+01
1.950764586642826970e+01
1.423439167945177886e+01
1.526805688182325582e+01
1.546733864929036528e+01
1.716621310357597707e+01
1.649067336752415969e+01
1.555472457624295934e+01
1.589267533033599378e+01
1.614442893583978744e+01
1.472265404913294518e+01
1.900560325816045548e+01
1.825205069550218795e+01
1.654202994957654127e+01
1.023455275285902033e+01
1.773839316894236262e+01
2.309564421308507320e+01
2.666363285767380376e+01
2.536156399934046490e+01
1.786959070666655691e+01
1.323694518415445387e+01
1.271676145295040072e+01
1.678559045338181477e+01
1.751891069837716230e+01
1.645774057491081521e+01
1.734849493972438594e+01
1.962907481533679288e+01
2.036156338315637981e+01
1.508992701330506847e+01
1.609800301211240026e+01
1.602889982699198157e+01
2.073644436591987628e+01
2.434531655486326684e+01
2.135017365283834323e+01
2.184187189296724796e+01
2.211219185614535476e+01
1.897452763113999552e+01
2.429177242709294049e+01
2.444905227272737491e+01
2.555159265523583301e+01
1.606702549640437994e+01
2.184105664502663657e+01
1.508773429571929547e+01
2.224275654001226599e+01
2.237589909417057399e+01
1.443183025052841373e+01
1.542578164266767615e+01
1.505805782922837466e+01
2.024974280704163476e+01
2.084149024563721397e+01
1.778131863762179776e+01
1.788339103088186377e+01
1.731363588928948261e+01
8.788383279953563942e+00
1.139580409624681323e+01
1.477695480995358324e+01
1.171426946437312822e+01
1.291054632210728670e+01
1.109593519708709053e+01
1.690925946950710923e+01
1.002496045895168919e+01
1.376885293444306058e+01
1.693829710592795834e+01
1.775207777627203853e+01
1.651074729594142454e+01
1.183184252557638061e+01
1.601616396315875335e+01
1.666298645415083257e+01
1.931284069650574509e+01
1.751173926556370475e+01
1.621786408119813672e+01
1.719133906575369508e+01
1.814165533385346052e+01
1.879419437061952181e+01
1.933329368444102059e+01
1.833393520854504999e+01
1.768835962792386240e+01
1.963169835146314313e+01
1.696957201605128063e+01
2.055601162412042981e+01
2.180744184362607285e+01
1.933382851914714706e+01
1.834170275105839565e+01
2.133238279337193433e+01
2.027662905582830177e+01
1.963294266768929930e+01
1.918448973668332158e+01
1.987861451314652328e+01
1.765996502317129213e+01
1.449891658598580690e+01
1.728930740112479469e+01
1.988668257768664915e+01
1.351432885542272366e+01
9.415424155200881273e+00
1.375571808801884544e+01
2.044081457534217350e+01
1.977696257941982694e+01
2.022273314593986271e+01
1.712066746876768164e+01
1.320899481151416133e+01
1.050582960377303188e+01
1.822738042714616569e+01
1.755500792253723574e+01
1.676483247607069416e+01
1.164214644542786381e+01
1.403429906710642605e+01
1.562955214263864434e+01
1.458603670295390131e+01
1.777873387683512973e+01
1.647784612556147366e+01
1.557455215367362911e+01
1.806245028301892930e+01
1.899902594472370865e+01
1.618690586674281917e+01
1.395680041482123457e+01
1.267659204556437658e+01
1.873259419305469820e+01
2.183030228833695929e+01
1.034970197178049744e+01
1.481299422358329743e+01
1.545945915433048334e+01
1.509459368209119035e+01
1.996623890951873292e+01
1.821079087976742628e+01
2.178066922024660457e+01
1.114403123405419649e+01
1.368216736554614599e+01
1.435897431813764058e+01
1.914302635714893341e+01
2.020634783707810556e+01
2.182068954996736565e+01
1.955431521645326143e+01
2.179812048578452988e+01
2.128070756487817405e+01
1.620754645085935763e+01
1.421250227404630806e+01
1.434035078668928165e+01
1.333398164383478957e+01
1.657601511002294714e+01
2.150731942445377598e+01
2.299532163429041987e+01
2.260732564987932847e+01
2.099783690648767376e+01
1.982210708900622365e+01
2.185497089420410788e+01
2.052528055003714513e+01
1.949001550380867087e+01
2.209151338631553330e+01
2.294621089037082839e+01
2.272652968936407802e+01
2.177213340900050298e+01
2.246618705984494824e+01
2.167314220000483971e+01
2.093191992835181736e+01
1.855173427600135838e+01
1.965423663218940220e+01
2.110661438572725501e+01
2.292159192875858764e+01
2.371202635195162500e+01
2.229035880804504544e+01
2.138712465268619667e+01
2.189433164048129754e+01
2.253073119257880919e+01
2.099614140537793361e+01
2.405058865322886419e+01
2.308787526875159202e+01
2.306940156109478224e+01
2.189645983308874477e+01
2.070005591129191203e+01
2.317597839113803104e+01
1.971711359311145983e+01
1.873205725192928028e+01
2.040111689055139976e+01
2.227947138893748402e+01
1.988479111145569433e+01
1.908503304016667101e+01
2.279362996642543493e+01
2.277240217541604750e+01
2.075831416541332075e+01
2.372091921357574051e+01
2.265430737719973564e+01
2.199436829845719288e+01
1.934348044550623058e+01
2.084889651885330153e+01
2.035276461863778863e+01
2.160213301954831522e+01
1.853355021422198234e+01
1.961386306895180809e+01
1.803423796983002703e+01
2.044281475192877195e+01
1.949041920183987386e+01
1.578007683083989754e+01
1.992697113161075251e+01
1.943866869967647304e+01
1.980077279121771383e+01
1.583322528349686387e+01
1.368391682852505120e+01
1.222935936461745499e+01
1.918531881207393397e+01
1.444426437231853910e+01
1.273863211944751939e+01
1.410418255991839409e+01
1.945287182276273086e+01
1.534661858361956455e+01
1.415221806126267268e+01
1.843560906258833043e+01
1.615574495006324796e+01
2.000378239641453604e+01
2.064202013910006173e+01
1.799418419904054645e+01
1.466491114475548585e+01
1.576009373948318348e+01
1.716639254744254472e+01
1.369022127690579183e+01
1.443628865659863791e+01
1.790953368506662713e+01
2.115283507267969654e+01
1.796856555806596845e+01
1.682098335541716594e+01
1.620562018039797181e+01
1.820781029022334607e+01
2.160300352181269901e+01
2.197841995444538199e+01
2.248811198105304499e+01
2.023198325139527753e+01
2.152995047747950608e+01
1.992919757681967141e+01
2.088099313401779966e+01
2.258037027830184940e+01
1.644633745761893096e+01
1.770845584126020356e+01
2.197176706615315567e+01
1.617839024197402509e+01
2.065680595714916379e+01
2.298728590610440747e+01
2.358169348767710005e+01
2.203866304079462068e+01
1.989855326913167133e+01
1.551568100228445246e+01
2.059842110198819398e+01
2.240262385815865542e+01
2.320941985316378009e+01
2.189158411456654463e+01
2.243957943285904122e+01
2.250715125946294748e+01
1.898264642692493354e+01
1.931587266572878292e+01
2.056424669586023768e+01
2.296658114133441586e+01
2.129662632758491014e+01
1.950540147594191964e+01
1.874047017599949072e+01
2.345641688114609380e+01
2.280180515408932251e+01
2.415010979832032945e+01
2.278878899936956515e+01
2.414877094279261982e+01
2.447309795554346223e+01
2.162421517948130756e+01
1.581660523344686453e+01
1.820913585618768593e+01
2.137916981609510714e+01
1.882733284303935761e+01
2.032173331162772456e+01
2.096734833638124940e+01
1.485949411456243219e+01
1.829541904509471806e+01
2.131325998340977890e+01
1.987892732317287425e+01
1.565295212284283366e+01
1.421289723121605419e+01
1.447354958949775039e+01
1.742135018072258745e+01
1.966599670989175053e+01
1.866557455908342433e+01
1.993323078529020620e+01
1.424592438746427447e+01
1.878821476800424151e+01
1.885055222210214509e+01
1.832355894602141078e+01
1.726996024082173165e+01
1.663366357966403442e+01
1.768806670816550763e+01
1.869798238123132350e+01
2.016051335741599360e+01
1.567053954548860162e+01
2.188112290561661766e+01
1.749923291614362597e+01
2.270399577773508426e+01
1.813155136290438207e+01
1.400274659483286399e+01
2.024409795523579803e+01
1.232083984301779367e+01
1.757346885526082403e+01
1.903997594203723764e+01
1.830766715437014369e+01
1.764876681369024070e+01
1.529918665907970521e+01
2.006835325693170091e+01
2.253549858807929951e+01
2.051633911236873686e+01
1.461980029788043112e+01
1.975623598778908274e+01
1.753723822982858849e+01
1.855917676461813670e+01
1.863455626866228698e+01
2.008138719066785782e+01
2.005444328099287787e+01
2.014126311827568117e+01
1.748135433435897568e+01
1.834958454639727776e+01
1.765453561757885836e+01
1.859496328892769412e+01
1.774720267525755801e+01
1.921443579216890996e+01
2.036610851748737616e+01
2.074887151694887422e+01
1.815487431098101467e+01
1.746040925488379969e+01
1.920133819706435574e+01
1.677504079654066871e+01
1.929944508736816644e+01
1.660823572683462146e+01
1.829902761929578148e+01
1.233247071546834306e+01
1.873541646833995600e+01
1.685125164778960283e+01
2.186057446183256303e+01
2.324075784259366628e+01
2.170881794653821828e+01
2.087532571388916125e+01
1.376018412485398024e+01
1.427003955974170957e+01
2.098892841434896184e+01
2.030162589716525900e+01
2.055524657167401870e+01
1.948629136451767252e+01
1.538087499124834423e+01
1.804581832641298789e+01
1.095812057392750383e+01
2.027846404492991184e+01
1.817775835902234149e+01
1.450431809884326029e+01
1.119699252262296696e+01
1.977952875570848335e+01
1.641310368650706764e+01
1.824203660839802765e+01
1.765864924537668301e+01
1.752263990413185724e+01
1.817393058428696406e+01
1.502057444020990395e+01
1.597642956275136150e+01
1.649642140185556372e+01
1.595594894563123489e+01
1.269756602985900074e+01
1.221663159656354125e+01
1.750845649148667604e+01
1.280308382146269608e+01
1.960665888352582797e+01
1.873479939783080184e+01
1.831908367603741894e+01
1.476123073058531432e+01
1.564032746083855230e+01
1.892329643358507241e+01
2.042320068332964311e+01
1.200589581452647892e+01
1.693841180694848703e+01
1.354052594397518838e+01
1.474869302137736327e+01
2.048596425345177607e+01
1.682701776724761800e+01
2.230316161575881040e+01
2.237436028060171367e+01
1.930549701430729215e+01
1.816919297041722814e+01
1.493435185549788002e+01
1.244814410914909075e+01
1.562456289870652704e+01
1.840998538908946713e+01
1.932528319271973416e+01
1.791888009964304018e+01
1.435559644531578627e+01
1.709522243417359277e+01
1.137419300660108767e+01
1.795296058172532838e+01
1.082228322247083696e+01
1.450312906610097130e+01
1.868532809484133850e+01
1.434507740132671749e+01
1.820469752324158463e+01
1.584114013380036390e+01
1.257528742994280968e+01
1.692864196284350342e+01
1.516285659619529724e+01
1.116611998395018723e+01
1.828925311060088177e+01
1.235714216164867452e+01
1.146012639212330875e+01
1.679224785971254619e+01
1.988458035546260305e+01
2.105351693173429339e+01
1.908138010536385565e+01
2.045712088663717765e+01
1.860602790841842236e+01
1.616514180008319101e+01
1.448110269413357010e+01
1.379393292100228940e+01
1.621110284095846765e+01
1.537687421197163218e+01
1.492751164034633149e+01
1.679014053702529097e+01
1.228754444606025942e+01
1.267034794989448798e+01
1.319055861964797671e+01
1.204539570122985914e+01
1.959759412946698731e+01
1.974917255611639533e+01
1.617796125306254851e+01
1.831292732294441805e+01
2.027991783431613726e+01
1.726217067638934211e+01
1.750910158093478586e+01
2.242976085438015943e+01
1.857935081206048977e+01
2.075376318165994860e+01
2.244390903402482351e+01
2.113989063884815778e+01
2.287895832104685923e+01
2.106315140485831705e+01
1.998209116273290320e+01
2.156064778622211264e+01
2.063571196970989519e+01
1.947746771174228186e+01
1.627736527756990270e+01
1.645683129071693784e+01
1.548088555524138243e+01
1.791855681150910939e+01
1.638442313908603154e+01
2.091376716209950359e+01
2.236129873276572511e+01
1.686906462320054345e+01
1.872580000596839511e+01
2.120429780399857833e+01
2.342675443243810207e+01
2.358258144259323430e+01
2.298678963818606036e+01
2.153685951274031396e+01
1.859797617340761278e+01
2.353460350964412839e+01
2.386147672155426136e+01
2.361237937427111433e+01
2.279654029577029206e+01
2.311655083230408536e+01
2.363676981253632547e+01
2.414454232281693180e+01
1.597002440821080604e+01
1.713807686317522183e+01
2.345850126482021736e+01
2.368242978273648802e+01
2.391918489599208897e+01
1.733044352894608409e+01
1.988100184067644705e+01
2.273122916870122268e+01
2.383971962418314661e+01
2.428208629493539661e+01
2.274530063841272565e+01
2.312029953473603072e+01
2.162078921131377740e+01
1.744751145016510563e+01
1.325693127307005348e+01
1.280881547446510993e+01
1.599859363401235690e+01
1.679450690298020277e+01
1.028047801481467793e+01
1.355783974192224584e+01
1.366320948581526018e+01
1.243800138492240492e+01
1.128948696581625732e+01
6.439988642696196308e+00
8.890625242948603457e+00
5.616314653492544551e+00
9.260386298145522943e+00
7.992617422906295843e+00
9.391665844399877727e+00
1.351845883494063649e+01
1.850977402457992582e+01
1.569393393462384623e+01
1.787558668994675415e+01
2.011110410852881003e+01
2.249518027913962470e+01
2.138611725007317688e+01
2.143387703136745870e+01
2.185736921355713491e+01
1.700245522485590755e+01
1.930800984811525467e+01
2.182535490738714401e+01
2.226703802914059693e+01
2.045684451685357530e+01
2.253386315690418940e+01
2.244572347697839731e+01
2.240727209484387217e+01
2.190099794113246645e+01
2.241106877860193691e+01
2.122156588242059883e+01
1.582165721866136643e+01
9.858787962497920887e+00
1.031797996823430275e+01
1.301908200711411467e+01
1.123599932839742266e+01
1.669487121208807778e+01
1.420623383229668413e+01
1.324443087874186809e+01
1.125764686377777757e+01
1.017300957963542274e+01
1.251702230347327749e+01
1.019982146121913047e+01
1.054038184927176403e+01
1.168855971712110176e+01
1.233479014082898928e+01
1.911192706322625412e+01
1.716445571215815846e+01
1.857033270488486920e+01
2.016167494374258595e+01
1.853968540633788109e+01
1.967105411664698522e+01
2.053373697719539237e+01
1.945743473208788288e+01
1.575925557476714367e+01
1.730271739835798783e+01
9.491779156680429708e+00
1.262836959737486708e+01
7.880974133463620745e+00
8.799597968591241326e+00
1.542259966935163717e+01
9.527047622297985185e+00
7.162628800756746017e+00
1.961120039901142320e+01
1.517354007020296613e+01
2.104725920625968527e+01
2.024437603795309215e+01
2.050599955039424316e+01
2.037144238642295235e+01
1.993059923277587586e+01
1.887943823986523384e+01
1.966465195821825773e+01
2.012835578840958206e+01
1.979726289498762881e+01
2.020962433961544846e+01
1.869014654036387313e+01
2.032852152202706719e+01
1.921106194244884691e+01
1.691163497819553285e+01
1.684255383035684162e+01
2.056619285062643243e+01
1.988865309874236331e+01
1.904275345718062695e+01
1.560325543651012126e+01
1.240008352387102164e+01
1.317514935277280230e+01
1.295861594824846641e+01
1.826432874457287525e+01
1.978688739615280667e+01
2.008810378506177940e+01
1.994758100570485482e+01
1.648099198851063463e+01
1.780621916420223627e+01
1.574696430312762629e+01
1.185207623078589911e+01
1.372225347343716528e+01
1.535980857439767888e+01
1.191634735191476224e+01
1.640949268785335136e+01
1.332311037750030458e+01
1.265788512004475841e+01
1.459034674784005148e+01
1.196678609427286055e+01
1.722131645531956323e+01
1.760284462472465350e+01
1.644310960582327752e+01
1.936249336097536045e+01
1.762211666785185571e+01
1.897547466271367611e+01
1.523041185404456144e+01
1.490370318789322290e+01
1.871059722284966043e+01
1.985683730368163680e+01
1.865868069895950754e+01
1.893288318344292875e+01
1.641126339033185744e+01
1.942099430273679417e+01
1.938154036342787023e+01
1.781675069905300290e+01
1.871084118857370271e+01
1.490273695842464363e+01
1.954448369631444749e+01
1.936794086763921996e+01
1.904923300602665748e+01
1.690457242933301529e+01
1.467218381920903170e+01
1.684131917081285224e+01
1.446944626662255828e+01
1.501659588326655381e+01
1.585216144118621706e+01
1.589075893439742160e+01
1.588008381758098331e+01
1.503955647458738731e+01
1.590364411742973871e+01
1.397128088429766635e+01
1.375607350857851330e+01
1.433632813333927380e+01
1.742355389200505655e+01
1.402435745726847216e+01
1.740540265927339547e+01
2.025574296460792567e+01
1.997590524991112915e+01
1.865586595923567614e+01
1.665502503334054296e+01
1.888775510238971123e+01
1.926439289256166632e+01
1.943934821476707953e+01
1.863534960104435356e+01
1.628802509206578719e+01
1.510234130406265685e+01
1.627682524165870603e+01
1.594488838229711902e+01
1.589531550115954062e+01
1.706850315429613829e+01
1.707653475635997253e+01
1.767340619410298430e+01
1.645219275674025994e+01
1.646290477405931796e+01
1.648354218202279853e+01
1.625614427461105649e+01
1.723029262378339510e+01
1.791395873050000276e+01
1.924836545115451969e+01
2.059277721571451991e+01
1.721936107312068742e+01
1.532832713491977827e+01
1.543445876432803665e+01
1.514529062534876758e+01
1.588332725670242596e+01
1.784748664151430830e+01
1.742271525361122997e+01
1.778244454992389123e+01
1.690575340195641019e+01
1.484127657427548819e+01
1.848757723243827300e+01
1.512613206106443542e+01
1.585308232903984305e+01
1.511858594537277511e+01
1.503126241298387455e+01
1.610981386816865424e+01
1.905658547641831646e+01
2.008838177852318552e+01
2.235211792260450636e+01
2.174596631804757152e+01
2.092332940383388262e+01
2.216946160415325195e+01
1.701025574745002800e+01
1.673690371257400855e+01
1.728194080679277533e+01
1.558540234335346497e+01
1.503668065194864134e+01
1.585845261626397473e+01
1.539541187295262503e+01
1.540308283369017772e+01
1.726826388416602853e+01
1.539830580997914566e+01
1.510488743240811615e+01
1.678341806245019541e+01
1.586792926426157280e+01
1.481737744607188212e+01
1.671413945260287903e+01
1.232616306089449942e+01
1.232715447844267409e+01
1.577874352511061851e+01
1.619780533642690301e+01
1.640177495124991935e+01
1.444030156262385134e+01
1.717111700318064393e+01
1.686408287168970332e+01
1.729199627365037273e+01
1.688212355073703108e+01
1.443430620268506814e+01
1.599316676110422719e+01
1.630727866803015047e+01
1.266896044389714326e+01
1.709790270052650030e+01
1.122489190283134874e+01
9.748171562775217680e+00
1.721173053667771669e+01
9.917824766524686808e+00
9.921368733120539574e+00
1.494820806828339599e+01
1.537266237258229040e+01
1.810211176924078202e+01
1.729262702441356936e+01
1.713734002899271758e+01
1.687455910631054934e+01
1.757624068123513439e+01
1.275127114317846377e+01
1.368120901780347687e+01
1.818914746602050769e+01
1.687758458334765521e+01
1.438753770658667896e+01
1.841157755246725714e+01
1.490512088778913657e+01
1.625558924095476954e+01
1.945990013654981965e+01
2.065643775359678713e+01
1.967262853469076589e+01
1.962120003494986520e+01
1.858356457366441816e+01
2.034911976612193030e+01
2.083174931940345687e+01
1.848012101531288565e+01
1.509736390439303477e+01
1.810775293773742334e+01
1.953618101028464338e+01
1.821533233923397432e+01
1.367926949174514739e+01
1.903866945981891945e+01
1.267285468994344555e+01
1.433840485018697208e+01
1.569529966416386912e+01
1.274551511949236549e+01
1.990394341938169731e+01
1.426178045602007316e+01
1.886099517485951793e+01
1.328851655212843852e+01
1.229675898525139210e+01
1.606195203429712137e+01
1.520895674758431504e+01
1.591617851188649446e+01
1.296827695693528248e+01
1.308626724812514475e+01
1.685008172151490413e+01
1.922763122753583787e+01
1.811367416063260904e+01
1.886910512183583322e+01
1.906502671442599706e+01
1.879475056172124781e+01
1.893232379175332625e+01
1.771577985286334211e+01
1.888153768958504841e+01
1.782504156360037229e+01
1.772797653662798112e+01
1.769104374571540461e+01
1.800991730961461457e+01
1.775851581022191183e+01
1.769281269862009154e+01
1.786031682399307385e+01
1.871313265751426513e+01
1.721428635151105979e+01
1.641749065200100688e+01
1.707763968720687231e+01
1.765419940396870757e+01
1.769486781084473392e+01
1.807870384605450198e+01
1.764286954193874379e+01
1.757805420991748235e+01
1.586571782189885127e+01
1.370690012180472372e+01
1.537553184818677110e+01
1.206611189923572702e+01
1.496123108153859604e+01
1.559892705842426608e+01
1.791635338987716608e+01
1.904417328171804513e+01
1.826925680517009454e+01
1.597177478762647418e+01
1.386147765097823381e+01
1.868156158490472762e+01
1.433942688318856362e+01
1.792454480646007298e+01
1.538130161730808609e+01
2.048210814767972821e+01
1.935105925524413095e+01
1.744924701957130253e+01
1.780086780840610672e+01
1.810777845458827784e+01
2.023484801464405791e+01
1.917114349449343536e+01
2.022456892190925259e+01
1.998729510803761400e+01
2.096115981113367255e+01
2.045224196422046248e+01
1.416761582929975916e+01
1.942844712732743773e+01
1.740280207633914955e+01
1.340873863098836694e+01
1.656689484622421915e+01
1.478844999662571524e+01
1.315704734484270233e+01
1.974100844916462449e+01
1.794641687343442982e+01
1.610139641219947748e+01
1.503617368480583316e+01
1.179716809681250567e+01
1.862127958533975658e+01
2.024387552974722482e+01
2.336069034061991800e+01
2.237381397223710522e+01
1.973451805056313191e+01
1.623279296199740429e+01
1.469936191299802353e+01
1.453664078165469498e+01
1.469813882555913054e+01
2.037988498378414803e+01
1.773199619676971395e+01
2.175611571504132868e+01
1.809270870187873825e+01
1.402761538661757257e+01
1.709624234547028010e+01
2.113026442110312075e+01
2.167360054283083670e+01
2.255487810191391418e+01
2.202762225816099928e+01
2.188467702920222635e+01
2.194219268710172344e+01
2.225932000362966434e+01
1.651723675075715292e+01
1.151684900116554644e+01
1.065250212079037695e+01
1.186629700166347590e+01
1.075826833939312621e+01
9.474062563077701782e+00
1.217958753973872810e+01
1.810865388657087749e+01
1.801557022504397310e+01
1.082355308918468140e+01
1.915605708576226363e+01
1.156443231908372482e+01
1.249154715454462306e+01
1.380592124275189292e+01
1.072634910879250469e+01
1.840701487856772189e+01
2.218186137688724813e+01
2.097157277456322078e+01
2.030773516045965721e+01
2.090040022794833163e+01
2.216302384080970356e+01
2.191498828647128505e+01
2.072509784700496027e+01
1.598826227034858860e+01
1.993081971803996311e+01
2.124301085989262106e+01
2.152035852970944774e+01
2.229138015891855318e+01
2.138089758990546585e+01
1.746034529710260230e+01
2.215985945806245994e+01
2.226572083671167235e+01
2.171490491159085323e+01
2.127024129675227471e+01
1.745371917664279593e+01
2.085703214717037213e+01
2.129949275399560094e+01
2.178853445887321527e+01
1.996932624408009360e+01
1.828102627522304502e+01
1.550005201499797280e+01
1.760447990103282478e+01
1.342020090031040169e+01
1.551755619833453892e+01
1.475288027145234260e+01
1.863363062558868322e+01
1.918830260895410333e+01
2.099039515351684315e+01
2.141164169766891590e+01
2.128282562474231199e+01
2.163612600173573952e+01
2.068194589012374252e+01
2.042439677618952842e+01
1.917215964166532061e+01
2.086344823077581268e+01
1.940655648000797129e+01
2.086061093537951550e+01
1.955873048678655124e+01
2.088162945174567398e+01
2.084981691308077956e+01
1.967227753827161862e+01
1.968412064160310138e+01
1.923249842467617654e+01
1.565044554533525378e+01
1.631029792184965999e+01
1.588215951172412765e+01
1.774746165162360967e+01
1.955970743565699976e+01
1.853532821722647483e+01
1.820603211812452571e+01
1.810202828802575681e+01
1.652071437665481213e+01
1.769365186847171145e+01
1.578028815799721229e+01
1.721945723353769253e+01
1.900771043929069748e+01
2.072155604111561900e+01
1.895259689023026439e+01
1.998691473103956540e+01
1.760132542814558931e+01
1.952043454831307656e+01
1.711851511156179129e+01
1.775079643035176247e+01
1.685329009139213596e+01
1.584646474400594229e+01
1.509654000762120596e+01
1.347187031531192503e+01
1.388029667531927025e+01
1.616865740295015641e+01
1.363789663365071902e+01
1.412298333477391488e+01
1.195510798683008069e+01
1.347613080361811200e+01
1.057812456214904095e+01
1.669866941647370595e+01
1.648189255146346710e+01
1.751191271318455378e+01
1.503257124185770621e+01
1.369595174441354324e+01
1.933562547749650662e+01
1.269550697374268466e+01
2.006384224863331767e+01
1.847701901841992012e+01
1.999869078747208562e+01
1.932256032165100379e+01
1.972492822501976661e+01
1.940183042754206966e+01
1.955542369973850469e+01
2.038340689287968388e+01
1.941401471940299572e+01
2.128229724801327194e+01
2.067097602746403595e+01
1.931724669211359569e+01
1.302347271724860356e+01
1.565640657431035265e+01
1.235864759095221999e+01
1.226087781891370909e+01
1.999026579830599459e+01
2.009118476067746428e+01
1.729875160379981480e+01
1.790723535405813394e+01
1.859251721029108140e+01
1.915825635998549359e+01
2.191906448193406476e+01
2.213149135234320752e+01
1.673500103626000168e+01
1.527111380183355394e+01
2.113382610404835305e+01
2.249844647574163758e+01
2.169696998407395938e+01
1.412686048543256234e+01
1.842745940154297557e+01
2.203934507088583317e+01
1.685829974539858256e+01
1.714836636988113128e+01
1.736748021727968094e+01
1.282377115677185664e+01
1.099656076807109706e+01
1.103567874786746295e+01
1.203007392539533882e+01
1.245968471103295450e+01
1.416887528759713888e+01
1.818884882558995031e+01
1.802549602458270073e+01
1.713384519120001315e+01
1.762781453207949411e+01
1.869862259260893467e+01
1.512668550079625085e+01
1.776968623648570755e+01
1.429083261246887915e+01
1.568234824240977154e+01
1.779116404880588220e+01
1.494130240259691611e+01
1.622106654641708445e+01
1.669542993382891893e+01
1.602331570646878234e+01
1.466087485664028378e+01
1.473656929297371754e+01
1.630133258045454525e+01
1.647035865791079701e+01
1.507263426557822861e+01
1.611874208387071050e+01
1.484836794861679188e+01
1.564111042139106900e+01
1.467429770082880047e+01
1.225918071344612770e+01
1.547773369637199892e+01
1.492171582967975851e+01
1.426844822074468766e+01
1.439511521644348946e+01
1.360657994594476783e+01
1.256019446730612188e+01
1.394791363999833322e+01
1.438682870258738689e+01
1.435022096786840606e+01
1.435628087842797562e+01
1.915270526305974030e+01
1.989850379906115307e+01
2.062971062727529414e+01
1.881344771394004312e+01
1.828569552200672277e+01
1.952600162235758674e+01
2.087198391904078321e+01
1.979974232095450404e+01
1.641604130507911918e+01
2.004485031929966254e+01
1.993763554107523461e+01
1.959573552020491860e+01
1.953494960970007099e+01
1.548049745628807194e+01
1.589693464641738174e+01
1.845770568394707922e+01
1.464924040119982251e+01
1.855261357911666664e+01
1.663246887543611763e+01
1.458245398925580361e+01
1.934400909828566029e+01
2.258592398694687375e+01
1.976270196731392303e+01
1.986537065590983886e+01
2.258513926729580845e+01
1.646091780004000782e+01
1.569783573941302990e+01
2.181753279143873669e+01
2.271525371405484961e+01
2.047388775321477539e+01
2.233903695855676119e+01
2.056226585276073493e+01
2.170631650994118900e+01
2.083288549518278998e+01
1.623581014894113750e+01
1.407704467604605547e+01
1.232597422105332186e+01
1.379177417888326040e+01
1.381499831188651761e+01
1.487392646993283662e+01
1.172729151127559710e+01
1.768804960337949339e+01
1.278287149744438089e+01
1.944087700231161975e+01
2.028593369953609482e+01
2.026916719520226451e+01
1.949971664660297321e+01
1.607181717378952612e+01
1.572857484162214448e+01
1.629978432609165395e+01
1.898936162905766523e+01
1.936148740902679322e+01
1.547657275993060821e+01
1.461313708452083127e+01
1.504605294987549513e+01
1.498299239277536188e+01
1.456645849112459956e+01
1.491287195937445631e+01
1.491029261369246228e+01
1.577756673093512418e+01
1.629612496946687372e+01
1.660118780572282304e+01
1.884534161914668005e+01
1.779650338166460344e+01
1.703776695765831661e+01
1.744593987667413870e+01
1.711761474166842589e+01
1.658569541646226853e+01
1.565154395823453903e+01
1.393707573062432914e+01
1.808765960756043967e+01
1.626351533590884557e+01
1.510218845390179254e+01
1.686316065054815283e+01
1.471942745759731785e+01
1.392129160991912862e+01
1.822087798460789898e+01
1.831455929499722401e+01
1.512317264732772948e+01
1.892940857783822395e+01
2.064704361574592184e+01
2.035699634218094189e+01
1.913052216247704251e+01
1.501226800752964863e+01
1.382010949489983176e+01
1.463510506629506658e+01
1.554123327579111802e+01
1.257409953848589979e+01
1.415761912395591082e+01
1.566983105639538643e+01
1.703506849287338198e+01
2.004553841436364081e+01
2.135916980204396509e+01
2.073606002506432233e+01
2.098208813668451711e+01
1.732988204713914371e+01
2.059924677978714058e+01
2.048168165399642859e+01
1.777752717829758211e+01
1.173578301740284857e+01
7.030942595927342609e+00
1.262359655719302154e+01
1.853382158165549853e+01
7.091836407453229185e+00
1.019270394796624046e+01
1.406763540608895191e+01
1.523339256109421491e+01
1.245042279842915889e+01
1.466608207570163103e+01
1.552117427311981857e+01
1.564940045041802108e+01
1.492183093070156552e+01
1.635257514945200796e+01
1.505034356828658915e+01
1.638849810739524671e+01
1.983518325124259007e+01
1.925099588292858854e+01
1.917448580487087639e+01
1.976923196828761320e+01
2.012966540926061043e+01
2.091018475191106063e+01
2.055605131051889245e+01
2.069958892715432341e+01
1.845788689828945905e+01
2.013767318194063094e+01
2.045095836372332698e+01
1.753076082892951604e+01
1.093221801938666715e+01
9.461554248414255852e+00
1.044680002325734591e+01
1.160108511327444702e+01
1.279673956384253941e+01
1.744372154005477427e+01
1.782677612613177942e+01
1.562696170501303072e+01
1.649957301136760179e+01
1.576843132969465344e+01
1.815629681606374746e+01
1.728385123277131896e+01
1.542158818414044319e+01
1.783063325460257431e+01
1.722410445251919597e+01
1.844831708281348881e+01
1.384040657378729655e+01
1.884684867226120986e+01
1.916133392527823531e+01
1.859702246216264854e+01
1.645892429588007388e+01
1.867503449617631617e+01
1.863058363942425899e+01
1.698698672965691969e+01
1.682033407901642619e+01
1.656249624124731668e+01
1.313020089124599465e+01
1.661847874603714814e+01
1.942742008684344768e+01
1.930260693633529456e+01
1.760703177786940543e+01
1.856265137659271502e+01
1.023951186872165664e+01
1.317065525955088567e+01
1.062197313938258780e+01
1.521701908240028800e+01
9.470358601513806818e+00
1.779577074018401817e+01
1.916156609397483734e+01
1.998002376834338634e+01
2.067053774795001075e+01
1.857701364997736704e+01
1.299026797988062398e+01
1.811161908570230494e+01
1.258986342245044732e+01
1.665751250124254668e+01
1.750261120962053241e+01
2.023620151374056775e+01
1.616342256717907588e+01
1.087500280148164933e+01
1.787260375282455627e+01
1.431787025190259754e+01
1.773091486014376983e+01
8.727640332009730884e+00
9.066217835225634403e+00
1.041127364441555514e+01
1.240840790111936087e+01
1.312049018687233470e+01
1.576010429731928220e+01
1.703933784522482142e+01
1.732828547192496771e+01
1.154926332642462938e+01
1.550427203378136554e+01
1.984941505846331111e+01
1.159892803373493919e+01
1.373505319506650579e+01
1.533153526526826305e+01
1.122954437197332211e+01
1.266162227139571606e+01
1.789430720521150420e+01
1.675351829742741572e+01
1.789277827902320794e+01
1.643916475533515964e+01
1.284483048780519887e+01
1.321318785936112583e+01
1.182692146550073176e+01
1.250422456969795881e+01
9.302730803975320484e+00
1.458919100144634662e+01
1.581562621908188682e+01
1.626584765733716864e+01
1.458634372980107585e+01
1.893427110374879163e+01
1.901179959448263901e+01
2.033867219467014564e+01
2.026237673731493416e+01
1.959870643481757568e+01
1.746411668090345159e+01
1.821412153706389603e+01
1.862507477435629966e+01
2.006029021019502778e+01
1.898822396567044635e+01
2.004928533136529722e+01
1.990009378166548260e+01
1.951555010341065710e+01
1.769614077807816699e+01
1.844083772784129138e+01
1.796517604833113779e+01
1.977290254495522248e+01
2.035397047291638373e+01
1.952642109101021006e+01
1.949587273576766222e+01
1.607339651555119531e+01
8.807259133910235960e+00
1.284728682438865555e+01
1.710873632555312795e+01
1.558921524821028903e+01
1.581902582374896582e+01
1.579428136382714598e+01
1.276696284280842164e+01
1.519318717532038576e+01
1.159773956682423801e+01
1.693674369909204103e+01
1.645305496224300157e+01
1.748178542928629398e+01
1.759252530415665206e+01
1.732297741862535290e+01
1.465438403785588406e+01
1.680808394133861938e+01
1.312012906339068863e+01
1.366267809899212793e+01
1.547162676914848234e+01
1.635082313186354952e+01
1.489829804867971852e+01
1.443575821844562412e+01
1.006783814144047540e+01
1.103417982832088917e+01
5.433725999600275358e+00
1.083551091457851712e+01
9.255565502343412021e+00
1.187585578700164035e+01
1.830330878205943890e+01
1.882493889911498286e+01
2.266454329346606400e+01
2.456035096549110364e+01
2.523626707620783804e+01
2.591094605917484017e+01
2.541085195226601456e+01
2.436247903071836873e+01
2.557409160707058504e+01
2.397772887801273711e+01
2.463516326435744119e+01
2.470136833628591688e+01
2.394035127308510624e+01
1.804599666473628972e+01
1.761294382013007720e+01
2.153003006239039863e+01
2.400552711858391319e+01
2.158033486589552297e+01
1.775658061971433810e+01
2.021276505396908263e+01
2.413729969852483137e+01
2.243915197143433815e+01
1.818463150617135682e+01
2.075517287858101412e+01
1.795204617952974147e+01
1.904712380690732587e+01
1.946173038325927962e+01
2.009110872121043911e+01
1.839286788918434112e+01
1.721834083056466014e+01
1.736242566556834532e+01
1.862375664944217846e+01
1.775730915453926428e+01
1.748435902463687341e+01
1.992909590510291551e+01
1.927017391368809740e+01
2.146534980094699563e+01
2.334276324471442265e+01
2.367705053580257157e+01
2.371334162181717886e+01
2.192938290827673242e+01
2.108622458937414024e+01
2.063749795735893144e+01
2.292208463960577447e+01
2.480552935199145281e+01
2.322045706432969325e+01
2.443851931578582537e+01
2.324872691721514428e+01
2.298881072308892826e+01
2.441295580341994764e+01
2.358616216274283772e+01
2.329000069965312747e+01
2.285671427790166277e+01
2.216576285616517339e+01
2.230538445392923208e+01
2.099686531332520900e+01
1.989385422747223231e+01
2.250242121032236753e+01
2.101016156558577563e+01
2.059928834681361565e+01
2.208072523509477136e+01
2.124638431442336639e+01
1.997970276660329958e+01
2.051115023004842897e+01
2.020198592881254385e+01
1.835498319766927722e+01
1.792316826221020065e+01
2.317076111016591611e+01
2.020683710547547918e+01
2.004781988305708396e+01
1.710932981859952307e+01
1.866930588224351695e+01
2.292847268102219971e+01
1.816120252463990425e+01
2.242901527018262087e+01
1.988096845274599644e+01
2.031350449162618332e+01
2.378936803511381015e+01
2.739280865773503493e+01
2.266393690761675828e+01
2.135870933842534569e+01
1.906880082907610330e+01
1.684315177792310436e+01
1.674639494895759384e+01
1.732900445043916804e+01
1.786164298729608291e+01
1.803257129650636870e+01
1.750846897827571169e+01
2.059682367358320931e+01
2.296514242559369734e+01
1.965923345751630791e+01
1.987989784463503184e+01
2.067527961219854049e+01
2.087247338743739888e+01
2.134674642739956241e+01
2.285102281639309396e+01
2.076951363510893600e+01
2.084860591296004984e+01
2.114679005541936618e+01
2.183978405477262896e+01
2.388154348556837192e+01
2.083586251499178132e+01
2.011220488004119034e+01
2.214616463075965669e+01
2.195377279493239797e+01
2.420823001535784869e+01
2.250001884949816855e+01
2.385354400541861253e+01
2.451015435065090031e+01
2.250464017107182713e+01
2.328643095256312279e+01
2.510955979674029948e+01
2.394714237651851008e+01
2.329974888205834560e+01
2.264849803609295265e+01
2.341107330846211809e+01
2.345252592899352351e+01
2.304182995188762106e+01
2.241252431750884710e+01
2.240725596946461451e+01
1.952145610520238250e+01
1.789008706550810857e+01
1.420709035979130874e+01
1.773911351737675091e+01
1.602761805667460848e+01
1.521924879684528342e+01
1.800108447399976086e+01
1.811537009104182516e+01
2.163945807045029923e+01
1.637686954902784464e+01
2.099191462906673422e+01
1.696959360190838950e+01
1.778454863875169423e+01
1.592978265685531092e+01
1.913052629311294339e+01
1.755181959580873041e+01
1.347239913496188102e+01
1.492926090688797913e+01
2.078866922180088395e+01
2.169018877982961868e+01
2.415369464317669923e+01
2.578048381131803879e+01
2.628427079908799158e+01
2.548895519044158320e+01
2.604645330038600193e+01
2.515133878867100847e+01
1.939583607914397589e+01
2.475979070920518055e+01
1.248758252757417964e+01
1.539160938480865504e+01
1.585131374079464450e+01
2.160947072066237595e+01
1.529319834239252884e+01
1.300130219554480426e+01
1.147959343963994883e+01
1.721738070364159867e+01
1.022839444322916336e+01
1.219956095900389315e+01
1.500632892470526158e+01
1.242621543437439158e+01
1.201178635523100269e+01
1.233541866837505552e+01
1.556587842724973036e+01
1.452985729404827175e+01
1.421555389649618562e+01
1.381749763037322865e+01
1.409163761865887565e+01
1.520068335770701218e+01
1.625126966038365595e+01
1.597563850561184751e+01
1.261773415671455467e+01
1.990434571260199803e+01
1.181697704751934452e+01
1.653017489411987384e+01
1.839294357850253547e+01
1.981624672295463796e+01
2.547610250325448433e+01
2.608585007842929215e+01
2.586372427935580021e+01
2.653041719414746780e+01
2.697643084138420377e+01
2.588705774668836668e+01
2.429259953822489493e+01
2.211094592817065774e+01
1.689912245741479069e+01
1.437470381236255434e+01
2.119936863071858113e+01
2.060766394496913989e+01
1.936992729824110171e+01
2.016660305176097978e+01
1.984959161271854811e+01
1.999056812065830968e+01
1.460415127676130354e+01
2.248590405338675424e+01
2.400255570826180929e+01
2.051089595495831830e+01
2.243366859707730043e+01
2.542099279671172951e+01
2.559586611083370045e+01
2.527184718498624605e+01
2.409083069742307970e+01
2.486762937344681035e+01
1.881731661091930619e+01
2.103695011461604736e+01
1.688121288871509762e+01
1.386876412328502006e+01
1.650790667250351262e+01
1.484842360654610971e+01
1.301786582766827749e+01
1.547139669111353477e+01
1.144152883685035604e+01
1.307531518731804887e+01
1.873372376933559025e+01
2.409405904091629225e+01
2.534661530662799578e+01
2.338658027251648264e+01
2.375263957894460276e+01
2.491374531928546432e+01
2.308100956897107281e+01
2.467185723846219503e+01
2.487527901348212822e+01
2.475314762731323981e+01
2.515252864123658227e+01
2.453032026068499150e+01
2.524962341887351869e+01
2.496380537020563040e+01
2.409243905766254912e+01
2.555090710252004271e+01
2.539746115435184137e+01
2.384102123947780427e+01
2.385953331637389141e+01
2.246054334636681560e+01
2.069196090294887114e+01
2.206235016010144179e+01
1.318502753565052465e+01
1.356483267219971545e+01
1.646816204932282446e+01
1.635519842157047776e+01
1.738279031471288150e+01
1.514917715241938900e+01
1.951095664465250223e+01
2.018547219505551382e+01
1.697717706249915537e+01
1.935478413991590685e+01
1.506826666500984047e+01
1.709923378316562292e+01
1.591527433654718493e+01
1.596717837935714357e+01
1.910262715073254824e+01
1.768559125168279422e+01
1.733269088527989510e+01
1.635131843697468312e+01
1.565610636721072169e+01
2.319250575134472214e+01
2.650735844625617688e+01
2.674821154279349855e+01
2.096954615609631034e+01
2.525717701276556681e+01
2.534882176510848595e+01
2.583116758243624389e+01
2.455105421015347034e+01
2.514630918808533266e+01
2.513992728890445960e+01
2.538130621279121257e+01
2.518472567935221207e+01
2.494598754500174209e+01
2.436987879643038468e+01
2.455932104369870217e+01
2.455400017108086175e+01
2.556647157809883453e+01
2.495980529081150223e+01
2.471326422468158768e+01
2.511049693778690539e+01
2.409878734912268428e+01
2.378123567108623604e+01
2.468385729107204440e+01
2.519331968300001989e+01
2.344964900208062630e+01
2.024164154941529858e+01
2.278763060109989524e+01
2.491958032092367858e+01
2.360573879112332918e+01
2.241044446934687429e+01
2.016165104632453620e+01
2.172444384141727625e+01
2.051370076810855636e+01
2.152586502975465166e+01
2.115100335822518574e+01
2.088125231618015576e+01
2.150992104676298666e+01
2.044765531467589170e+01
2.200343012890731842e+01
2.155941971871044771e+01
1.887702314523788161e+01
1.345171134961626258e+01
2.023062483646915766e+01
1.675598357591691823e+01
2.200495484083629094e+01
1.232087273809963968e+01
1.116546130546707971e+01
1.526043481529157297e+01
1.146845741688831843e+01
1.515280123512387433e+01
1.599279968529852169e+01
1.111824912365742790e+01
1.621154967453982820e+01
2.145317119475762269e+01
1.186911866322396847e+01
1.434233829277915540e+01
9.496850394757652580e+00
2.052200794702070397e+01
2.449981320681765595e+01
2.275388132896452831e+01
2.357431373701605182e+01
2.226118103955051808e+01
1.111937222548153770e+01
1.809049441695875871e+01
2.210869794877815053e+01
1.374093239990707005e+01
1.273801119810187288e+01
1.160045678814464232e+01
1.458002252268088839e+01
1.932046099349979684e+01
2.430311411864299487e+01
2.295478890442470288e+01
2.347776961051137334e+01
1.267030587885288107e+01
1.285387050005092036e+01
1.744880855391735253e+01
1.495372209921965911e+01
1.681375037251586946e+01
2.034675241931199707e+01
1.547765402615340058e+01
1.874150934257307810e+01
1.600247080999360350e+01
1.434782330388345351e+01
1.868013347162299453e+01
1.709446021140880134e+01
1.750847179243329776e+01
2.106544551642188878e+01
2.096710139898316427e+01
1.611533308624278504e+01
2.160138249044884162e+01
2.353671163594135862e+01
1.877503730838978058e+01
1.861558886170958260e+01
1.806402140355655916e+01
1.830349198741586392e+01
1.842573998657697487e+01
2.266042436224387302e+01
1.810536104570387295e+01
1.743711613889505330e+01
1.952083321464066401e+01
1.870941072038324293e+01
2.071033705275941017e+01
1.891063086691703532e+01
1.798968986802405823e+01
1.707913082148354889e+01
2.077068842608664667e+01
2.179028518812333814e+01
2.149627268773013000e+01
2.272415826220100143e+01
2.013537710725572794e+01
1.872992674844799410e+01
1.780866323319287758e+01
2.304708421588140510e+01
2.243368903834623040e+01
2.299561474590203858e+01
2.244597087521338352e+01
2.124720249863058186e+01
1.857369368576295798e+01
1.868338254173321644e+01
2.107647011073013488e+01
1.892970010962659799e+01
2.089072929823576175e+01
1.924854355190168320e+01
1.889806684455805552e+01
1.970869949148055866e+01
1.782751783808052437e+01
1.711893502102486053e+01
2.043391077515892107e+01
2.284875674562202619e+01
2.267163756576251643e+01
1.949775983321220707e+01
1.831684213691452001e+01
1.809818122031615317e+01
2.360396438287877885e+01
2.525693764516458373e+01
2.498974411302617682e+01
2.367125864662504853e+01
2.565475544881748959e+01
2.497122621930677866e+01
2.351705661515968870e+01
2.420757873303665875e+01
2.517161342352241604e+01
2.598170104175835959e+01
2.446832650724299896e+01
1.995887237479036713e+01
2.024701961263279415e+01
1.852322225737999517e+01
1.867178484930192184e+01
1.873188817869563394e+01
1.944647714172975483e+01
2.534859588172959377e+01
2.170285065699372495e+01
1.905028779205413869e+01
2.366901894405100037e+01
2.349434810704508791e+01
2.172981975350118944e+01
2.417509848846204079e+01
2.426681575694220783e+01
2.394093153115090189e+01
2.364802873800664784e+01
2.152739093717044483e+01
2.199665293923732889e+01
2.144795265893802139e+01
2.265872179815549003e+01
2.053346575166416699e+01
2.311893312304533055e+01
2.137374453855803580e+01
2.068355165309413124e+01
2.010547959084199121e+01
2.097152561692872297e+01
2.161381821679026416e+01
2.187062459013754534e+01
1.907090743996588245e+01
2.097408789813681551e+01
1.589592651262801759e+01
1.630782366083261081e+01
1.847624935258336976e+01
2.409040985319817452e+01
2.291046539464067777e+01
2.111643159677812065e+01
1.530305169930803011e+01
1.905916156369973180e+01
1.959112390024927919e+01
2.003052170395813647e+01
2.128633788339126554e+01
2.166186634047068438e+01
1.774813160182180738e+01
2.154693454756770876e+01
2.242110941684462944e+01
2.239752921168222244e+01
2.207391753732024853e+01
2.331748225861873181e+01
2.378471053567973925e+01
2.305972647820485832e+01
1.987522398435543636e+01
1.682165378128413735e+01
1.437579397030311057e+01
1.876535572297879284e+01
1.472552222014618195e+01
1.877568940725641511e+01
1.498123722665640933e+01
1.645632082407545838e+01
1.626029252247104750e+01
1.723767262518469323e+01
2.286520731270499951e+01
2.291310460494401724e+01
2.404099131186635319e+01
2.399302133077684474e+01
2.447394944211931289e+01
2.346180594698225264e+01
2.397853849104324553e+01
1.981073419943875180e+01
1.768681806855759575e+01
2.128751797864174478e+01
1.500149242095988100e+01
1.632898265670333160e+01
1.927598818916606760e+01
2.303760797896469370e+01
2.285038419041924840e+01
2.226373477322720262e+01
2.132740268738334422e+01
2.045259457192850405e+01
2.172999118618264802e+01
2.167215103786611863e+01
2.022736416502728929e+01
1.939982636501058977e+01
1.802250707807605679e+01
2.161758597637719603e+01
1.764538794422620072e+01
1.755278856554215849e+01
1.821633874238397155e+01
1.981786068948161983e+01
1.765778191802902342e+01
1.819768893960523926e+01
1.763592924562888697e+01
2.191905520072905489e+01
2.220205608151400867e+01
1.935965588167175966e+01
2.140916681433776603e+01
2.107924059208834322e+01
2.233600805634344511e+01
2.129781869012952100e+01
2.046587807837070727e+01
1.985443485612669434e+01
2.299474855341715696e+01
2.103425954925835839e+01
2.206971513533526519e+01
2.174400794955149152e+01
2.078098898464116218e+01
2.284632935894553896e+01
2.027660960956384173e+01
2.123802311357209049e+01
2.250188604352708310e+01
2.276504202404854382e+01
2.231984857005553735e+01
2.291712587679926472e+01
1.668419402122745510e+01
1.616080931806392584e+01
1.406877581394843091e+01
1.510395264840873786e+01
1.974027015835785548e+01
2.098148019163821232e+01
1.962977899427881567e+01
2.026920796946963677e+01
2.095828786936552746e+01
2.061623857321622211e+01
2.083549799847315853e+01
1.764306335852160146e+01
1.865157858752053599e+01
1.968431937839167745e+01
1.852583441668293673e+01
1.587058973775756243e+01
1.562063980482429493e+01
1.983090191594409646e+01
1.841065813405913332e+01
1.664419960390491582e+01
1.677726526789381012e+01
1.753306838456526151e+01
1.648539837315801648e+01
2.229541379633039000e+01
2.071644308284842140e+01
2.324543841313382231e+01
1.993515928786536406e+01
2.225245374557017897e+01
1.481075458025357605e+01
1.349132256016955722e+01
1.409582064036429827e+01
2.184022651851531194e+01
1.689684172542104434e+01
1.999575401677715902e+01
2.567184274325403948e+01
2.666697446903917879e+01
2.702085833832754602e+01
2.236966961203938098e+01
2.422562469851509803e+01
2.076866976064030723e+01
2.241718581407903343e+01
2.363934333418391986e+01
2.490557145750787882e+01
2.303987014849055726e+01
2.539801097091803683e+01
2.585329460296749460e+01
2.526424283322320008e+01
2.450381008164672636e+01
2.321082142343166765e+01
1.952763374517352091e+01
2.072250360473652364e+01
1.542529755718621587e+01
1.848835618782910117e+01
2.206025227117381604e+01
2.368732471293714070e+01
2.087313561686630692e+01
2.470271762668197724e+01
2.520683734212627769e+01
2.512259225134166130e+01
2.419136379767796186e+01
2.519779569336867198e+01
2.433376824135878636e+01
2.368851215507592656e+01
2.495884209078182181e+01
2.325398120281785808e+01
2.447351757424776864e+01
2.292475488500408431e+01
2.059963480725347296e+01
2.464080118920199070e+01
2.488616303980642641e+01
2.454521968982497881e+01
2.486893865850986174e+01
2.534457258480827235e+01
2.464561962009717888e+01
2.511286040342540815e+01
2.047107222490577527e+01
1.775580001363106319e+01
2.111713451491156235e+01
1.585480049138355874e+01
2.128170279076810090e+01
2.317909195003259271e+01
2.330593270720395793e+01
2.228723074198866527e+01
2.186991625577495313e+01
2.402267494268682668e+01
2.325938187626892528e+01
2.385408200241677079e+01
2.346876813651523364e+01
2.247469629442524308e+01
2.260091188520821248e+01
2.072620601589346734e+01
1.892351056777669882e+01
2.133853903375114669e+01
1.610321469419047702e+01
2.088816722342889065e+01
2.157586637852159583e+01
2.042867866405757482e+01
2.053415638690743350e+01
2.291239387024763019e+01
2.118788391848081787e+01
1.621176879985342367e+01
1.967078926606124512e+01
2.024208064450636613e+01
1.981406115898840170e+01
2.090998295366237869e+01
1.966210512294732382e+01
1.822398129600672689e+01
2.099992162661040496e+01
1.887059024529452600e+01
1.599071385074426921e+01
1.817114886554254127e+01
2.212937687447890767e+01
1.673844315105615621e+01
2.238077982556247036e+01
2.236257183240824986e+01
2.188710784334708848e+01
2.226819500734012891e+01
2.222086826612997257e+01
2.177880753993512641e+01
2.039657188339623062e+01
2.262853870188902050e+01
2.158738281762698819e+01
2.301708648576389749e+01
2.192306409522881339e+01
2.159552750678098221e+01
2.323112729391906583e+01
2.373917482452220895e+01
2.496235215729074497e+01
2.407703305834303009e+01
2.422444706210349352e+01
2.311752580707122107e+01
2.150309934894716335e+01
2.234821300275404710e+01
2.117497932747977529e+01
2.113439628421471284e+01
1.899523993887696349e+01
1.888065834033236712e+01
1.943525365910334912e+01
1.995685935598148575e+01
2.092157566656197432e+01
1.664631248944392183e+01
2.066818685944336664e+01
1.814505687104858467e+01
1.831026189549989880e+01
1.936776147303883278e+01
1.982299362863357572e+01
2.061566463366436608e+01
2.124262618384480916e+01
2.296417144603050886e+01
1.580651036556938216e+01
1.567725067849647935e+01
1.850802102743601907e+01
1.991578786858388384e+01
1.567041763001607180e+01
1.857584257951954854e+01
1.928584631597553667e+01
1.478303071355028919e+01
1.756055129752074606e+01
1.614509044537931715e+01
2.350536906542791016e+01
2.108227244312861259e+01
2.862063601868156226e+01
2.272428070888575746e+01
2.045614270535505952e+01
2.100297656788797696e+01
2.470615007353933379e+01
2.310424332213953491e+01
2.099094290329449919e+01
1.848484512350868059e+01
1.978537090395934683e+01
1.877104432499728048e+01
1.794181918186583147e+01
2.088653784412132453e+01
1.714140431508568696e+01
2.709726786699533108e+01
3.115726449871950621e+01
3.123551827546985749e+01
2.915374461507233761e+01
2.940105975866554999e+01
3.081379630063795361e+01
3.266285443071944883e+01
3.228541909347661232e+01
3.163797918467110648e+01
3.173725966015491196e+01
2.771417671104475033e+01
2.483883756187217529e+01
2.415035664258559933e+01
2.679243801205892339e+01
2.479085832271820067e+01
2.700034042208112339e+01
3.052702092745302664e+01
2.785152938642997711e+01
3.148294115434980611e+01
3.050899955039806244e+01
3.160705398858880955e+01
3.301051267442447568e+01
3.043065532590428646e+01
2.912383518644668712e+01
3.096821871764337075e+01
3.238792768276344702e+01
3.170099218206820169e+01
3.077874480564928206e+01
3.235313354515856332e+01
3.103877777886633638e+01
3.237444163622668469e+01
3.189780740290885674e+01
3.208754409576873456e+01
3.040795810720924308e+01
2.794550137406081092e+01
3.036784707740322276e+01
3.093570671276339823e+01
2.845417071518547303e+01
2.646217277517594724e+01
3.088915556489024183e+01
2.753285504129394212e+01
2.462269042019088516e+01
2.727952145867724454e+01
2.658084600923520213e+01
2.469359267598634489e+01
2.844956721760105367e+01
3.155601260910131600e+01
3.138523065693883751e+01
2.950704578302578796e+01
3.193250850000328001e+01
2.855805791979586417e+01
2.546548290700199502e+01
2.693840922822682415e+01
2.859785570554009126e+01
2.939713226280207792e+01
2.458737126098128201e+01
2.456918864093104204e+01
2.647977992637016342e+01
3.073717063503934455e+01
3.166712440697557085e+01
3.079962517863323868e+01
2.937411350515088415e+01
3.135580631390996942e+01
2.963809317555949008e+01
2.773734865887115575e+01
2.309004346104181238e+01
2.457197721724239159e+01
2.870573939377014483e+01
3.025328524274551967e+01
2.989094920697499802e+01
2.996853846706352442e+01
2.905843432178025409e+01
3.004343249399816074e+01
2.920020274431793439e+01
2.795489934493918227e+01
2.624136577750583754e+01
2.935058598155831788e+01
2.957973572801066453e+01
2.900559712803074675e+01
2.890365262932212076e+01
2.709235344185594130e+01
2.353121055876245293e+01
2.572726118786522420e+01
2.567822321524629814e+01
2.536151426399566944e+01
2.360836643194980411e+01
2.384175826573303070e+01
2.468049188032404118e+01
2.429045210570637181e+01
2.580369717048994715e+01
2.240492625470908905e+01
2.309659732945616994e+01
2.419490741158283953e+01
2.487502033607153251e+01
2.483918487167809630e+01
2.598641705957502879e+01
2.614736304886522333e+01
2.694272093816411484e+01
2.635201931362299987e+01
2.464798166855892703e+01
2.586047926253543849e+01
2.631229937662042317e+01
2.623896283663505002e+01
2.458247499711947981e+01
2.671785159901151019e+01
2.679231458889098860e+01
2.506905249398377578e+01
2.344379823398378804e+01
2.274917226807875181e+01
2.242230855620847052e+01
2.144040026144818967e+01
2.056587932416007547e+01
2.199562185677560677e+01
2.170344195168598134e+01
2.003975498467767835e+01
2.011116427124298411e+01
1.971418079925923550e+01
1.955890922738984372e+01
2.172966758701713275e+01
2.016799713944458006e+01
1.545509651897803316e+01
1.817412325589330280e+01
2.398504848858288341e+01
2.387878432937817053e+01
2.597773315535757632e+01
2.634686343064272052e+01
2.578386026972204448e+01
2.640538042771780525e+01
2.760341969325972400e+01
2.778632304765174865e+01
2.719073376537377484e+01
2.698686401863202633e+01
2.610305627594080491e+01
2.618604302352407487e+01
2.931432172293349225e+01
2.966428310680786851e+01
3.024304373526924650e+01
2.959736404052518566e+01
2.813610276133004717e+01
3.013898975832540827e+01
2.990494108791671124e+01
2.978880334804631858e+01
2.814515216709784440e+01
2.773814954533779442e+01
2.863352711453327260e+01
2.916248711806513327e+01
2.901705059211118254e+01
2.884850637525228834e+01
2.883670476795855819e+01
2.941407940957149236e+01
2.939145470749080502e+01
2.907889364313377101e+01
2.972144752213431573e+01
2.989626333405774972e+01
3.019312518154157132e+01
3.020059728473718863e+01
3.016953259201111237e+01
2.971289443626064752e+01
3.049823214178108088e+01
2.949200475765751506e+01
2.975073949900528092e+01
2.704866861141456980e+01
2.915779799299594188e+01
2.873251099460207314e+01
3.103811765937304301e+01
2.693495246364887663e+01
2.947568563612882642e+01
2.663175063109763485e+01
3.052960752986905391e+01
2.762836366863174220e+01
3.058601432534587161e+01
3.146280052996226928e+01
3.116109930524500271e+01
2.787638002070833565e+01
2.983241418021452063e+01
2.927343813074394063e+01
3.074836289573203629e+01
3.079443211586018947e+01
3.059750402463259178e+01
2.558871843425135850e+01
2.499467650686762354e+01
2.615141372863178049e+01
2.670534783210539587e+01
2.227745243373360751e+01
2.560021824982371186e+01
2.615410554607250049e+01
2.634312607239252912e+01
2.534289332023178787e+01
2.292070811486627946e+01
2.067821887700354822e+01
2.569657344765925444e+01
2.592203611803007490e+01
2.503670331262735615e+01
2.418466833163122942e+01
1.958113588680225448e+01
2.271715975695748568e+01
2.015566219851363883e+01
1.474307336957003223e+01
2.196064311180823481e+01
2.030523064520315302e+01
1.531517364410647275e+01
1.611774549507163456e+01
1.695967455400451129e+01
2.647824774533396663e+01
2.652344982176277455e+01
2.716764691283141886e+01
2.787140813871351597e+01
2.809807251471877976e+01
2.821182021946530583e+01
2.773945429102863258e+01
2.764680798876355183e+01
2.784279568373880664e+01
2.872119883894507808e+01
2.938098225205587255e+01
2.603851854176163272e+01
2.780570344487888690e+01
2.808443699305414398e+01
2.836572247625167620e+01
2.793685816147744561e+01
2.532645889040224674e+01
2.623641798828300864e+01
2.518051863284956227e+01
2.570156365168498525e+01
2.512079480988118974e+01
2.571591715987463189e+01
2.610931899693639124e+01
2.581406549100094594e+01
2.502273671836505287e+01
2.515593098424535157e+01
2.556730263675629189e+01
2.537188555762601183e+01
2.565501449746953710e+01
2.578848939378892169e+01
2.610226800073745324e+01
2.578642544129733594e+01
2.653449204430576103e+01
2.194560830073805135e+01
1.650827644998282651e+01
2.346078171331435058e+01
2.000699164533954999e+01
2.121886523949953940e+01
2.601101515102049433e+01
2.758811904737166998e+01
2.803847333102414296e+01
2.760542343498966034e+01
2.797320571428398850e+01
2.742621967367010782e+01
2.796251303674389277e+01
2.651119923622260899e+01
2.694958014109440469e+01
2.874619602650324879e+01
2.856515509368736971e+01
2.777164869024464267e+01
2.695908710172886202e+01
2.334573946743780937e+01
2.527380282704777414e+01
2.711074098469982374e+01
2.770519942621184484e+01
2.465834841122914867e+01
2.423363119200738680e+01
2.518940465528613615e+01
2.616355341143099622e+01
2.645600919750548030e+01
2.450985123220475259e+01
2.361250063533649524e+01
2.577328068336027656e+01
2.290620648570127571e+01
2.682420384644028388e+01
2.403045871883534446e+01
2.640165321905939066e+01
2.671630248573787370e+01
2.615972332102805353e+01
2.398026086179254079e+01
2.553711603161720944e+01
2.575893229772195525e+01
2.486193098502889498e+01
2.231664543355368480e+01
2.171740711894752351e+01
2.327370395068339803e+01
2.505109211420175086e+01
2.494394669866104408e+01
2.563803158500228818e+01
2.515139943396817657e+01
1.955903847712583143e+01
2.607343033151700595e+01
2.886263426725265901e+01
2.985119011712555448e+01
2.726506403869307960e+01
2.235253739194364186e+01
2.208663153324041062e+01
1.769752972938158209e+01
2.193404282290330087e+01
2.028619866329863797e+01
2.513303523668238526e+01
2.287869337034413064e+01
2.601705079417680011e+01
2.684186254555328688e+01
2.806407119145803009e+01
2.661633166177023924e+01
2.803567381675730630e+01
2.627717366475295790e+01
2.228429538766196671e+01
2.779065808015027983e+01
2.837216729264892479e+01
2.814956530516230870e+01
2.796113228691447006e+01
2.819659490619636699e+01
2.374450376023698439e+01
1.968172553699119476e+01
2.185909599416136473e+01
2.236552542171886060e+01
2.024606763838918155e+01
2.443969519735386342e+01
2.616317462134171379e+01
2.612789834322489924e+01
2.233425024427891614e+01
2.389763248391344774e+01
2.514973663460176567e+01
2.713051976937281395e+01
2.696366687820001573e+01
2.449359293180691921e+01
2.656003685663915803e+01
2.403922864773619139e+01
2.057113543354915919e+01
2.563485617377035197e+01
2.647149090708904140e+01
2.692529157826357178e+01
2.732041441257943859e+01
2.647761187910285940e+01
2.704753425403008649e+01
2.385512427766048660e+01
2.543444078425867616e+01
2.683408280801334200e+01
2.670776274794961935e+01
2.684745263253752512e+01
2.745026902516034539e+01
2.698992621013012183e+01
2.722794359343927439e+01
2.650050299887543304e+01
2.470281123280925328e+01
2.708391001558742062e+01
2.509858677980371766e+01
2.501584745305471102e+01
2.671500969858215058e+01
2.818076094834900758e+01
2.843712385535677711e+01
2.709739987759993340e+01
2.640598945751364468e+01
2.748453502238159629e+01
2.424765496724065272e+01
2.389102843848030844e+01
2.085974123503905631e+01
2.197852261752338876e+01
2.256909517558806044e+01
2.194589898966819419e+01
2.315976944109701208e+01
2.313679085386372236e+01
2.062993301440068095e+01
2.014617354655687365e+01
2.289705261427180716e+01
2.543250788348452218e+01
2.483867678473430729e+01
2.612896578663411162e+01
2.410006622789655495e+01
2.119013650332356491e+01
1.975261194917373331e+01
2.557359776586639910e+01
2.421886320148297855e+01
2.649360948670749849e+01
2.646709115232751230e+01
2.737868842779482392e+01
2.811775820711238438e+01
2.784422478846122928e+01
2.568453077908787918e+01
2.619484831494765587e+01
2.522681955443476198e+01
2.793037804827934067e+01
2.852002047774458759e+01
2.870362628684771522e+01
2.853156579663711767e+01
2.750912725835259565e+01
2.807582299517706304e+01
2.777200277866988642e+01
2.690406812555200844e+01
2.660815713346394062e+01
2.764594101768833667e+01
2.793011808570936338e+01
2.869867532981821157e+01
2.887617218443071820e+01
2.875164475292871558e+01
2.790261201319002993e+01
2.957992708674344939e+01
2.803770694925635709e+01
2.406311969621222602e+01
2.218299573932981872e+01
2.017425157214710296e+01
2.098506629072934615e+01
1.997673342761156334e+01
1.930497673775277789e+01
1.851286646901786881e+01
2.013456670966364470e+01
2.082602692598612038e+01
2.802292095657526971e+01
2.566699006189177013e+01
2.794398401946765631e+01
2.566734717494857065e+01
2.409661537531640363e+01
2.186570965654919974e+01
2.295679052049028002e+01
2.452094964689523593e+01
2.684808370394682342e+01
2.623347548323126333e+01
2.405768621513185224e+01
2.852303974969886724e+01
2.976230872553528783e+01
2.982386215904638149e+01
3.011950992721342857e+01
2.991689330708858208e+01
2.808001257364584546e+01
3.022775556501471073e+01
3.015736528606444722e+01
2.926596376991064119e+01
2.475779645728543699e+01
2.642995539721952980e+01
2.932703271186761640e+01
2.986625999060550640e+01
2.944267455307678105e+01
2.982556027099789375e+01
2.905911344159010312e+01
2.860938770684927945e+01
2.628574838112861300e+01
2.792545335005820917e+01
2.202637894797044638e+01
2.251443332281704457e+01
2.811013903453020291e+01
2.697673605630965454e+01
2.753681996203767213e+01
2.568283515752694512e+01
2.527877782712554833e+01
2.394404732355659959e+01
2.246582765188428610e+01
2.220856887136658742e+01
1.237290134944175435e+01
1.616350407625341390e+01
2.275698658833166377e+01
1.317979570195857697e+01
2.133035275989798407e+01
1.384852595918531826e+01
1.886708005440913638e+01
2.186690101758582117e+01
2.372031058423256411e+01
2.408480695578902342e+01
2.265589557997465420e+01
2.329558130758243806e+01
2.308217430619519916e+01
2.512018695701085846e+01
2.353255249764711365e+01
2.416888967773619612e+01
2.156966787844160649e+01
2.364940273315522745e+01
2.454296004181151147e+01
2.383670366582525091e+01
2.528769928985576954e+01
2.518988322188948104e+01
2.509116256699628167e+01
2.693902670843385749e+01
2.736579077970544915e+01
2.744911212605320827e+01
2.739534616371610198e+01
2.779889889891512667e+01
2.655802373160624796e+01
2.471304811620587927e+01
2.664321684801877055e+01
2.282738044432685243e+01
2.470468101100305347e+01
1.919032220250235454e+01
2.129751676804506033e+01
2.166879395035205746e+01
2.898545811383539927e+01
2.891075660981201523e+01
3.021928316704341810e+01
2.986741597690031469e+01
2.810223743785578066e+01
2.715322788343260640e+01
2.314101519113614103e+01
2.507284969858723045e+01
2.212122526697783798e+01
2.394170287172130784e+01
2.136256341762441480e+01
2.579026956419315653e+01
2.365819082573466048e+01
2.287907421855918244e+01
2.080668647374819358e+01
1.410496476916190112e+01
1.629882166806230970e+01
2.215319945847017635e+01
1.703684734523680433e+01
2.390464804773188234e+01
2.653187912645294233e+01
2.561859035574543242e+01
2.602368661898395530e+01
2.612277672406974460e+01
2.497187690691938045e+01
2.057354360395505566e+01
2.424671554454867106e+01
2.599576495561078815e+01
2.626518379287790594e+01
2.520841057500751248e+01
2.349476238620012225e+01
2.626455001211746776e+01
2.474115252154353684e+01
2.462048298436961957e+01
2.107701894431009038e+01
2.533084905532483333e+01
2.621626544932402325e+01
2.553879723504064359e+01
1.882848251323258992e+01
2.196026063615203228e+01
1.959994484893216082e+01
2.445503463216800100e+01
2.591134201830275074e+01
2.607186739529750241e+01
2.343570816914356314e+01
2.473423661539218443e+01
2.576574738604212911e+01
1.864109293474030338e+01
2.003467834570147943e+01
2.300899066813850879e+01
2.042333404926196749e+01
2.135624497024415902e+01
1.989050800599416036e+01
2.095423068541165890e+01
2.333673436783641009e+01
2.017123715355278435e+01
1.992369870896969530e+01
2.385021432655378604e+01
2.449899264348535866e+01
2.422198217461779279e+01
2.439118691433863617e+01
2.408525590350492962e+01
2.378268358597392051e+01
2.491519652765647663e+01
2.474131227775551523e+01
2.375978919421831392e+01
1.783806810774587603e+01
2.190555857357761482e+01
1.777177565573940754e+01
1.793936071214892181e+01
1.998494426444936067e+01
1.791900629639819087e+01
2.533464044909210600e+01
2.004887387677764110e+01
2.481335058566311957e+01
2.466670794167787761e+01
2.495533065231765235e+01
2.563225776473263195e+01
2.466127912419280932e+01
2.527995559390923574e+01
2.168771592615729915e+01
2.440305442480791243e+01
2.540124048784277733e+01
2.468115563787781852e+01
2.097103298757081546e+01
2.008703902945514486e+01
2.000472303523789463e+01
2.091478242530068599e+01
2.517257708759057167e+01
2.398212820548108226e+01
2.538352042316285662e+01
2.597691203985928610e+01
2.460107310986052909e+01
2.144659464165250640e+01
2.263775110867170071e+01
2.252912555311194254e+01
2.723977601989293973e+01
2.858560967820052312e+01
2.874130259888979566e+01
2.784809793907296438e+01
2.632025185149751678e+01
2.795324590153419564e+01
2.525973073416098913e+01
2.478272253572634298e+01
2.377928084392701535e+01
2.466324298296093431e+01
2.181945273221234771e+01
2.142820095376922396e+01
2.591268779537261935e+01
2.734561209089782707e+01
2.309622426657254479e+01
2.941058044577845365e+01
2.874895963737284177e+01
2.734513395706421690e+01
2.800478450898698668e+01
2.916805845432441657e+01
2.824632265346613735e+01
2.653285163893926679e+01
2.970798448511471790e+01
2.352494926360694905e+01
1.975151432207673707e+01
2.205767854834381581e+01
2.596431126017346003e+01
2.665896329957902822e+01
2.681858087623666265e+01
2.709332572785536186e+01
2.822703375439804319e+01
2.895233606930874615e+01
2.832415466368480139e+01
2.870364705270325700e+01
2.926253088202971142e+01
2.924276278585538336e+01
2.875551245656989963e+01
2.841992630820021404e+01
2.919560754300675498e+01
2.659882608598296727e+01
1.803930243161862279e+01
1.957191311937103606e+01
1.497842765627866157e+01
1.978700720370106936e+01
1.796907346333410516e+01
1.823879285090165325e+01
1.542951509963815226e+01
2.025795205152200040e+01
1.808452830410383427e+01
2.137677883721659100e+01
2.302745719527425905e+01
2.290984921553251752e+01
2.185533965788895827e+01
2.302030778927324306e+01
2.354785882746806180e+01
2.282223728317563882e+01
2.293601132066512704e+01
2.256008332145458795e+01
2.396757230888584900e+01
2.388539054965940878e+01
2.409394874966292832e+01
2.205614374346875550e+01
2.390691927982812359e+01
2.570442876167511770e+01
2.788512029083241117e+01
2.679286603737131145e+01
2.754353845994440775e+01
2.657591244978675959e+01
2.768797939990562540e+01
2.652311111220880946e+01
2.837152300096040136e+01
2.768929376773987983e+01
2.778319990201501355e+01
2.805432885652226105e+01
2.794418609029925449e+01
2.589450610088961824e+01
2.364386926764314012e+01
2.173466203645514838e+01
2.343566701719896628e+01
2.431520069687077878e+01
2.264902365738549861e+01
2.203174954274831876e+01
2.140417032712832679e+01
2.370891243808618043e+01
2.378257299190110530e+01
2.274578731437075874e+01
1.947030397461766427e+01
2.386493186346530138e+01
2.146819038817125858e+01
2.457227305556454411e+01
2.487220457264869111e+01
1.652994768089066113e+01
1.759754334338386883e+01
1.844756335248537482e+01
1.811043588708222885e+01
2.002130511985324901e+01
2.009763166585593552e+01
2.045627395131755577e+01
2.274322376395062761e+01
2.445761321751415451e+01
1.880872769638271080e+01
2.012948140661758956e+01
2.312316584499338745e+01
2.680124698558028129e+01
2.619786587358692742e+01
2.687438136454696647e+01
2.678173866661660441e+01
2.466491320684710331e+01
2.166461536141837740e+01
1.849372858861359958e+01
2.180743493825654156e+01
2.003437606245880076e+01
2.449872806748917142e+01
2.596674919652079083e+01
2.571850605482666552e+01
2.545881870012547665e+01
2.457112656735342071e+01
2.543074231627745263e+01
2.349679381078541951e+01
2.252628121791886429e+01
1.877097815920572188e+01
2.030432781438450718e+01
2.077658966100537441e+01
1.934186765330428415e+01
2.025842877632562633e+01
2.078430821824541752e+01
1.995275816171221805e+01
1.837671584267724967e+01
1.893006160964370110e+01
1.778311006597990129e+01
2.047596753761946786e+01
1.597192987890703186e+01
1.802563911606606695e+01
1.894100923867489428e+01
1.688478750105267068e+01
1.986391775852407093e+01
1.656335635107377513e+01
2.078357633063247789e+01
1.449568854645844773e+01
1.872173198008500350e+01
2.064403398170276205e+01
1.590586060678523417e+01
1.666517821030073065e+01
1.631329191574065263e+01
1.810001505937674438e+01
1.765837572388333143e+01
1.711923370344152673e+01
1.670399742252993391e+01
1.267219770500361520e+01
1.420577858581282094e+01
1.424596044000626627e+01
1.551633760079379698e+01
1.615803813927157506e+01
1.287084389658747696e+01
1.709971833468458158e+01
1.685536572701492375e+01
2.082394817720205538e+01
1.955470686198509966e+01
2.084393490607255117e+01
2.057464048381509514e+01
2.151415384734746894e+01
1.994038789681472323e+01
1.865963072826891178e+01
1.739332356894838227e+01
1.975604166458950317e+01
2.155619166615185733e+01
1.887983444830409496e+01
1.968410536336638472e+01
2.076237295808734729e+01
1.649335714925954477e+01
1.658604743761935651e+01
1.873317417690368814e+01
2.195403000605308463e+01
2.382009874116572945e+01
2.347713071755548953e+01
2.383994452012429122e+01
2.269858143434760223e+01
2.125472693292928739e+01
2.348768524491254084e+01
2.330962222513564797e+01
2.280296113215946718e+01
2.278163886737966948e+01
2.291238166590646586e+01
2.311412493605567420e+01
2.283077356829254967e+01
2.383402471326856542e+01
2.354136923217605926e+01
2.417571251440611135e+01
2.337181231534951564e+01
2.472445829654000704e+01
2.462815427723007389e+01
2.455295581257446003e+01
2.470011219540776182e+01
2.359863157222186203e+01
2.275490608317836561e+01
2.187777313317720385e+01
2.114611965457602594e+01
2.161131277840660303e+01
2.041312263474610234e+01
2.076502237658912620e+01
2.229415563164855740e+01
2.363762674253231211e+01
2.165368529868624492e+01
2.157119012244395506e+01
2.312952034981228877e+01
2.543888251492884933e+01
2.443337577974194375e+01
2.532092583653423290e+01
2.426005085095402691e+01
2.574708736523302122e+01
2.511034061447361054e+01
2.535390554358601278e+01
2.334239805422727798e+01
2.510604333409500555e+01
2.537711366427004833e+01
2.500876886827235879e+01
2.422319411736087247e+01
2.629959643978591544e+01
2.585723782957624195e+01
2.592640815211262861e+01
2.462342428872400291e+01
2.623037418243726648e+01
2.553636681875406467e+01
2.397600729371016826e+01
1.846990861458091260e+01
2.060338162190094380e+01
2.209361161507797533e+01
2.035737596862743359e+01
1.786187216769966568e+01
2.046476932083750810e+01
2.336763805596606147e+01
2.369743800358306629e+01
2.056279608533971626e+01
2.229689052225797852e+01
2.311136633112241157e+01
2.023502551216668977e+01
2.380686050193013514e+01
2.317555006384580096e+01
2.337734134649508988e+01
2.245009563008957798e+01
2.287853989229442675e+01
2.117785171924396082e+01
1.825281178352316047e+01
1.750167943439507212e+01
2.165368576615882290e+01
2.194486509668115204e+01
2.424249057788354378e+01
2.300989465247528898e+01
2.486326491739431077e+01
2.317911424237820839e+01
2.425085592035457438e+01
1.991093072410719955e+01
1.856911626632961188e+01
1.495807010855696717e+01
1.379563107730389149e+01
1.350638149900811769e+01
1.691236449119066521e+01
1.789211350867741501e+01
1.494267519759678642e+01
1.632746158233139866e+01
1.936362147074454043e+01
2.365647795849289992e+01
2.388578644397021833e+01
2.234979708955573585e+01
1.862246951341797896e+01
1.759904902926926695e+01
1.707426307524681519e+01
1.953992441084524145e+01
1.878503112998400582e+01
1.995732878951801936e+01
1.886152953329311188e+01
2.003258212579835629e+01
1.980876882966796515e+01
2.002858907232356600e+01
2.237793064719328129e+01
2.066713373851776936e+01
2.134188052343377606e+01
1.888605960196632338e+01
1.994246051641673745e+01
1.659928425482319980e+01
1.656972039262136676e+01
1.716881876790823114e+01
1.687701365384323893e+01
1.771439096027777182e+01
1.936987977858883525e+01
1.842661047081124792e+01
2.069185640767724266e+01
2.269179570938806023e+01
2.322846522104912381e+01
2.206983636285862715e+01
2.316585370660304122e+01
2.166003960996809141e+01
2.035333484755528843e+01
2.208987748203627888e+01
1.613066046855309210e+01
1.541844015461865602e+01
1.383562578588159653e+01
1.507809673171349729e+01
1.724631309428927040e+01
1.902589592323306178e+01
1.693056447655371244e+01
1.927087339754729811e+01
2.041103430299762067e+01
1.470254688637550800e+01
1.661260222467633341e+01
1.582311127342368806e+01
1.768692398190394499e+01
1.688604382629024059e+01
1.711017794622528498e+01
1.686231170613263686e+01
1.336567853482404900e+01
1.495947635189388158e+01
1.668560096155367134e+01
1.088737824563281897e+01
1.703725715442275046e+01
1.829105388078929195e+01
1.803396709463920189e+01
1.750952961486941462e+01
1.323519451328644436e+01
1.313527730984438868e+01
2.140016040041518153e+01
2.500624920108949567e+01
2.276219272377309366e+01
2.587370723522850469e+01
2.606019834672668622e+01
2.622218791995685194e+01
2.466837615089893632e+01
2.495409322525051010e+01
2.038562702789944225e+01
2.555675100621495588e+01
2.602945276598837410e+01
2.484536070313442124e+01
2.471488705910757488e+01
2.256052239994927433e+01
1.958162960841634259e+01
2.426185611304278211e+01
2.389735838835139603e+01
2.571298269752766430e+01
2.578009374787916386e+01
2.157481721484040804e+01
1.897984912708394845e+01
1.437566205729823920e+01
1.000297579993801733e+01
1.961184933161409560e+01
1.171545527772516238e+01
1.392795628554880594e+01
1.234479403485200066e+01
1.638985043232657901e+01
2.118058324253603431e+01
1.685177550182983452e+01
1.374114768414642285e+01
1.105576522483114665e+01
1.524075686796871665e+01
1.093934071375916162e+01
1.420815006395574187e+01
1.750439449165382300e+01
2.115770488834906260e+01
1.534177705857181984e+01
1.866246504900243153e+01
2.276619223574281392e+01
2.259937182844665671e+01
2.104226808765077550e+01
2.198335583481657807e+01
2.429742658408127198e+01
2.219109739220380462e+01
1.859628039581172487e+01
1.948519326444762712e+01
1.731067022001992939e+01
1.640428222272231551e+01
1.652170778203188206e+01
1.651096836067723927e+01
1.564775458848286505e+01
1.189501086422580833e+01
1.777813061693549912e+01
2.014051692324336429e+01
1.893229468217672107e+01
1.901998349285558376e+01
2.006904870174074773e+01
1.943100340682354954e+01
1.995138726435787291e+01
1.853528091029853186e+01
1.723871498179276429e+01
1.931154273577706348e+01
1.981374556190095149e+01
1.848319739168287867e+01
1.887418930912389925e+01
1.921486316126840421e+01
1.767231725368706918e+01
1.804375840756273774e+01
1.770562746732175441e+01
1.781308346819280075e+01
1.423778659328299767e+01
1.852261449183649589e+01
1.923226522750612588e+01
1.850350103181520467e+01
1.957579244020561049e+01
1.905254221874049492e+01
1.946707722462146606e+01
2.081558163413709650e+01
1.810985252882892738e+01
1.871310202457916816e+01
2.010536495051023920e+01
1.740564240096664861e+01
1.759871037356304768e+01
1.802109828218776499e+01
1.891184297560314675e+01
1.715071234506487130e+01
1.858770917653860266e+01
2.126511197447922186e+01
2.152826151159656831e+01
2.184005545858141062e+01
2.225386428612562639e+01
2.314464857648999185e+01
2.317879419798148177e+01
2.172289763578546484e+01
2.304241989816544489e+01
2.245408520504253147e+01
2.323996708018952617e+01
2.241044261413894034e+01
1.922235566513916893e+01
2.188081397195177402e+01
2.261557267454055520e+01
1.857058633110167989e+01
1.886820566855402248e+01
1.584705653184713015e+01
1.788591309640565186e+01
1.694936185435215137e+01
1.881264060205471011e+01
2.224200448412901920e+01
2.120666640963098004e+01
1.892976898161719390e+01
1.705257995998336185e+01
1.552078569484060466e+01
1.775715212662273856e+01
1.591862148953758549e+01
2.002342974596993841e+01
1.765118287765418970e+01
2.093287716069495730e+01
1.802393179089357389e+01
2.002811335197088738e+01
2.284631610205208574e+01
2.349547943981268006e+01
2.178569801038534237e+01
1.375855267363129997e+01
1.269788421290135005e+01
1.356184547844830846e+01
1.536831990969849571e+01
1.464984040556500666e+01
1.686589131068818048e+01
1.924697755960114520e+01
1.628585568981262810e+01
1.436670464855121310e+01
1.930491643755352271e+01
1.894343399365435943e+01
2.112391251115828794e+01
2.033274035586032014e+01
1.348640962639240826e+01
9.930442447775270409e+00
1.900921110425991856e+01
1.538786662746280598e+01
2.062221199763898838e+01
2.153249457744968964e+01
2.034654144754713201e+01
2.097737622794020851e+01
1.472100909283099845e+01
1.439166974589090664e+01
1.114609050934920198e+01
1.038578578475398650e+01
1.402073422533927882e+01
8.279246786132677727e+00
1.042504284093702793e+01
1.489564573407858639e+01
1.870230897671996928e+01
1.825487998187738725e+01
1.976983822421536274e+01
1.971368550562826627e+01
1.880919485996829010e+01
1.696109225956467981e+01
1.741100598683889444e+01
1.970311132898553552e+01
2.111212531940232751e+01
2.127869207526808992e+01
1.981049321186656798e+01
1.746675853415939628e+01
1.938342306582477548e+01
1.811517065373052660e+01
1.986488956997535382e+01
1.641286198584974443e+01
1.810461815245588824e+01
2.037520889679523961e+01
2.119466898478597017e+01
2.453825326448946953e+01
2.410653787532104531e+01
2.454851764735135689e+01
2.474042352015782598e+01
2.494190595240385733e+01
2.488723866062701262e+01
2.510243711554970147e+01
2.167844722457649453e+01
1.947707016741205166e+01
2.309455157066422260e+01
2.460285257457232788e+01
2.441895423169206936e+01
2.295367532638312369e+01
1.784104174481068483e+01
1.391981422708299476e+01
1.884394576400538668e+01
1.331306242772678772e+01
1.310845336965441810e+01
2.007385813044889389e+01
2.442557428858380320e+01
2.484745749600955733e+01
2.478462788467340516e+01
2.503938978552751848e+01
2.452775007715711908e+01
2.446387492411871278e+01
2.376256505500539262e+01
1.977490853028974271e+01
2.202928834739107344e+01
2.344804527464945210e+01
2.242571343939344786e+01
2.445417488315914767e+01
2.435300178188660425e+01
2.494932814358863027e+01
2.448463916224116943e+01
2.519238262709371767e+01
2.460330208399450669e+01
2.363577309420385930e+01
2.224166329707394496e+01
2.066877548300536205e+01
2.162706461127831403e+01
1.967029113702836085e+01
2.177422720532686284e+01
1.434283910106328008e+01
1.753137893269196823e+01
1.535416797875455153e+01
1.515749661175715701e+01
1.771086067060232239e+01
1.243167877766841123e+01
1.178881160627134150e+01
1.480725050496633166e+01
1.812847157657538233e+01
1.602889803819532233e+01
1.529393492434760660e+01
1.213454206748665953e+01
1.501843776474405701e+01
1.748490726505725945e+01
1.801558365718308607e+01
1.878350574910318826e+01
1.636223395762109334e+01
1.788192773514467149e+01
1.672228393339709029e+01
1.562313295204669927e+01
1.857470580877472344e+01
1.847260804335581597e+01
1.829294441928853132e+01
1.801129822720563567e+01
1.716433898784562473e+01
1.787050500666451924e+01
1.730402737438878802e+01
1.815174019798030614e+01
1.448511853942644123e+01
1.436151695436676690e+01
1.700195009872114227e+01
1.999376142871714279e+01
2.323729386186608181e+01
2.320204918098741587e+01
2.418446553759057238e+01
2.381066869907162342e+01
2.530531093073795645e+01
2.246391922805374364e+01
2.254046905904231934e+01
2.202355450433539374e+01
1.540206421361128619e+01
1.769229997024475054e+01
1.111605941051816160e+01
1.109943506198056795e+01
1.610417529205030363e+01
2.176529737572928980e+01
1.669469048769581221e+01
1.935073416617132835e+01
1.683556862623432693e+01
2.010692897964189996e+01
2.117374376358144517e+01
1.332984019597175518e+01
1.809368714001352885e+01
1.439259894110765892e+01
1.491564383713489050e+01
1.779275773799849247e+01
1.671128781598053692e+01
1.839552736849520542e+01
1.811567946091646419e+01
1.934148769063551754e+01
1.878549080801762727e+01
1.924081735905103585e+01
1.964091484826972689e+01
1.911523954018165838e+01
1.988987191095293383e+01
1.967321263732457481e+01
2.101100676381955523e+01
1.941439025890163705e+01
2.156171238898244269e+01
2.478740915957875401e+01
2.411046851523246914e+01
2.473252716381202987e+01
2.449148340373583110e+01
2.536718557508090299e+01
2.543204672056304716e+01
2.104904779724332897e+01
2.272807956671402252e+01
2.386352707449884036e+01
1.771910559754422110e+01
1.871072778298299966e+01
1.677148424725790221e+01
1.504651757338407236e+01
1.776431390098347407e+01
2.055269293252213103e+01
1.598470483478065773e+01
1.676145041448360828e+01
1.991321149958337600e+01
2.339972830323641872e+01
1.830383181583603047e+01
2.433141335794972093e+01
2.081633828598274860e+01
2.389228003114648757e+01
2.496277517609610896e+01
2.441474787226226439e+01
2.396798312510949103e+01
2.355908397902306106e+01
2.342695812926095300e+01
2.294488095484748769e+01
2.424630870740187660e+01
2.065770143950159365e+01
1.709205550858570177e+01
1.459250716349133725e+01
1.732055968698894688e+01
1.832200787099546346e+01
1.827019218100323172e+01
1.331343009417364875e+01
1.434409706491861236e+01
1.679709314535450559e+01
1.540273468688171121e+01
2.308593527188151029e+01
2.437893017385811234e+01
2.391354625806510015e+01
2.532764315628754304e+01
2.472296200274909950e+01
2.498238632431505835e+01
2.312474144674064647e+01
2.367838550302852596e+01
1.875331123282384738e+01
1.569232237696732568e+01
1.963687282257583888e+01
1.772485223719193925e+01
1.770136842147987366e+01
1.785349591829736582e+01
1.699312737118522065e+01
1.990012690533101747e+01
2.140186741565582196e+01
2.186307760727550686e+01
1.949920061058180210e+01
1.639088497370600450e+01
1.622789638402357326e+01
1.707896559771043599e+01
2.041886517823246905e+01
1.579864762431517811e+01
1.697398469293686318e+01
2.320560034534667437e+01
2.071814385349608045e+01
2.240167157043928015e+01
2.021422075178722721e+01
2.184803750083355922e+01
2.373153116564413523e+01
2.340901034536205216e+01
2.412804237605534041e+01
1.599477643081082867e+01
8.389744067455385590e+00
1.559106719139924557e+01
1.919399849818329074e+01
1.331622554990207163e+01
1.294163623262210194e+01
1.524472953386983320e+01
1.457252713988047077e+01
2.225974854090153343e+01
2.252081525008268770e+01
2.263113676254925366e+01
2.222858572076151873e+01
2.473985371586282511e+01
2.233435748430298418e+01
1.882361257971156476e+01
1.831210344185738137e+01
2.340285303200151290e+01
2.440987911264167920e+01
2.335692472240575768e+01
2.545163371831234755e+01
2.385627607784503468e+01
2.498085052264372052e+01
2.367557066271913158e+01
2.411138320869557106e+01
2.285120128254363081e+01
2.108846701414064029e+01
2.363107243620868303e+01
2.508568106608631965e+01
2.233218565738166461e+01
2.044981532565398652e+01
1.809096639474769930e+01
1.667475013377537607e+01
1.802688616827542489e+01
1.740526365789098406e+01
1.732916861842375056e+01
1.834823994118324109e+01
1.730349026777151877e+01
1.865734457763819165e+01
1.874872199854416621e+01
2.133643638592313607e+01
1.872790356494742170e+01
2.001248967056331196e+01
1.847321945955600597e+01
1.998625120808494771e+01
1.605724650025488742e+01
1.506044329374664059e+01
1.736995312226979138e+01
1.747159769244756689e+01
1.650856361063654987e+01
1.513297423227361982e+01
1.647590166173813842e+01
2.116313157682350976e+01
2.171310184704266177e+01
2.107478767267312847e+01
1.899391961783859628e+01
2.070941749693421841e+01
2.300316163483367760e+01
2.581038632838775726e+01
2.593908226592349564e+01
2.580573441216144204e+01
2.603174674459527438e+01
2.489033336419870679e+01
2.594664579258615333e+01
2.360576849810765410e+01
1.884497842185300343e+01
2.489437492194734602e+01
1.827167985405182193e+01
1.302171320760179007e+01
1.090172771665123541e+01
1.609416307834906235e+01
1.493588956449852567e+01
1.166749443252220786e+01
1.787487195577890731e+01
1.715804527117447975e+01
1.335114051532402435e+01
1.367068169230774011e+01
1.560633602509133055e+01
1.719599421113561988e+01
1.477392809115859151e+01
1.490520934202032421e+01
1.522802819636187799e+01
1.612634766336758574e+01
1.587428800622294034e+01
1.653128250321836745e+01
1.682036305644314211e+01
1.533870986024204797e+01
1.429798912379140141e+01
1.509518250822384644e+01
1.543449817375288013e+01
1.583311947926471319e+01
1.596462667221800302e+01
1.661190057021865485e+01
1.505365298875406310e+01
1.604522354764447201e+01
1.527358964104385031e+01
1.598239021593209408e+01
1.644955894602671265e+01
1.352177559030357656e+01
1.134637400561559417e+01
1.390839204130226747e+01
1.389699101487426702e+01
1.176963592481261855e+01
1.500950525744947761e+01
1.432732859007408877e+01
1.376350822029842114e+01
1.411677232290382733e+01
1.234997312839720607e+01
9.823764267139491579e+00
1.148250665283633154e+01
1.090083618993994818e+01
1.161878215879847076e+01
1.235666462017418432e+01
9.897009251079010639e+00
9.193602521282587148e+00
8.081890695787075529e+00
8.862024505059384438e+00
7.950053099293283410e+00
1.495429858919169952e+01
1.647322712500238140e+01
1.742044768903626206e+01
1.628814213737276617e+01
1.564561458755867385e+01
1.608253963312180801e+01
1.630972121863996449e+01
1.628701700304422673e+01
1.158407836874095409e+01
1.534625312777351525e+01
1.049644237385554035e+01
1.034133195610174738e+01
1.055435297674134354e+01
1.173473324081226288e+01
1.701605525881886649e+01
1.469389043059562283e+01
1.624565817040452131e+01
1.649848037338394491e+01
1.730642195074211998e+01
1.742817614794947900e+01
1.818454857528778845e+01
1.779501198536106799e+01
1.632116555441362848e+01
1.276878215095763558e+01
1.478446130846959505e+01
1.717951613687742096e+01
1.926625354525549128e+01
1.903514532904795686e+01
1.855973423967065727e+01
1.716538600419733029e+01
1.930482206931063871e+01
1.922054463400200675e+01
1.927855221507148897e+01
1.889248243622815338e+01
1.788907253984469747e+01
1.760601848764054012e+01
1.897734363952505277e+01
1.552915178612692948e+01
1.854323633929472592e+01
1.185647840150050669e+01
1.377426106368866598e+01
8.953171264935825491e+00
1.242401567947345242e+01
9.245801603492886045e+00
1.206071931433303845e+01
6.794470071772033215e+00
7.639955988721801816e+00
9.789401118278529879e+00
7.330751123908187061e+00
6.306761748732254702e+00
4.728834804058365648e+00
9.999566393496468919e+00
1.120790381705706196e+01
1.163392928897067868e+01
1.283847243850709141e+01
1.126885061524741616e+01
8.663263439582699732e+00
4.767640614073274108e+00
5.318949350979906399e+00
1.235894953976034571e+01
1.248023314527057614e+01
5.752891837492029481e+00
7.278653244647930620e+00
7.303637536506299988e+00
7.684852860325542601e+00
7.910685122946912173e+00
8.755325218555420008e+00
7.117324286055711546e+00
1.032784572545264901e+01
1.509596428612212904e+01
1.698293052731064634e+01
1.565785257485529058e+01
1.759815259575290369e+01
1.808975063668111716e+01
1.525075906890539024e+01
8.314324358677351867e+00
1.084004708014558283e+01
9.737397639102599811e+00
9.801934644935654362e+00
7.728214103966656978e+00
8.303802477692533657e+00
5.829487039159959139e+00
9.736817206703671346e+00
4.344074629533992926e+00
4.664857329629025884e+00
3.808100040067607939e+00
7.671749573517541165e+00
6.708007744892708679e+00
7.673735881401472447e+00
9.903373285261460879e+00
9.588542587528191774e+00
1.143086359394105855e+01
1.560591635691544710e+01
1.551408754556477909e+01
1.582564365800901740e+01
1.741737346260444141e+01
1.739058350358852678e+01
1.517210274947052007e+01
1.719684464359078646e+01
1.585367178667396892e+01
1.516157573367329547e+01
1.547473105189004450e+01
1.637944072986744004e+01
1.628302048712724570e+01
1.640435973377065793e+01
1.554794590195047732e+01
1.618305872679725965e+01
1.624841296299035776e+01
1.629679296413926082e+01
1.544470383079254105e+01
1.608527864010796904e+01
1.734937414426011415e+01
1.707445530041919213e+01
1.630687580411692394e+01
1.628983966699433594e+01
1.620011382008405221e+01
1.527171392875768774e+01
1.550745592112131988e+01
1.675236712799203787e+01
1.663915110594867741e+01
1.655986987653280451e+01
1.588281904596481375e+01
1.692013400532964695e+01
1.561805912544338248e+01
1.089939359595468993e+01
1.438064809104998787e+01
9.184163554716160860e+00
1.274111545646301913e+01
1.670689510174807779e+01
1.401275203637358402e+01
3.817479743447442786e+00
5.206446224696213321e+00
1.077762546897969642e+01
2.131728505526480522e+00
8.034775943981653512e+00
9.411101412819048662e+00
1.406032963021217341e+01
1.607653928294819679e+01
1.516945628044794603e+01
1.463650787340858983e+01
1.216267713950271379e+01
1.296130968004698580e+01
1.131067801224017444e+01
1.312122686054735965e+01
1.415432176520991092e+01
1.344860347930543298e+01
1.115314224655065445e+01
8.071731631006006324e+00
7.061846297632973446e+00
9.126381901775262762e+00
1.067402861102174150e+01
1.170695817743244227e+01
8.188759527932225168e+00
8.380831416222889629e+00
1.253448565453354746e+01
1.149749733127658757e+01
8.672301104074904288e+00
9.889052784614376534e+00
7.780913667505858555e+00
8.349554348895015465e+00
1.161916221096557855e+01
1.143533056948831295e+01
7.235522909864881669e+00
1.147604400529525215e+01
1.011521297273499442e+01
8.725139784051092917e+00
1.185310624991585726e+01
1.552430279906418420e+01
1.303861601200767240e+01
9.293805895115349713e+00
9.470708421157565837e+00
8.972148454339063051e+00
9.661312690835295314e+00
7.085699125053869452e+00
1.288217817329659631e+01
1.306720154604495576e+01
9.082047550305992090e+00
8.870321678872370441e+00
8.777395500152733732e+00
6.044466699733879622e+00
7.736348483451695124e+00
5.586738790132674382e+00
1.027962993195524710e+01
1.276359148777913433e+01
9.349509263943815540e+00
7.066796202769733526e+00
1.209575947719617872e+01
1.285833202733057412e+01
1.541806925377894899e+01
1.369923175967109685e+01
1.338692882197782374e+01
1.176939283785184820e+01
1.155833876056129839e+01
1.401304460137203556e+01
1.154749188893329759e+01
1.258753437943901154e+01
1.111353736516246116e+01
1.353262455583751489e+01
1.877727848518086873e+01
1.425826126556508378e+01
1.848082669529390643e+01
1.247590962890338950e+01
1.703444200995972579e+01
1.286448680907440334e+01
1.075392814031836863e+01
1.271157806995006467e+01
1.134410152888109380e+01
1.066803942624356338e+01
1.378019008760139386e+01
1.208871676194305067e+01
1.349010628470494133e+01
1.052437612741727690e+01
1.068994869178910534e+01
1.156792160342869735e+01
1.005548089876051421e+01
8.860608905886614650e+00
9.238499125666237433e+00
1.194377043613235223e+01
8.259344244028474336e+00
1.253840851956242020e+01
1.706373559267593620e+01
1.923413368466335527e+01
1.870077374344242216e+01
1.899776664912500479e+01
1.892193348991649060e+01
1.746782419038819256e+01
1.520433686592016898e+01
1.878605223828170523e+01
1.429720261618545152e+01
1.751887016763943805e+01
1.344790637523642474e+01
8.356439266381773479e+00
1.066869599176757077e+01
1.660518632330789757e+01
1.820048372275894266e+01
1.241768396926353901e+01
8.102090152460585060e+00
1.510989821942736633e+01
1.116226540303292225e+01
7.322200001258072355e+00
9.423203965909864976e+00
8.990268744017519964e+00
6.091401736280025681e+00
8.413995780625736387e+00
6.542435864556443548e+00
9.391111867434398519e+00
1.054142057304840385e+01
6.044602884820342581e+00
6.814738095741683210e+00
7.882761861165345607e+00
1.143858351531238426e+01
1.055100403694656741e+01
1.258320056445341706e+01
5.697499462625536637e+00
8.176762649004333028e+00
5.550808039544948613e+00
9.566634371239485901e+00
1.314181446329229885e+01
1.433061562256898114e+01
1.760002409013193514e+01
1.633828241265653602e+01
1.633941594448995716e+01
1.472059314284962106e+01
1.047937117784443117e+01
1.225216192053213149e+01
1.155032379283605515e+01
1.536394193755604221e+01
1.282487639926720924e+01
1.580900029072438073e+01
1.376186971826694005e+01
1.647943241300966122e+01
1.204572517693227773e+01
1.102916826034843467e+01
1.164902807793631645e+01
1.471710714991324487e+01
1.493180444201804491e+01
1.670075510121717599e+01
1.450035641296115507e+01
1.641197969715433302e+01
1.698693364577332332e+01
1.629905641324764431e+01
1.535851699930383063e+01
1.583639031570570133e+01
1.015341806148418691e+01
8.696339590552632615e+00
9.351805104329532270e+00
1.121085361246392686e+01
8.711001720450424202e+00
1.160173081247360294e+01
8.843941696485785542e+00
1.558396436016683495e+01
1.557821060355789378e+01
1.554766716636886059e+01
1.569556519166155795e+01
1.618393408383663257e+01
1.640904250966859124e+01
1.582563963463540802e+01
1.589877813426690700e+01
1.467493112956340084e+01
1.504271239703154173e+01
1.500716752200023407e+01
1.240607636330403274e+01
1.524796970825115139e+01
1.319787009381244225e+01
1.440613921658549224e+01
1.452914903503950583e+01
1.496659339244500053e+01
1.476929648225929270e+01
1.440631357229019116e+01
1.296996045596268310e+01
1.447461753646469340e+01
1.555201463647542326e+01
1.476226963131403380e+01
1.493697578025397377e+01
1.333419679459101559e+01
1.333025869015269649e+01
1.461676562496659315e+01
1.198952293211553943e+01
1.455365580464038189e+01
1.289024095793968172e+01
1.522262786601487328e+01
1.389679380815399412e+01
1.242813401684707841e+01
1.335522887831372252e+01
1.290485222411072641e+01
1.454996915494827192e+01
1.562901954610783584e+01
1.498401227670610325e+01
1.557264293745776484e+01
1.546637082856471501e+01
1.545380443999851749e+01
1.445526155547720037e+01
1.376177649692842309e+01
1.317521713456979704e+01
1.446296079234313225e+01
1.688690585710100578e+01
1.699320228317100145e+01
1.703302809982519506e+01
1.623645987093835785e+01
1.747403459051485441e+01
1.710959394962808844e+01
1.652188353901899731e+01
1.764133981514934391e+01
1.673629510524983033e+01
1.603441813020277351e+01
1.541638924599613425e+01
1.600431008287641177e+01
1.435541707190562732e+01
1.720358320386377216e+01
1.706861160230526053e+01
1.762966992559897861e+01
1.716335497850855063e+01
1.732425922949764185e+01
1.742231015747534784e+01
1.796644105484159226e+01
1.752460530242949943e+01
1.729255109718756245e+01
1.836024673161318077e+01
1.487364092976169339e+01
1.750172889622223238e+01
1.338153507658913810e+01
1.310173355464927525e+01
1.344659771078972987e+01
8.705612374125154318e+00
1.147743650519554848e+01
9.266153045325975057e+00
1.126866356877391517e+01
1.334096032632706397e+01
1.609739881413472062e+01
1.507389869790869241e+01
1.588726291386422140e+01
1.489533725290423938e+01
1.425840446192480115e+01
1.298411113344947587e+01
1.340071735037869516e+01
1.373280128924853827e+01
1.421731531947463978e+01
1.345108319017222875e+01
1.331992183306421929e+01
1.447774410854537308e+01
1.343946003047672200e+01
1.266432248918435022e+01
1.322201831666351524e+01
1.603484001318465602e+01
1.594336001332191621e+01
1.375882056093682948e+01
1.667706653488919954e+01
1.648971993095128497e+01
1.759780034354952249e+01
1.736982988532819761e+01
1.660636210599464846e+01
1.498091701351481575e+01
1.648588333812207907e+01
1.680644289577992367e+01
1.638550721712691427e+01
1.693307663904145954e+01
1.745046308645531141e+01
1.627496389002360289e+01
1.745822904171913237e+01
1.543287490265765882e+01
1.290729070622615815e+01
1.464828148474105518e+01
1.533404796447972984e+01
1.648620115942950193e+01
1.684473076400653113e+01
1.674418349615875456e+01
1.703594865517970547e+01
1.762161077108554963e+01
1.652560990911397454e+01
1.431703380326107222e+01
1.178233478910023635e+01
1.272037459642057655e+01
1.458174846233606381e+01
1.599004848752988295e+01
1.698517639285141456e+01
1.739866250473784248e+01
1.779158229538020208e+01
1.667871444398624092e+01
1.469093632201235877e+01
1.270509936437913012e+01
1.164170092912158339e+01
1.244515238756273057e+01
1.347600443473306342e+01
1.663552138775238021e+01
1.433909157457749473e+01
1.581792854513319568e+01
1.563206937331430879e+01
1.762282272164910424e+01
1.647140401779461172e+01
1.710213606866471991e+01
1.671758922640950829e+01
1.671645271739956229e+01
1.698239429674126555e+01
1.678195598448966663e+01
1.370184476412498675e+01
1.557180202489370657e+01
1.367689954477409664e+01
1.561545624554290868e+01
1.200298654678925914e+01
1.249403498856217709e+01
1.540327451073786769e+01
1.243131553647073417e+01
1.228209364667804593e+01
1.036833112208728025e+01
1.321653125195787659e+01
1.002220445088976319e+01
9.698992006971582924e+00
1.083187580694757024e+01
1.497313545350047015e+01
1.071982019432073940e+01
1.034368257179546902e+01
1.083769790969600244e+01
1.127403531869206788e+01
1.216237471639561818e+01
1.222952088397787840e+01
1.214514069680697972e+01
1.599022719243258095e+01
1.477307298445799510e+01
1.628224275406621757e+01
1.679177811030382372e+01
1.589797551315931656e+01
1.291395252031240837e+01
1.037415752681555503e+01
1.012906042021162634e+01
1.296462464886960575e+01
1.653326031102904636e+01
1.449507408713378709e+01
1.541440823840375884e+01
1.193469680126892918e+01
5.895275425345523068e+00
2.286425708849566973e+00
4.218383951412649324e+00
1.373561260801902772e+00
9.951032950359380180e+00
1.360346766164293442e+01
1.117675112604055698e+01
1.055315983547249203e+01
1.520426707133608346e+01
1.020079519703029014e+01
1.425581363125228052e+01
1.617678883327698003e+01
1.665428456418811365e+01
1.651230545418338380e+01
1.599345589523937683e+01
1.411200836770550815e+01
1.389727631276850950e+01
1.210278835234664641e+01
1.312489277430457335e+01
5.791993879753334795e+00
7.755970164858235094e+00
1.438186954214066304e+01
1.406417091868742197e+01
1.176568416876577494e+01
1.621775063506056114e+01
1.677449896070040936e+01
1.697331120990341091e+01
1.721709051549993674e+01
1.737881880840951254e+01
1.740394409885866622e+01
1.690682015004089678e+01
1.650481400007284805e+01
1.700458871538762295e+01
1.618678341866437265e+01
1.742372338024285483e+01
1.741653325270197783e+01
1.617355192189874558e+01
1.743936203777928995e+01
1.819343144471340423e+01
1.793634150474533229e+01
1.458437820067772606e+01
1.610452297024775703e+01
1.731455195158767069e+01
1.025972637742092886e+01
8.008613542950836717e+00
1.085230060159986465e+01
1.119212077047546927e+01
1.035962445953546585e+01
1.172769833727920741e+01
1.157020266452659385e+01
1.160141190410688417e+01
1.147554428328494147e+01
1.234462459402723411e+01
1.085993574341072332e+01
1.388228666371602849e+01
1.316393662590447988e+01
1.483118345872491872e+01
1.186940637308677005e+01
1.051052085775734568e+01
1.131869432955941512e+01
1.128056397251118881e+01
9.955419491815876043e+00
1.064242270579448402e+01
1.390998187328980507e+01
1.377782601424658360e+01
1.470835270844528253e+01
1.366725436209247135e+01
1.377525770248078807e+01
1.398317848866493307e+01
1.330565399293087481e+01
1.297375023371196789e+01
1.318346646184488158e+01
1.273521161835703452e+01
1.213486233437199502e+01
1.293530012375130944e+01
1.228209602751658203e+01
1.216898119908931974e+01
1.104278802997895426e+01
1.165719049518835426e+01
1.253624515100989356e+01
1.157114008271822669e+01
1.289055783950241718e+01
1.295119855270851161e+01
1.254743922907084297e+01
1.130017366252126898e+01
1.038003967322478083e+01
1.130478934985247363e+01
1.353561993786840745e+01
1.774762801130355783e+01
1.603077886251035977e+01
1.287648813679603776e+01
1.460684111151954845e+01
1.488446716880381437e+01
1.309848713470431925e+01
8.858373580440211725e+00
7.148385005202243292e+00
1.542570902748796335e+01
1.905328555158386905e+01
1.951261494787089035e+01
1.911029699143131566e+01
1.869983153218241512e+01
1.883449233420204649e+01
1.797874600770309783e+01
1.871438038873804288e+01
1.905053608210321769e+01
1.920250898308096765e+01
1.749382723468457002e+01
1.781295640093199850e+01
1.891849145950211408e+01
1.449206970498242342e+01
1.757542243101120150e+01
1.856590725864048963e+01
1.651314277597400348e+01
1.902542778749290520e+01
1.909484302656301935e+01
1.887807367223023647e+01
1.898609258356227159e+01
1.571021216354818151e+01
1.909825215423981248e+01
1.769539766709891637e+01
1.811826097452223649e+01
1.313820107742932208e+01
1.042888048927401812e+01
8.854088645584985429e+00
9.208304002317834858e+00
1.307146288220008934e+01
1.313142859291361120e+01
1.317631595533200084e+01
1.333225682484479790e+01
1.279873828166753036e+01
1.263476641540014711e+01
1.302906082584334158e+01
1.335333742592516515e+01
1.235115100788782172e+01
1.210174497706623953e+01
1.345343634640583552e+01
1.115325050723315314e+01
1.167318619564343152e+01
1.228971412777223193e+01
1.246976800423741949e+01
1.254725190073206065e+01
1.309820688149657286e+01
1.243399278678503705e+01
1.215520235466416032e+01
1.019062152136387311e+01
1.182547756389581473e+01
1.073052765091870420e+01
1.228972078709727178e+01
9.786728311413083858e+00
7.737216822466740140e+00
9.609515989356847143e+00
1.033851783502456101e+01
1.079819791622058034e+01
6.636802388650922424e+00
7.709019727520542986e+00
9.206889623526581801e+00
8.037656225333655868e+00
7.088422064770275810e+00
8.046801147744526261e+00
6.605495291427994964e+00
1.050951701171575614e+01
1.238363094560870969e+01
7.637800726535393103e+00
1.063715194426593236e+01
1.156503299815226882e+01
1.498972832160579927e+01
1.339145805666010958e+01
1.605614443530814484e+01
1.504854051054321573e+01
1.613796002114769479e+01
1.541888543492360775e+01
1.789353843856347126e+01
1.645456963660073413e+01
1.694617829989307012e+01
1.789542328905600144e+01
1.528114877155416806e+01
1.459164611647766208e+01
1.588724167064370363e+01
1.305569396343732969e+01
1.325710742816668741e+01
1.581229711447342012e+01
1.195956632067387737e+01
7.389908583538085551e+00
7.723345694346667401e+00
4.951499000438315257e+00
1.379622973787342133e+01
1.559448524264950287e+01
1.317030702598770198e+01
1.020953821049382704e+01
1.304457341749456489e+01
1.444332131656083007e+01
5.065854034584552856e+00
1.591283041921214014e+01
1.647186850893034205e+01
1.846491699027180644e+01
1.760202234071937255e+01
1.815215607298934941e+01
1.634245259142348061e+01
1.754022577797463356e+01
1.771525095229335633e+01
1.754394171556035786e+01
1.784105247539920569e+01
1.663773186730902154e+01
1.770339306826688386e+01
1.745129748485462073e+01
1.813572426187001696e+01
1.832504288608289045e+01
1.823550660994200356e+01
1.705921629449246879e+01
1.616732737419985000e+01
1.189359311692880894e+01
8.824063213962443086e+00
8.033673802573876088e+00
1.237723778950099884e+01
8.613575211923951258e+00
1.175950221666391826e+01
1.414076070763136883e+01
1.545979705811840077e+01
1.529066856849013334e+01
1.203021224636613162e+01
1.475980686916919993e+01
1.450846191449736011e+01
1.116851044030240558e+01
8.101768939725058516e+00
1.470646288263370671e+01
1.480877185759175596e+01
1.300637154154155972e+01
1.137776506206876093e+01
1.270724376448589865e+01
1.428183000429823757e+01
1.439287323898528470e+01
1.211528225577584372e+01
1.479709388221826138e+01
1.581557973909004744e+01
1.427659666034861274e+01
1.594332187260131484e+01
1.424882175752924240e+01
1.331568230783521933e+01
1.111175379510207861e+01
1.576280523229941721e+01
1.452885740025570804e+01
9.070723900437695164e+00
1.039461424141339130e+01
8.123699685392173464e+00
1.106873872278405102e+01
1.475188618816271813e+01
1.273753968387131685e+01
1.221926994382133635e+01
1.564659997157325222e+01
1.511324321659277281e+01
1.583404121030672407e+01
1.587895269962836409e+01
1.572113722412999515e+01
1.514477384132312920e+01
1.549583650871519680e+01
1.431227254826245954e+01
1.493807488165335862e+01
1.643515542054880640e+01
1.488971677223857171e+01
5.589171386170146860e+00
7.704085057094760103e+00
7.684541742728999481e+00
8.067201472815540342e+00
9.909203815591528297e+00
8.526145749481301550e+00
1.188734931287813268e+01
1.237016274477762146e+01
1.158949663728526147e+01
1.399616225514037460e+01
1.034447802935691385e+01
1.473611456254916163e+01
1.164223330619119778e+01
1.407983767108945017e+01
9.839435275855020535e+00
1.213980869830701792e+01
1.264946258460283524e+01
1.363510137135795475e+01
1.201947167250702719e+01
1.428969743181296437e+01
1.508575235898192091e+01
1.367282704398402338e+01
1.566215654512738809e+01
1.664885679394815554e+01
1.660748987201139215e+01
1.613547344748893764e+01
1.594357356310718288e+01
1.492286105653430006e+01
1.557183303263106211e+01
1.542716477279921250e+01
1.551936137389207992e+01
1.586683300319092638e+01
1.639231708938593712e+01
1.564027081415275511e+01
1.650419952101323773e+01
1.574061473226093000e+01
1.646453961241495989e+01
1.652752149225071321e+01
1.655068699551061329e+01
1.391446187968254833e+01
1.347393364778178437e+01
1.439548997757427529e+01
1.606367403043176267e+01
1.473939212495419149e+01
1.593925962311801392e+01
1.546425150638250479e+01
1.618096205958775968e+01
1.439076741040479490e+01
1.050371168605507677e+01
5.449466900877562026e+00
7.005359574833747160e+00
6.703791450371642036e+00
7.841529036886807802e+00
1.136145104939206973e+01
8.301354208751410724e+00
6.787677270473048807e+00
3.712627699914250012e+00
4.983615310917457464e+00
1.034128948514261914e+01
9.533048258172104994e+00
8.986866606937550017e+00
7.062743463985993841e+00
1.200717158893990266e+01
1.143844831255692363e+01
1.288452485146613924e+01
1.300229001915677962e+01
1.193665125331708587e+01
1.389905067048464105e+01
1.714243551431916401e+01
1.599123029322581502e+01
1.568248581949809761e+01
1.182053881923036798e+01
1.283961445960698988e+01
1.229029922794838647e+01
7.019060858149646087e+00
1.046663830196964895e+01
1.157468222904878630e+01
1.391133964563344350e+01
1.394759917890782752e+01
1.360311599732662025e+01
9.855308319889244828e+00
1.046346278852342948e+01
1.297573242237820601e+01
1.439253322094328702e+01
1.110506927274144928e+01
1.360563015403601739e+01
7.582459692728432898e+00
8.127343053562769981e+00
9.959829791821404044e+00
9.529627072466135829e+00
9.904090100791918871e+00
9.642134819001556778e+00
1.159777884103430345e+01
1.699535499498308511e+01
1.897445521786337963e+01
1.867838931467514030e+01
1.656557345434721640e+01
1.788567010328201334e+01
1.776050289355544010e+01
1.870831687046048941e+01
1.773961652323050586e+01
1.799607514137876763e+01
1.883635590086449696e+01
1.687976083078428857e+01
1.795571427320093605e+01
1.834304658536338906e+01
1.678510960092915383e+01
1.809404377948244402e+01
1.791660655229893351e+01
1.713805588682602021e+01
1.749989143343754705e+01
1.560694718693437721e+01
1.773423000510622671e+01
1.778982929459408524e+01
1.748856363140962955e+01
1.681889342978560720e+01
1.399178054395772186e+01
1.039314363471327596e+01
1.093692055180952494e+01
1.327133280086725620e+01
1.235786820706913147e+01
1.295482218525559404e+01
1.212193507742634324e+01
9.645772298298311398e+00
1.353976398337911213e+01
1.429093413484961417e+01
1.450323923835332529e+01
1.441099661322018832e+01
1.149589238631252464e+01
8.534013204438934963e+00
1.125062967712642426e+01
1.101406503998889441e+01
1.154603137097500465e+01
1.264017270846034435e+01
1.483217549160436910e+01
1.613968905166920464e+01
1.657816698584795034e+01
1.631284197915442391e+01
1.619697432924047575e+01
1.468451516244553190e+01
1.580601453860902339e+01
1.368972659694641081e+01
1.454722455255789093e+01
1.417579726733755052e+01
1.395456026068215749e+01
1.365663669496776755e+01
1.366713505875562440e+01
1.458248104634247078e+01
1.520787689028559697e+01
1.439349172987767922e+01
1.471072356307326601e+01
1.472599118305481802e+01
1.448844556460843869e+01
1.473527177030406854e+01
1.368958920330389084e+01
1.555222164039413713e+01
1.483001929664728280e+01
1.397799610322434560e+01
1.548109533382636904e+01
1.476560082597056578e+01
1.264293396971835648e+01
1.115386556940217133e+01
1.351401128271968055e+01
1.512174776706358159e+01
1.505381638079033202e+01
1.521690323338230399e+01
1.535191885070443973e+01
1.525835154835965568e+01
1.481255206203247710e+01
1.401618633080138920e+01
1.245937005432401889e+01
8.679214519196898792e+00
1.040423681403123801e+01
1.030433888362847128e+01
9.617049104668875970e+00
9.488807166994401854e+00
7.968265225534992169e+00
7.582952217616526269e+00
4.944618567369509776e+00
5.363212815154721369e+00
6.157379373733578909e+00
6.251704071418191511e+00
8.801331818059889400e+00
5.618040944391101910e+00
5.407608792388051810e+00
6.210670069850684705e+00
6.291901214418985866e+00
7.240982570152953990e+00
7.554985087989032344e+00
7.482922064555315167e+00
6.308391584070983882e+00
9.149414231093675909e+00
7.564458190294925721e+00
8.317288942499075688e+00
6.602322831821597404e+00
9.613685888773852994e+00
1.096340360930772029e+01
1.619848556513813520e+01
1.695271943733416009e+01
1.629872538514183233e+01
1.280448266138011881e+01
1.383246819917225423e+01
1.368128026299627109e+01
1.042287624354474929e+01
8.667170742505771130e+00
1.193949015756095378e+01
6.665448346447250927e+00
1.274461994786777730e+01
1.325164315028509066e+01
1.437677551929977149e+01
1.309381023195945204e+01
1.306468194588718923e+01
1.580390630455686996e+01
1.451723518151003312e+01
1.563601852370402057e+01
1.400825259522197719e+01
1.017242054572473364e+01
7.193166727443158770e+00
7.888063265882148123e+00
1.138116816178785129e+01
1.159118297171946921e+01
8.205876231188835135e+00
1.227072665324591227e+01
1.378464403497600088e+01
1.060755644515921503e+01
4.179905525720351456e+00
4.600103724847918407e+00
5.762003171951360692e+00
7.854943211004393078e+00
3.929046198800885126e+00
5.604080332312149970e+00
9.712024965157937118e+00
9.505675089427521485e+00
6.966537538220965331e+00
1.125325917063879899e+01
1.333247713757561215e+01
1.173662794036501111e+01
1.154878161819008220e+01
1.178858038368290728e+01
1.370090258248496085e+01
1.436391493941998831e+01
1.464211957927838803e+01
1.419541360135955621e+01
1.465307634795828307e+01
1.460947285136585094e+01
1.446375645327942827e+01
1.502152921311250289e+01
1.562861381594409238e+01
1.493239759396334954e+01
1.549056805474432963e+01
1.469381976868668005e+01
1.571277222530300577e+01
1.500161780780994292e+01
1.316362925220398061e+01
1.179592912006181926e+01
1.014864950627017848e+01
1.170206052232034999e+01
1.191362993418415783e+01
1.262903105919179758e+01
1.332691580825088273e+01
1.140233799947819548e+01
8.908040378492401601e+00
7.384766539866993718e+00
7.358813372256298280e+00
6.634342490775599011e+00
8.810559045350458973e+00
8.659178540489882892e+00
8.869248010311123309e+00
9.161342273665768587e+00
8.768026495037087642e+00
8.973597567630744010e+00
8.082971249338925190e+00
1.261524630911693201e+01
8.957657304781976748e+00
8.927063279933202367e+00
9.455566471908872117e+00
1.267584142294508887e+01
1.060144720391830475e+01
1.163220519927855356e+01
1.262445500692951939e+01
1.487316027808046215e+01
1.530527251577740699e+01
1.437397968810459403e+01
1.503893226047673082e+01
1.598086399117950052e+01
1.607146342153339802e+01
1.602830646432942885e+01
1.572307461571423381e+01
1.545075691165196652e+01
1.574553379755508331e+01
1.538066344428326282e+01
1.320393971988823978e+01
1.118585941313602561e+01
1.256166999259185069e+01
1.412617878535895599e+01
1.596000445234428788e+01
1.417737132399888900e+01
1.317981031685025961e+01
1.466284059036598642e+01
1.409530445779417818e+01
1.509100219090167450e+01
1.555496235487940204e+01
1.525224056124462990e+01
1.600210489176540563e+01
1.515369813557382095e+01
1.302421742977414709e+01
1.253876767372463163e+01
1.222305800108667562e+01
1.579986888436947368e+01
1.601836745167440768e+01
1.534501890423370263e+01
1.616810377701957790e+01
1.622209874030858501e+01
1.509339261238750574e+01
1.506640652099594924e+01
1.427579379283617378e+01
1.571588593944875889e+01
1.474043400137237469e+01
1.561038273358577477e+01
1.496756133031929537e+01
1.345740841365854479e+01
1.404303735495556715e+01
1.391743564342034212e+01
1.432612963804515616e+01
1.446816781637461702e+01
1.764423842940663434e+01
1.769772341778194757e+01
1.606149232430394846e+01
1.753588184158417818e+01
1.610533376658343485e+01
1.261446698205485539e+01
1.622735177807747320e+01
1.684349584902053465e+01
1.698117980175668151e+01
1.440475410653359489e+01
9.871309366656751294e+00
1.294991014905926896e+01
1.443444597570839605e+01
3.812940189316133655e+00
1.287642851635710350e+01
1.577426262291831804e+01
1.015043490720716335e+01
4.396195697831345228e+00
4.879369405974728124e+00
1.182032765428498955e+01
8.409098007872350067e+00
4.467189250437434644e+00
9.695085484202493831e+00
8.775386776229318286e+00
8.909008748093540930e+00
1.249754512987122368e+01
1.371253737217661595e+01
1.414342908940704469e+01
1.400535725186805536e+01
1.400644848482407667e+01
9.764788478600099353e+00
1.259025265802658389e+01
1.369059402923281255e+01
1.472055999333218423e+01
1.465821180082335573e+01
1.213204043239960939e+01
4.321238244199364864e+00
8.503904760647607475e+00
5.227477822566544141e+00
1.016310023523152140e+01
1.159965131882747968e+01
1.779818696644782250e+01
1.548748332337659583e+01
1.031913146253892677e+01
1.434559044117763804e+01
7.356610128996070586e+00
5.827269027095704601e+00
9.990969971232711799e+00
1.506314172831845433e+01
1.533257807046405574e+01
1.444427567435236881e+01
1.603230914883362246e+01
1.529767808526786688e+01
1.329975775231138613e+01
7.784437173039622238e+00
9.756016270383751632e+00
1.152278360876542962e+01
9.117935060447496909e+00
1.114834116531422836e+01
8.332314140896835752e+00
9.262390341859983778e+00
1.199275068343273887e+01
1.577241695023833401e+01
1.641027018263783432e+01
1.540949372989383903e+01
1.375131502104165548e+01
8.774213109889959838e+00
1.123722534179160526e+01
1.518613418908706691e+01
1.557422819704618888e+01
1.566879353179010437e+01
1.544982422368634190e+01
1.517579437788140240e+01
1.410574469189123903e+01
1.452409812717056781e+01
1.464646344085373286e+01
1.400005501618199766e+01
1.473968420196522899e+01
1.401644417421579014e+01
1.625898161392045083e+01
1.569716112462974067e+01
1.445690857641835869e+01
1.617980520113349030e+01
1.573388240662269943e+01
1.660483474371082124e+01
1.576401917726181168e+01
1.597267150021350801e+01
1.540188142202542743e+01
1.484934309096023419e+01
1.467970917708904466e+01
1.604027248818879769e+01
1.692920628629180158e+01
1.552484293140335936e+01
1.411659140982047766e+01
1.358459897293247920e+01
1.355874477286735313e+01
1.342962252165348502e+01
1.498640546750916336e+01
1.135807825110973468e+01
7.862127091181106309e+00
8.179880612575690435e+00
9.541959480522521631e+00
8.810007761637535850e+00
9.133967723336661848e+00
9.737604814768680228e+00
8.777084114289062100e+00
9.049319224223795644e+00
8.028617604534705521e+00
9.539247104843491698e+00
1.236170345792535485e+01
1.104899655166326511e+01
1.188526602488495065e+01
1.199857344781325352e+01
1.155223023507216951e+01
1.254556029388082905e+01
1.312799441021691216e+01
1.295205465768395925e+01
1.340684736763941487e+01
1.365621080179057145e+01
1.458482614601615701e+01
1.508715393904856050e+01
1.498289052267039878e+01
1.466474868388748298e+01
1.391869344136920716e+01
1.339670564383381723e+01
1.451857106037479994e+01
1.468223724136102604e+01
1.502103750815072303e+01
1.438518252578762713e+01
1.522480116287606755e+01
1.528556568076762545e+01
1.430887522771931764e+01
1.482459591500746576e+01
1.433461006918629543e+01
1.411360135358852119e+01
1.445882041081437031e+01
1.389181160244844193e+01
1.355685614873237910e+01
1.448358213612273815e+01
1.383869696265167804e+01
1.509663565967055909e+01
1.398565527540977982e+01
1.498289949812333788e+01
1.444429306277160485e+01
1.364858640803024059e+01
1.380793383132365193e+01
1.394281578643638042e+01
1.434480595696497396e+01
1.487151843105239735e+01
1.001777541929286031e+01
3.957237159729174891e+00
4.435818853031063824e+00
5.466933261250359166e+00
1.129673821885811158e+01
1.050783649240757001e+01
7.116477660668433458e+00
5.900702013377667754e+00
4.304207059007769232e+00
7.379007580738566219e+00
9.935123366095394815e+00
9.955771780915306124e+00
8.335450683257544569e+00
9.846339934533151705e+00
9.001830896544305460e+00
8.432408754164402609e+00
1.086423245210958655e+01
1.170060789868358953e+01
1.425864964097796062e+01
1.557356248251692321e+01
1.638992073755336421e+01
1.653202100656768891e+01
1.429645831250063281e+01
1.204172626467141427e+01
1.035028540315823165e+01
1.207034530985143128e+01
1.418676420198863397e+01
1.541225113754024534e+01
1.484880083384997462e+01
1.646999020791200508e+01
1.580732457963087079e+01
1.436444952849053536e+01
9.618260692867067974e+00
1.017373062628704972e+01
8.115527984790965377e+00
1.187116753907840483e+01
8.331200148090314173e+00
1.026186623936888509e+01
1.274022118753931743e+01
1.281740017738571602e+01
1.413351023509769711e+01
9.345648180026453034e+00
7.127275670770815807e+00
1.593933289411887699e+01
1.694907661306239532e+01
1.562341774298334585e+01
1.802972178071300391e+01
1.836112045054061070e+01
1.720708449522200922e+01
1.819768483202451037e+01
1.798782326799496190e+01
1.856781074851271640e+01
1.689936102235192550e+01
1.833000522144363131e+01
1.861709809121707337e+01
1.812149472672593120e+01
1.817899778658096821e+01
1.855289542133122893e+01
1.694286620662126808e+01
1.817012616038618944e+01
1.837683966101625188e+01
1.834568815571957501e+01
1.856672546930428069e+01
1.859246467650829615e+01
1.729014487540056777e+01
1.611021079500748598e+01
1.756851100142785072e+01
1.481098817353768027e+01
1.640158362824171334e+01
1.356858941738019197e+01
1.572943144999893583e+01
1.316003416342884691e+01
1.572235342136558423e+01
1.424906055102452562e+01
7.560332927152745519e+00
9.495008208111086034e+00
7.147263129657249081e+00
9.714397382600608921e+00
1.130671093471311117e+01
8.871164903297263038e+00
1.240596451262716471e+01
1.308242001425348811e+01
1.285731228433768081e+01
1.324466301157778148e+01
1.287810919742709359e+01
1.027553581733615218e+01
1.252094096626846387e+01
1.260521781862444080e+01
9.003988595015687935e+00
1.175470814267843345e+01
1.178586850470793834e+01
1.062984379839415894e+01
1.079311571764237421e+01
1.054671543662716537e+01
1.011609651391192521e+01
1.056701319541604533e+01
8.127392010619354679e+00
3.760319591127441186e+00
7.355614212818211151e+00
7.506381437491368658e+00
3.026203431379959952e+00
3.669175856901547156e-02
-5.671230836819693977e-01
-6.469703443186035630e-01
-8.069270551438113559e-01
-6.118424720221836699e-01
7.574050470969395654e+00
1.277317717556442966e+00
2.955169276203737372e+00
2.338539368590815570e+00
8.963419805719857081e+00
8.619978948368167693e+00
8.987734639795954550e+00
8.404350944599039863e+00
7.755302143377324597e+00
8.305431053150382326e+00
7.990264551468444054e+00
7.864351428350745188e+00
7.767019849646342067e+00
6.529856574972262351e+00
6.680946842537234254e+00
5.701813336089642803e+00
7.246453151115639812e+00
1.008318268809672702e+01
7.984659793202429690e+00
8.443996882517833313e+00
9.136207301231047850e+00
8.779910052231585382e+00
8.681860773269905351e+00
7.696300129560239789e+00
9.899674215861512749e+00
9.429500823352460870e+00
8.725800286363389446e+00
8.928628125923486536e+00
1.004866336044428365e+01
8.264839433338588393e+00
6.933467265786492639e+00
5.603194878363270348e+00
5.204523892587382683e+00
4.575924397013794831e+00
2.978081814564433216e+00
1.883482574869672632e+00
-4.214335503028539875e+00
-6.799319748362986360e+00
-9.383943518801592276e+00
-1.886252074222477537e+00
-1.888647444466718062e+00
-6.658814431714493942e+00
3.273533069911682247e+00
-3.363526104412108531e+00
1.165314792363542906e-01
7.922137442118024619e-01
-3.514981609920324157e+00
6.072082217521264980e+00
-1.099478002394625592e-01
-1.088107656927968403e+00
5.287297866492305376e-01
5.269508265222263788e+00
5.670928874773876416e+00
3.247959106002718421e+00
4.793009760511221629e+00
6.704501440069979168e+00
6.208761249969011686e+00
8.624130038788768715e+00
5.946106969140445564e+00
4.730625814028149634e+00
4.638399921575365958e+00
7.777574831176201187e+00
8.083880881692461884e+00
9.025583662033071164e+00
9.787134318762067409e+00
9.452309793478811173e+00
9.043583331877558251e+00
9.443034103081163977e+00
9.774974337685279124e+00
9.961760587481977680e+00
6.680944627638279343e+00
7.898308649436602380e+00
7.709397967770529547e+00
8.485664334055586622e+00
8.874317331945128728e+00
9.185249743209752182e+00
7.797434423291075944e+00
8.343059707903140776e+00
8.159566764410119077e+00
8.202688029569705108e+00
8.619864263052821940e+00
8.618066851619449409e+00
8.226928840238890928e+00
8.381104531761014442e+00
8.235189380007902571e+00
8.176370548301289176e+00
8.130454548646632418e+00
9.041371083654748730e+00
8.119436543308799159e+00
8.706872921167864376e+00
8.379109935402141218e+00
8.327662641838680102e+00
8.503066908593993389e+00
8.831369128425718529e+00
8.941145382270255126e+00
7.532893338261055227e+00
7.205679159296625613e+00
6.174103333314975295e+00
5.744755522695901284e+00
4.579303979691901283e+00
5.022752990186479138e+00
6.040047690099083155e+00
8.115326037107266188e+00
8.221014167500275249e+00
7.935430015998699460e+00
8.452745877835774024e+00
8.494120732895744652e+00
7.613267355680451764e+00
7.038863058786668958e+00
8.853012849318241395e-01
-8.720986819893834507e+00
-4.130853144340483674e+00
-7.454598191858945455e+00
-6.133001619995980036e+00
-3.452149598169738098e+00
-1.897920422836749388e-01
-6.433822453113679174e+00
9.816938359928005786e-01
4.282809367090029795e+00
6.706640430836406708e+00
1.466624302520455059e+00
-6.136547439710082763e+00
1.995165555197671470e+00
3.962047552131401140e+00
2.587925910773622107e+00
3.928170104882275915e+00
4.813238114832494752e+00
4.596193278217621803e+00
6.743540937961062021e+00
5.000792235424222021e+00
8.591843506140728337e+00
7.968668512845479057e+00
6.662158003272690365e+00
5.750134156990975853e+00
6.092558219129681873e+00
4.309030220433721858e+00
3.899792029233834612e+00
5.932151264497314003e+00
5.470927425399350064e+00
5.942240128079373740e+00
6.091161340763711074e+00
4.145543981682034307e+00
4.224169690420433554e+00
4.186460732664796680e+00
4.953082430551051019e+00
7.870047091504888570e+00
4.420963253579142105e+00
2.307582804454023417e+00
5.828168775400501822e+00
7.827125276836021328e+00
8.607509123419603725e+00
7.046794267486458097e+00
8.176475678238663392e+00
6.758102990143779465e+00
7.394566957421426778e+00
7.394260559642674480e+00
7.238848970318677800e+00
5.110522445109953793e+00
7.666420651937693620e+00
5.752614782267233551e+00
7.637281349125215613e+00
5.935591088629454504e+00
5.365796975984248540e+00
3.901545520153636204e+00
1.102573795112104849e+00
1.187387606459436640e+00
1.453821194505784398e+00
4.979976808672334165e+00
5.485199000421356885e+00
6.167582932650612193e+00
3.488656060654200530e+00
4.199750874635598485e+00
6.335918326801303735e+00
9.050980066366410837e-01
2.247290474098113222e+00
4.275737433957558231e+00
-1.090493706036461008e+00
-1.390174185436051424e+00
2.235203495144955532e+00
7.722230939979285225e+00
5.181944586643119521e+00
7.916270064522333172e+00
3.715183874762446159e+00
7.443060858223899956e+00
9.254954027398841987e+00
8.719003989433058877e+00
9.180834227740817255e+00
9.386671813818704635e+00
6.044906505519760387e+00
2.333701575853941002e+00
-3.922963583536578369e+00
-1.820078092608580889e+00
-5.247632316764585525e-01
2.884348638416958543e+00
3.794961221092508552e+00
5.260438017030320879e+00
5.461573700262412956e+00
4.738451424339558571e+00
4.813189826247273650e+00
4.051919363732424451e+00
4.042318001650667902e+00
4.481219952858106481e+00
4.190758372141897503e+00
3.615717078670810825e+00
1.906812712237768270e+00
3.691084000819798483e+00
2.768200691808355707e+00
1.887275926997820319e+00
7.249412608176457606e-01
2.219992672581096116e+00
9.782822586852591984e-01
2.040222970994721940e+00
1.335508646968330604e+00
2.138959149573372187e+00
2.193452675098817917e+00
3.541113444944705257e+00
3.743395859752584265e+00
5.134495817953395047e+00
4.798195914957414487e+00
6.572594098757021719e+00
6.420404030231256165e+00
4.341168959731366073e+00
6.658366179811352481e+00
6.442080714387196316e+00
6.850422356758244291e+00
6.305159634004537494e+00
6.243731249195787925e+00
5.880963763139401834e+00
5.163908491309427973e+00
6.028281202342276934e+00
4.977436042949119788e+00
6.529429471951917918e+00
6.554650525067967415e+00
6.536303284814395376e+00
6.292178498352135385e+00
4.621431536220132585e+00
5.003947873145330405e+00
1.904019949148922031e+00
1.759208791771392111e+00
3.907977192635368802e+00
3.012390274284581615e+00
1.333255680717418290e+00
4.150258969345986815e-01
2.004747101369208639e+00
2.044054562193005076e+00
-8.400755461929593215e-01
1.024176762729415824e+00
-9.039167351104007153e-01
-1.859400648325367778e-01
1.686312705894418063e+00
-3.763107934111743491e-01
2.720927744696054695e+00
2.226339035979943759e+00
1.079526917656093987e+00
-4.877212415114174915e-01
6.929863330748226025e-02
1.018716853429745051e+00
8.912607316373033495e-01
2.091925302628293792e+00
1.121192772780645663e+00
1.330965846250858897e+00
1.692391923922554220e+00
1.294110489091640837e+00
-3.127782094052773409e+00
-5.264118142265028055e+00
-1.085683479585041589e+01
-1.482867010064844449e+00
-1.113301700933056360e+01
-1.602674246449223183e+00
4.186827400756422790e+00
7.755772633468214217e-01
-4.297405289839474563e+00
1.760058202489732104e-01
-8.225200380582213810e+00
-3.182100064217125990e+00
-1.008599107902622638e+00
-6.812167967587675399e+00
-9.158421692798263791e+00
-3.864853651305617088e+00
-4.000764669212592217e+00
-1.377785914077967133e+00
-8.778440016520443478e+00
-8.904629055130712345e+00
-7.713281557949001055e+00
-5.649820685305082080e+00
-2.014116229893506471e+00
-3.213767135146797127e+00
-2.182973326964606997e+00
-4.506441289775496850e-01
1.778968933903198213e+00
2.229067431550909362e+00
2.709698459880458987e+00
1.912246080494478750e+00
2.339898153550135529e+00
-5.892526631148175653e+00
-5.506318670352219335e+00
-6.527233298706920372e-01
1.831055213668818293e+00
3.009070960572077347e+00
-3.477099998275973158e-01
1.260781010578110095e+00
2.820798907552598545e-01
1.966395987019582181e+00
2.905450606598090069e+00
3.191650638292445663e+00
1.733884467319370515e+00
3.701025659769872522e+00
3.183466777825194161e+00
2.833150626314688836e+00
3.692268731778625579e+00
2.750021001735802884e+00
4.044343363432675531e+00
2.684438730354372638e+00
2.589213851884029083e+00
2.706720999218708457e+00
8.174480072789790386e-01
8.513088915760145259e-01
3.400638405038424739e-01
4.500340760470162849e+00
5.903632575698209983e+00
4.644310221877549161e+00
-1.951817633674837182e+00
5.748331759763787296e-01
4.600856749420627168e+00
3.940816944521354781e+00
-3.737558132582145198e+00
-3.296137857029463269e+00
4.017303992097164489e+00
6.912236528611792608e+00
7.386744364207345370e+00
7.617699608779119558e+00
6.799920539767771110e+00
6.691699638369303926e+00
7.309602077604969494e+00
6.979055390171789774e+00
7.194863993124849699e+00
6.438803580724529851e+00
6.686672653162158753e+00
5.791638965894345681e+00
6.563653438143917995e+00
6.853725381662688854e+00
5.116136962599703963e+00
5.390186910221660632e+00
6.246670598603014213e+00
4.844992134472457579e+00
3.643218072228930904e+00
2.666878221177686914e+00
3.183047986520910477e-01
2.167164658117304743e+00
2.155813486180162553e+00
2.898783949005427907e+00
3.656144817890995657e+00
3.173058154409575948e+00
-7.597137754353551209e-01
-5.834962513352602853e-01
1.863762921569966480e+00
1.660005682823048057e+00
2.522345520167831090e+00
3.670167447184884413e+00
4.220199383239813251e+00
3.861288168553512534e+00
9.169133486946263734e-01
-3.186023898040404756e+00
-2.069023235904996483e+00
-1.616751885523131538e+00
1.228396230983391346e+00
3.500055552803384096e+00
2.589225072553115403e+00
4.974716833877462108e+00
2.915708257167301198e+00
2.043898448422632796e+00
3.353466873484648225e+00
3.531225094905166451e+00
1.967281993401158946e+00
4.162250738207722733e+00
1.925675011706810213e+00
5.001187435812017412e+00
5.949150542309907586e+00
6.455328782130220766e+00
5.481225042695381688e+00
4.871102571855537633e+00
3.121411740135739965e+00
3.389764089269021063e+00
1.726101608452867975e+00
1.649296348393452849e+00
1.699425179675681630e+00
5.769220150466585650e+00
5.154891338509626664e+00
3.813308541863349888e+00
2.064865601721238342e+00
7.180907158848538474e-01
4.187427373272049280e+00
6.765814982483231432e+00
6.718032580349454719e+00
4.314887254701152308e+00
3.783576863144713531e+00
3.704228860805450219e-01
3.743193430166882774e+00
2.577034695945437548e+00
3.833269504801626315e+00
2.660333233454712065e+00
1.285914659803180093e+00
3.230100276970789164e+00
2.178954045132471151e+00
2.598386511615426109e+00
1.334002643117288223e+00
1.316716429225163409e+00
2.529647691544116395e+00
3.679679412875268341e+00
3.794111727711617199e+00
2.634401504975328212e+00
1.908541760128905418e+00
3.363916275575212111e+00
3.788268617141827832e+00
3.081118709471484696e+00
5.033243585993492530e+00
3.487982223061379727e+00
4.479481305750111275e+00
1.969434023832520531e+00
4.059496634480716182e+00
3.327861794910106141e+00
2.262346036766198498e-01
3.273285018066300012e+00
-8.188449804367280427e-01
1.343232215807763918e-01
1.945539134055156216e+00
-1.112150522850557710e+00
-2.267012231559985214e+00
-6.838883363200108645e-02
-9.209681914947981385e-01
-8.523122286043555151e-01
3.511776332824990965e-02
4.950836882502983372e+00
4.988208719956839232e+00
5.847218569526305032e+00
3.108236973425648753e+00
-1.652693313089219629e+00
6.048768515152823655e-01
2.137922852683542985e+00
2.728089354746611850e+00
8.194364111858639887e+00
8.069820591931645026e+00
8.437207955710521290e+00
8.717931316739823799e+00
8.454144442068187715e+00
6.560982797371691433e+00
2.953132118071711609e+00
7.538609439216071628e+00
5.043469992667880319e+00
4.543549562072575654e+00
6.945997335253515814e+00
6.332321397218107606e+00
3.695643272492296738e+00
5.994577092766038895e+00
7.413898337712932829e+00
6.717110382323244977e+00
7.954982968935135013e+00
6.199218325155614551e+00
6.535312423936908033e+00
7.176523824686704245e+00
9.542432544073948364e+00
9.668278378937436912e+00
8.917351438151504439e+00
9.446656939621568938e+00
1.004066733960256919e+01
9.189001213547960845e+00
8.354631992550245911e+00
7.180372343181828043e+00
7.369037400809274274e+00
5.412533215024528666e+00
1.338667199113081185e+00
-1.615812074947530430e+00
-1.900639446592041537e+00
3.343657626515326164e+00
3.917447247863907744e+00
3.424702672140948145e+00
3.066837480989919484e+00
3.539370773978442131e+00
3.090785636799311842e+00
2.908734498681277536e+00
3.660414893973490180e+00
3.141266877112457223e+00
5.440015396353661270e-01
-2.535778404792722984e+00
-3.790914127249914722e-01
-2.660824330533616625e-02
-7.489936273586816906e-01
2.281052423838060950e+00
3.848463613463473099e+00
3.909434338809421483e+00
3.040502958195892447e+00
3.475781132894026904e+00
-6.177276650146682480e-01
3.857525130256060919e+00
3.072594535890089240e+00
3.718216191308913565e+00
1.622558043721466614e+00
3.425923961320424205e+00
-1.119388573609325865e+00
-1.989340370872981101e+00
-3.109021257968342944e-01
2.039904452943890778e+00
4.027470573905729267e+00
2.979171501866394678e+00
3.751138484213151436e+00
2.541076172587579229e+00
4.752668840420160024e+00
3.496297014107483392e+00
3.378619398901028248e+00
4.471929076809844972e+00
4.594803007729317379e+00
3.129962125479687884e+00
2.863995482564789530e+00
4.775642289756666159e+00
4.990258936888182006e+00
5.288755119371254310e+00
5.624981395752448599e+00
6.302807186868534473e+00
6.125335894579761131e+00
3.595680447119308454e+00
5.977642009736769957e+00
5.813280181342859620e+00
6.388395116033144916e+00
6.287431150170259997e+00
-5.608148118285485317e-01
-2.140443444595447442e+00
2.586489238181708838e+00
-1.760049211042440831e+00
-2.654775221852793687e-01
-4.120020719714600155e+00
-2.910924781974733477e+00
-4.187962519033195941e-01
1.407701799294157397e+00
4.136985130556083412e+00
4.156156885052238792e+00
3.439677862001084385e+00
3.091456272650495940e+00
3.295341541608527436e+00
3.606247917742461340e+00
3.750136768234381357e+00
1.282542924101794490e+00
2.425152316782386297e+00
2.824285564351977307e+00
1.628865282701501105e+00
4.149815501436012966e+00
4.249611475806768013e+00
1.213078538834236220e+00
6.011452458072162663e+00
1.037741701843285824e+01
1.135239923304537513e+01
1.134038023039933663e+01
1.105761420702082631e+01
1.094173010539169866e+01
1.122047683009185448e+01
1.043566167465002970e+01
8.008467394345522905e+00
1.040328129636492527e+01
7.647850336541806016e+00
5.160313390731159799e+00
6.544369897931040514e-01
3.927032811121362599e-01
2.918997000440998413e+00
4.024061810994715493e+00
5.671079913105295134e+00
3.081128934247073126e+00
2.263396897799993202e+00
2.610110102403416121e+00
7.521732405125096221e+00
5.475856185234539986e+00
4.246822386212801170e+00
5.930887925274839212e+00
6.038787471201559676e+00
6.008944399026256988e+00
5.544321371851208546e+00
6.639393875222544317e+00
3.906805418049926537e+00
5.868302605723020093e+00
6.728728564666733192e+00
5.814048673932303402e+00
5.999605584203680841e+00
6.618555338344524586e+00
5.854888932303721205e+00
5.104224754923266438e+00
7.483663322543636198e+00
5.437275760060488849e+00
3.791524442646341253e+00
3.203642041407235297e+00
8.804862132442188294e-01
-5.787335132808673954e+00
-2.712270486505337086e+00
-4.361848757535592647e+00
-4.351133784672306604e+00
-5.250560665466101895e+00
-5.393083475846784047e+00
3.671348665923497290e+00
-7.772651127471391641e-01
1.457882943651784835e+00
-1.256775385991826477e+00
-2.442961286456793779e+00
-4.198885036190782571e-01
-4.175991618945861461e+00
1.701025439417239715e+00
-4.140359086157032742e-01
3.687798329286660959e+00
4.942459347726551044e+00
6.426701782397524099e+00
6.389707777670411204e+00
7.273966023612264742e+00
1.945990608782960596e+00
3.276425676957328559e+00
4.904763663801173124e+00
7.723614389743741704e+00
7.868643167929744386e+00
5.246763440031571690e+00
5.573499132471204653e+00
6.939581930318929004e+00
6.828666985913287135e+00
7.923522413626304051e+00
8.223454491178310732e+00
6.212534603403787159e+00
5.724098957193644033e+00
6.521444069303718116e+00
6.629126989108733881e+00
7.750499246732996284e+00
6.786565937468285625e+00
6.465555559789091689e+00
9.960403060746145343e+00
9.465066033191430250e+00
1.131499235702533213e+01
1.041610625648649879e+01
1.118899999892831687e+01
1.098535679404490928e+01
1.006150569239053638e+01
1.010866117847391621e+01
6.432252735688409828e+00
1.128090162487806403e+01
1.093932791545956640e+01
1.160711769471196675e+01
1.154172360868436442e+01
1.018708411887724807e+01
9.114147515167610791e+00
1.005164552120109356e+01
1.039171427076446008e+01
8.894875076871617381e+00
8.955024346114706546e+00
8.157531399148831852e+00
2.412017211818970885e+00
6.161862140335204741e-01
1.226318057883740043e+00
1.777716606259185816e+00
4.920021339001959149e+00
3.408971027674001064e+00
5.490943872844842311e+00
2.220943879799073706e+00
4.032403299665850760e+00
5.798434235120222269e+00
4.128065595694790701e+00
2.938895428195417825e+00
2.082719764928543604e+00
1.786148552228919106e+00
2.136285089686213556e+00
1.385600447601496255e+00
-3.568281931890734948e-01
2.212676300275156827e+00
2.268567738072493789e+00
3.297092988284859860e+00
2.684150900428348585e+00
4.109156495768308659e+00
4.258392796830126059e+00
4.247386740704820696e+00
3.919818412102000771e+00
3.961292759477998082e+00
3.602274975245119748e+00
5.311235487414491807e+00
5.188169635543244063e+00
4.252745956934136373e+00
5.014355300685762629e+00
5.474557354684197463e+00
5.806779265564083303e+00
6.277609637548891897e+00
6.684399997415550132e+00
7.025267333687174265e+00
6.515891402973704949e+00
5.622888749003500664e+00
5.999732546527551946e+00
6.620662990317443430e+00
5.922291077617886756e+00
5.201599236823767569e+00
6.194391654681187021e+00
7.043836518388044254e+00
7.068221988992839044e+00
3.703092838309223200e+00
6.210496695619723617e+00
5.912124976176611924e+00
5.936975946134426252e+00
5.931386184633491432e+00
5.371163857282019727e+00
4.848369066691285312e+00
3.900292601113999336e+00
6.813748464484508993e+00
4.413121979016867868e+00
3.137373275598356326e+00
3.014764313564943787e+00
6.128281687405755740e+00
5.482599851409764469e+00
6.248199926923250658e+00
6.219629185576769359e+00
6.753418361222150779e+00
3.098945903777878819e+00
7.466603544988399399e+00
9.110383214169972987e+00
6.568576822546489780e+00
3.414468347643291324e+00
5.965551501953453517e+00
9.425838439610574326e+00
8.618133673557121455e+00
6.944460777987510269e+00
7.320302464841782708e+00
1.185807707532745559e+00
5.844028840249850809e+00
-1.065538646544499812e+00
5.309138254866082818e+00
6.853632633489837644e+00
6.742794840418189217e+00
3.097894643238128687e+00
1.978216218116515268e+00
2.814227688092294066e+00
2.972704073019223348e+00
1.874705079431433496e+00
1.286368736516153355e+00
5.536573242400172346e-01
1.908950129724898748e+00
3.701614142333809365e+00
5.758991752706577039e+00
6.249308595835717739e+00
3.711933991974794900e+00
4.934001302112881682e+00
5.634207404987401802e+00
6.177868685240467173e+00
6.937229900399168869e+00
6.779130378344341068e+00
6.908049919899235114e+00
5.601094359895765429e+00
5.510758469237954316e+00
5.343812384861981180e+00
5.434921618418209199e+00
6.996843729526089462e+00
4.506524599526610331e+00
1.693366923987191797e+00
6.865775844059534005e-01
1.049816882704776688e+00
7.654191187428464882e-02
8.016565211739291597e-01
5.782180976366401159e-01
7.687320579643380780e-01
2.562193979402402899e-01
2.363408367521339759e+00
1.004248076225789044e+00
-1.380950664663451420e-02
9.403423627669924012e-02
2.790419239971612786e+00
4.739412910384591449e+00
3.263983425974601449e+00
3.816272073462310566e+00
7.744547889765567295e-01
-1.548771576762797864e+00
1.285376921343030610e+00
3.899638550222939148e+00
2.291818347226849406e-01
3.879295016575006194e+00
5.490808073478275375e+00
4.872715500586699555e+00
3.112811275445888981e+00
4.687653312007332929e+00
5.018894299779519841e+00
5.616422158492778038e+00
5.021612974311818078e+00
4.966592145933325320e+00
5.571119922553792847e+00
5.996636363292102700e+00
5.875833546479356073e+00
5.610626721622775648e+00
5.976287818655992012e+00
5.343881807290267183e+00
5.055834702461585728e+00
4.292029574467968622e+00
3.833924869222304910e+00
3.785640866596694742e+00
3.229869597332618802e+00
5.791161053865000463e-01
9.012291538359111787e-01
2.305351783529791199e+00
2.809301790586853809e+00
3.353498155326548602e+00
1.891939817634892274e+00
3.519282636550906673e+00
5.648937890706067222e+00
3.717795354873257629e+00
3.210524785739591103e+00
4.002301054098063915e+00
1.746143247775365559e+00
1.327229354012713136e+00
4.268790286502930797e+00
6.781480987336325761e+00
7.244349758262650596e+00
6.711257203030721818e+00
8.042997012771415655e+00
7.702709976571181727e+00
7.729798733032917646e+00
7.792568069045541002e+00
7.515013624689773408e+00
5.466735323215883291e+00
6.254975150694245478e+00
2.624304384813247903e+00
-2.483230345716634702e+00
-1.143725274684703530e+00
-3.107222021099864229e+00
-8.253410794972421138e-01
1.991278927572538215e+00
4.763574191071679564e+00
5.814250206281594835e+00
7.146675862427156467e+00
6.363001236234508085e+00
8.023934935276514580e+00
8.146156369948611697e+00
7.186012231372009396e+00
7.161487569210121862e+00
5.296934360179166745e+00
5.338814305129462312e+00
7.216777421789575264e+00
6.684067812936895336e+00
6.956628050720730094e+00
7.753439390880778603e+00
5.436416261189005894e+00
5.944270885056042175e+00
7.232466841988643758e+00
7.225227784045602064e+00
7.698622092395245531e+00
6.258446383087768794e+00
7.177718695649968339e+00
2.760360349445774464e+00
4.785840648332431613e+00
3.784269030553433222e+00
6.945339806069959820e+00
6.302558359674169886e+00
5.771791651711042803e+00
3.608071129592116399e+00
-6.452685346658653120e-01
-6.193366372112779628e-01
-1.769940748898637950e-01
5.425532604545654003e+00
6.126107973003566798e+00
6.518819406918925807e+00
6.460363888906393903e+00
3.147092057394082598e+00
2.750014263661405778e+00
-1.177663453872187294e+00
1.726891163330028789e+00
6.141157996169335220e-01
2.290266846425334624e+00
3.629829224790588338e-01
3.760001804627872146e-01
2.543812468544977001e-01
2.971705386017969630e+00
-2.968246593150350998e-01
6.971471395932736792e-01
1.387600530043726188e+00
1.403277999793040243e+00
6.551515979830023761e-01
-4.050060429579490640e-01
7.235912656740156601e-01
1.085435751809770144e+00
2.886382142827974118e+00
-6.657785728892963162e-01
-1.307793683426172304e+00
-3.826105211236096593e-01
-1.066553930665307126e+00
-1.225285613805556562e+00
-1.648910528940687126e+00
5.799696618861390970e-03
6.353468526069754319e-01
4.901072819379181378e-01
-1.815623896323572461e+00
8.232935859786485455e-01
1.829111807439454562e+00
9.764198839510571659e-01
4.137121905157602697e+00
3.635827636121225392e+00
3.065582242715580108e+00
1.265961509063306067e+00
-1.864875117790055548e+00
-3.883790208478312689e+00
-5.166345525028427366e-01
-1.201014699908245831e+00
-7.618072882752098263e-01
8.672977929240409667e-01
1.300621816815417553e+00
-1.742374298062754123e+00
1.235436594792878262e+00
-6.358305702123524528e-01
-4.528026250660452057e+00
-1.565757673718215282e+00
1.786060868152739456e+00
1.309302388037031584e+00
-3.956539420499689541e+00
1.771043161323711201e+00
1.971647603669263171e+00
3.598337160173796345e+00
3.173651294743832896e+00
2.863242037406616092e+00
4.413185644049436362e+00
4.999087445007162955e+00
2.480173526797919248e+00
-2.402627590649204503e-01
1.751350017418996874e+00
4.365964705102324039e+00
4.464672390885226605e+00
4.858639533365386676e+00
4.842685696685324892e+00
4.670697388163050690e+00
3.501724290449923060e+00
1.897316278923335320e+00
-9.079495800507022540e-01
-2.836302363489906053e+00
-4.352673177972468110e+00
-7.333668351932252083e-01
3.724252282380682733e+00
3.881451169327125861e+00
4.816255809146893441e+00
3.494023771735692563e+00
3.184517217411539480e+00
4.297923641125940719e+00
1.985621000943944781e+00
1.594683155503255900e+00
2.993017997200568825e+00
3.411202561496800456e+00
2.935438811153153971e+00
3.610892466815900814e+00
3.950606466137237760e+00
1.067122168236467550e+00
-5.586554824543108477e-01
-1.774899167924386179e+00
-6.156713992486682940e+00
-7.596246276979753631e+00
-5.447976826929151528e+00
-7.518877891044630779e+00
-2.443307886102329407e-01
-3.863915362183329094e+00
-4.143829841621213816e+00
-5.444714500557379377e-01
-1.385177451643166524e+00
-1.205355305912056557e-01
-7.756204648198665730e-01
3.067499966364031216e-01
6.729709383603504902e-02
-2.182390065335102047e+00
-1.310022391563143485e+00
-3.038948037466927765e+00
-2.696438365729544095e+00
-9.429437508660367673e-01
-1.417763520529492283e+00
-9.937282422933328974e-01
-1.563066497282893597e+00
2.279557030132220441e-01
-6.251661207979458901e+00
-6.107527380425331387e+00
-6.843985308646899135e+00
-3.563557864539902198e+00
-8.812024899192063554e-01
-8.918548693527004190e+00
-6.418646239551129007e+00
-2.829126292704537526e+00
-5.550338469836892941e+00
-8.986053385103774716e+00
-5.921538299316651432e+00
-4.454251390794745191e+00
-1.210104067465484867e+01
-1.346648325058670181e+01
-7.971919034523249792e+00
-1.342249041743704296e+01
-2.219549401474956607e+00
-9.712575322450630821e+00
-8.470566906132599883e+00
-3.615852385476561737e-01
1.207456986738207227e+00
5.947810979057606140e+00
4.174820623588010093e+00
1.930366393525362545e+00
-1.655240395623826244e-01
6.808296450156390733e+00
8.172940198969486758e+00
7.654864938066086033e+00
7.817371185363086283e+00
7.192336705168498767e+00
6.939704012816076961e+00
4.279770090094727308e+00
4.218662699466976918e+00
3.013927143073740211e+00
6.187622587695189580e+00
6.744492690519465761e+00
5.482162073788807710e+00
1.970733756017208460e+00
6.552434698205487962e+00
8.115486645215250761e+00
7.410901200756201845e+00
7.677090057992774774e+00
7.863984411096581084e+00
6.674312915293260318e+00
6.880343781560278593e+00
7.318993854234342678e+00
8.278729655091776607e+00
7.481841823557957127e+00
6.555445252868421946e+00
4.646769241768732073e+00
2.966337009095711519e+00
4.608153918426306284e+00
2.783036228479317309e+00
-1.345462392813956409e+00
2.800399728062610838e-01
2.323030084713915144e+00
2.150063394638965342e+00
5.708467662153903888e+00
5.579657965070552450e+00
5.167583494686470047e+00
2.488555030034141247e+00
3.613781687005967469e-01
2.614199921667320403e+00
2.644757193160120146e+00
5.022656254870925707e+00
3.298312031932801425e+00
2.849780543653546605e+00
2.182281043913056884e+00
2.258035428187147031e-01
1.432156887913442977e+00
3.008475820900908815e+00
2.288802327472460263e+00
2.890214781198489735e+00
3.162159481359977597e+00
1.377108123494169556e+00
1.982810145720198536e+00
1.487109165711351100e+00
1.175622163527208386e+00
1.415376090480804816e+00
8.901779795304256560e-01
2.352621596139966575e-01
-6.559253546020642478e-01
-2.399933732611082782e+00
-1.509191722174400896e+00
-8.716646415012668792e-01
1.464747180048899589e+00
2.677159644361809754e+00
1.913881493495475095e+00
1.525162385237423868e+00
1.474820228876896788e+00
-2.066229507794381082e+00
3.947396405540427172e-02
9.882728715702247813e-02
-4.201164844333805104e-01
-7.875076044319455626e-01
-1.329405466603606367e+00
-1.354581167129685904e+00
-1.867018763721100427e+00
-7.844685532307376086e-01
-1.970407248062223893e+00
-2.339991603317026492e+00
7.708303615279855636e-01
6.742091322342909088e-01
4.965009900413838162e-01
1.147573179952576572e+00
2.358305250253719676e-01
-2.212445911030076928e+00
1.459156735769882030e-01
7.990099230232561300e-01
-1.221341514708203402e+00
-2.178761263096332002e+00
-2.156423943154396561e+00
-5.999859443364043976e-01
-8.871410431763362414e-01
-1.485180724573745614e+00
-1.170388548105841586e+00
-2.548430806140331573e+00
5.105723487129449900e-01
-3.593967873325037976e-01
-8.311949706305425956e-01
-2.343346841503795019e+00
1.896226698275373490e+00
-2.014980228916812166e+00
8.952752756836562797e-01
-1.775849555705116822e+00
1.539085093246370883e+00
-6.482003990452156472e-01
-4.791893246941319462e-01
-8.157870228483801722e-02
1.103341596902958077e+00
7.441096766999742984e-01
2.367889565213215253e+00
-3.264292477900394562e-01
1.079268014768052453e+00
2.387339662698730436e+00
7.562543813228733702e-01
1.404186944321206720e+00
-7.452717502881587297e-01
1.533639876547478131e+00
4.098736487137043305e+00
3.907376441813154688e+00
2.655740951352161705e+00
4.434528250561411977e-02
1.377600994730894257e+00
2.990340253162533823e+00
4.707823048261266408e+00
4.998973518958872653e+00
2.054341713254845381e+00
3.929686557227992871e+00
3.031251290869991344e+00
1.004650787176757376e+00
6.615802155622101388e-01
6.145076039122815414e-01
4.851883384464619198e-01
5.372759732972066660e-01
9.308483774739921834e-01
3.109016385848377695e-01
-2.263680049392693405e+00
-2.328856529545523024e+00
-1.706633425383395686e+00
4.788033120358939354e-01
-5.436792920969423237e-01
-2.314728164441672398e+00
-1.891778948689485595e+00
-3.228000919679518077e+00
-1.577653499106846713e+00
-1.018935442417233439e+00
-5.883312830232906299e-01
-1.951339701403822069e+00
-6.425692453347709998e-01
-1.902104320031071383e-01
4.709231459859483104e-01
-2.898048555459823827e-03
-3.264739199014818460e+00
-3.726174120337040208e+00
-3.914275538850327862e+00
-3.587663624864942058e+00
-8.238998660122363038e-01
3.648249057553095032e+00
2.733121977876533215e+00
7.973286386370949108e-01
2.217186460636949352e+00
3.291390542629868854e+00
1.526617183546921996e+00
6.232494878741343669e+00
1.426024750007940600e+00
2.184387014003037475e+00
5.231975729151506549e+00
5.872582296077326625e+00
8.229210154543654454e+00
6.385487124014477267e+00
6.433537276260326898e+00
6.897625995814458122e+00
8.516907375721137541e+00
7.767176028529081400e+00
4.176513689483585701e+00
-1.176365271651688582e+00
-4.049971505153583173e+00
-5.710938742015220448e+00
3.163075765837700115e-01
9.057024042118294593e-01
-2.729531063675981084e+00
7.398886607041970098e-01
3.653508882212073150e+00
2.247459121000360271e-01
5.934819430256185413e+00
8.049532843619267908e+00
8.655759322586130011e+00
8.759561711242383808e+00
9.774744197701201287e+00
7.924715868806355701e+00
3.584416114224795891e+00
5.311695979436745318e+00
6.112672524995206302e+00
6.241170963350148426e+00
6.948754787860423221e+00
6.660981368384928381e+00
4.445872043527246298e+00
2.610644098585734874e+00
7.107810999084978043e+00
2.204351971519181497e+00
2.734506929300327016e+00
6.132569382921023937e+00
7.155057734006819103e+00
6.438844613063424482e+00
7.651881735249355998e+00
4.594125246481083558e+00
3.125069356153571398e+00
3.612182482620278634e+00
6.235290126286992418e+00
-1.018331518172943984e+00
1.863313571349900721e+00
-8.220699466147145529e-01
2.291596898744186372e+00
1.691631588750543758e+00
-2.717436705452432877e-01
1.612671067675714776e+00
-1.184282066843042935e+00
-3.184702152760324978e+00
-5.116571015598263550e+00
-5.581922346850699768e+00
-5.829957784351859074e-01
-1.403902393036209117e+00
-3.666595263063491261e-01
3.666704098603224438e+00
4.200896158074895581e+00
2.958747403713904767e+00
5.455692996854397236e+00
3.539245838917222553e+00
3.184035541382961298e+00
1.676651912822064716e+00
4.589101115073440096e-01
-3.622522678280227115e+00
6.375680529683463993e-01
2.466488998241424646e+00
1.627904488775768987e+00
3.561960780135217775e+00
3.745385036617298269e+00
4.023744442592898984e+00
2.305181255521959738e+00
-4.227654555480027387e-02
-2.274743234914629486e+00
-6.126363810091930429e-01
2.069937739164341706e-01
3.109334756462440175e-01
1.692382028211170564e+00
2.814773978138865207e+00
2.403376429467003472e+00
2.308896791397839543e+00
2.147359647792954629e+00
1.652524746973327074e+00
4.173079374166926980e-01
-1.000176628090640119e+00
-2.679585089503174089e+00
4.642029369409279571e-01
-1.857043365068560714e+00
-1.630911378600739869e+00
-7.717500422444988351e-01
1.787380638439879599e+00
1.046047440485280200e+00
1.680018105532851969e-01
-1.655235936694089693e-01
-2.119287443945643279e+00
-2.049726897593590280e+00
7.499942261637695395e-01
-2.650544796055282148e+00
-3.184794964792871497e+00
-2.694283252519626526e+00
-4.451591915131536403e+00
-4.330944492051558292e-02
2.402484644607190578e+00
-1.540968073592092757e-01
1.504308740824408908e+00
5.312222383943957738e+00
5.415845704413940531e+00
6.614631238043800820e+00
4.710884128021708861e+00
3.715251796395542261e+00
5.406408507521462958e-01
-6.471530360505822754e-01
-3.417057126325427907e-01
-6.512755116935378119e-01
-3.662933461720920825e-01
-2.901088829188167711e-02
7.728441198560275227e-01
1.809498760680647300e-01
5.141408906088228425e-01
-4.856824837017529317e-01
-1.333402644097939849e+00
-6.548842817754816359e-01
1.430334653596852412e+00
7.056792039505547010e+00
6.487699981112422520e+00
4.403857840303812665e+00
5.295644072000263769e+00
4.667358786768237344e+00
2.893106089430100281e-01
4.392613486137555867e+00
5.510713594899644185e+00
5.699584887734331140e+00
6.895965284373012594e+00
6.437470540225619153e+00
4.558323164885193179e+00
6.883791191605411974e+00
6.371826430867603364e+00
6.600551116051841305e+00
6.900073858064075694e+00
6.423024891449920837e+00
4.643666741472573634e+00
5.763987620964819314e+00
7.659159897618690316e+00
8.485368329966814116e+00
5.967799553068770635e+00
6.925634953387193704e+00
8.268401569895452496e+00
6.768981036883610081e+00
6.959291797422038961e+00
7.779295142139255326e+00
8.101985418587876353e+00
8.129589246948839332e+00
7.154752123468312242e+00
7.330556335894420350e+00
7.702715799158925236e+00
6.899299441253285536e+00
7.205507061356380305e+00
7.582674504844041152e+00
6.672742672463870761e+00
8.476619955036907683e+00
8.480235394715666786e+00
8.673844350349833476e+00
8.795077691674658027e+00
8.977183779832003552e+00
8.451109536846503900e+00
9.176462985111918158e+00
9.017040814776368762e+00
9.101262358153556775e+00
7.822011660583240378e+00
7.500264539694939891e+00
8.282678236673277183e+00
5.745226151527287328e+00
7.257797162478441422e+00
6.901702389492612610e+00
7.673562510850850948e+00
8.438070775458504258e+00
7.658267180265650786e+00
8.968126656435916999e+00
8.182968524393608334e+00
8.691442673407268060e+00
8.952907980366749285e+00
9.330545452947914598e+00
9.631325122915278314e+00
8.138090962329684430e+00
4.526543855652163550e+00
7.557580436431596826e-01
8.468622927295514913e-01
3.232276474856355525e-02
9.877440097521010820e-01
3.562848128237584788e+00
5.083337186686724962e+00
3.409896677470176218e+00
1.126620065118294489e-01
3.949761567608294777e-01
5.139828855845665956e+00
3.970127177779092520e+00
2.120297259471663587e+00
4.465762055284664633e+00
4.333592376104473232e+00
3.127149785293549478e+00
2.540307611868651172e+00
2.944470450696655917e+00
4.340737463683229727e-03
-1.760590603226509288e+00
-5.469088082017997676e-01
1.999113059998160136e+00
2.886205658720224498e+00
4.197604226853377973e+00
2.833746136631354329e+00
3.771605539201141610e+00
1.560558004486606531e+00
3.169174236072999751e+00
-1.954477663355099981e+00
-1.606938143381113349e-01
3.241637297219417402e+00
4.633524047824410630e+00
3.676450500559464540e+00
5.599572702358328158e+00
6.365911935129163979e+00
2.112993361985219920e+00
5.537442775486331570e+00
4.477365038135358688e+00
2.996310280595965381e+00
5.963446806443652548e+00
6.465984818698762737e+00
3.939486443814990579e+00
3.322440475856724973e+00
3.504991420147932857e+00
3.024657695354393550e+00
4.231633266655602910e+00
3.568534380821312801e+00
4.027690795737895790e+00
4.231482279749468667e+00
3.780992090919715665e+00
4.207101577867693010e+00
2.117945764019733446e+00
4.499871344446681576e+00
5.055774874238192496e+00
3.803545813026488087e+00
1.943904246497321964e+00
-2.832074572469617024e+00
-2.873866432578735974e+00
-1.399921980631941842e+00
-4.449678576474505598e-02
2.134927448702302055e-01
1.182214836372551980e+00
5.952541620307423287e+00
3.669652876880193482e+00
4.864348372238951335e+00
6.290967740235712924e+00
6.484564262606831164e+00
5.829032336443335183e+00
7.422076151381437725e+00
4.966657671910732930e+00
6.351577415815444994e+00
6.943563755117611258e+00
6.214244901895832562e+00
6.772392974860133030e+00
6.189170509713401103e+00
4.599596130990864395e+00
6.039530038614038254e+00
5.168489463552666585e+00
5.889617727398506197e+00
5.246163178564804852e+00
3.291634086509662271e+00
4.379345882263752543e+00
1.018014815579590948e+00
-1.068033461896351177e+00
2.237302644661193440e+00
2.646762441991941106e+00
3.038151747824626270e+00
3.434140513255712790e+00
4.725576504013553780e+00
6.454791188882448516e+00
5.920857320588661210e+00
5.079709235287634961e+00
3.127467540903585697e+00
3.533104319843568319e+00
3.733052836951965325e+00
4.464814437465856045e+00
4.898782046627878195e+00
4.684444873432833667e+00
5.226744544650880897e+00
5.361943770035347612e+00
4.943080588059566516e+00
4.668302737728446949e+00
3.593891720493705311e+00
3.470057250125917037e+00
2.288117374152864869e+00
1.814120998110858807e+00
1.636713203648392456e+00
8.455899051172619529e-01
1.493732942162908195e+00
4.888041672835448104e+00
6.401420662058143307e+00
6.362288366717415045e+00
4.917278062360289859e+00
4.887191410556583904e+00
3.474426252961512418e+00
3.769954428845868399e+00
-2.543233001624258804e+00
-8.743774586756036804e-01
-2.851284001235013132e+00
4.337991356342332239e+00
5.181087368988864128e+00
3.773771901464046952e+00
5.856835731568842185e+00
5.881894741304273033e+00
5.584586186104525396e+00
5.474701283661969065e+00
5.015433082886752381e+00
3.014385185779705267e+00
2.351565605047214014e+00
-5.467588910113106992e-01
-5.830687864837895695e-01
9.965792628443117529e-01
3.155880886094557525e+00
1.408549683587987822e+00
1.816899782086227155e+00
2.069137930104919754e+00
2.236819427184805864e+00
4.473355521894028186e+00
2.480957500093900592e+00
3.721375878524052716e+00
1.371912530053910562e+00
1.990022195042642661e+00
9.430311394779107570e-02
5.272526255877663992e+00
2.536531916186731017e+00
3.462418880058102388e+00
6.222157875892238899e+00
4.124572396569272215e+00
1.410700357187360865e+00
5.445404888218703832e+00
2.396208012527369480e+00
4.155388295401779786e+00
5.438381220928802939e+00
6.589898056225780287e+00
5.352956260672461219e+00
6.254074098778471757e+00
6.682792461895256331e+00
7.838062677604388462e+00
8.197855004154510183e+00
7.723955331481285214e+00
6.870074635753344872e+00
5.724238393583504170e+00
6.556182062285720313e+00
6.970414336808309130e+00
7.049593322173781651e+00
7.219514485099982615e+00
6.385865100057550592e+00
4.276509453565254582e+00
2.837124542002996019e+00
5.648604377293963807e+00
3.066707071493549819e+00
7.917079163847413170e+00
8.013451979748984044e+00
7.118011777425610198e+00
4.973471956940477057e+00
1.244859687685238914e+00
-5.613052061741399257e+00
-6.728296330579215834e+00
-2.683635902543849205e+00
-2.600925078108778266e+00
-1.441427527638414308e+00
-5.140831576426232452e+00
3.646743101844404755e+00
4.522774103477644303e+00
3.607368886814091846e-01
3.110788020193901104e+00
1.985060096366857652e+00
1.786014423212914703e+00
6.867650737346600920e+00
6.313455535424270515e+00
8.145564723685428277e+00
7.726396995715285598e+00
7.825469965345671852e+00
7.978080277357067374e+00
7.503862988533278156e+00
5.607674715863422144e+00
7.834471475685954367e+00
7.514711077130251660e+00
6.976281469080980457e+00
6.402075490966145033e+00
6.590108702152491560e+00
3.996910413431100650e+00
2.255726917905807483e+00
-1.558341038706495318e+00
-3.374221571751814253e+00
-2.421301495817728133e-01
3.823669927658928103e+00
5.510107316264352129e+00
7.092909799901252477e+00
6.891909053865839851e+00
5.748139540839478201e+00
4.809736522226703670e+00
7.331842061383085252e+00
7.113244284671107920e+00
7.728886990923853340e+00
7.833562481842606395e+00
7.612023849419192523e+00
7.735508787739274084e+00
7.938082041372792830e+00
7.955748952034657151e+00
7.111283476663825098e+00
7.583548220119942229e+00
6.989030324920376458e+00
6.020096622436028611e+00
6.804028007349635310e+00
6.401078227383020902e+00
7.281107045145006396e+00
6.463950878429580271e+00
6.274572194599325137e+00
4.861999740345806842e+00
5.717864086923691858e+00
1.265714775610806697e-01
1.032659379766721619e+00
-1.694851887007266189e+00
8.393077964660164980e-01
2.670692418195491413e+00
2.277939622855674084e+00
2.890133209773856571e+00
7.538679001145691672e-01
7.911615688549686887e-01
7.135488805511154276e-01
4.385494740898929211e-01
-5.582342448346439001e-02
7.658533975951686834e-01
1.207200671534448766e+00
3.536551355169410105e+00
2.195249329978049779e+00
3.963530607066119149e+00
-2.826484373491754409e-01
-1.000896099474506862e+00
6.114777074407068413e-01
2.799811829059727780e-02
1.769305311979270989e+00
2.653494824213216585e+00
2.389948767556800746e+00
1.735099872903084206e+00
1.831843480319831130e+00
2.920028877860220806e+00
3.491267752514101375e+00
1.616782903236069657e+00
3.810565413404649604e+00
1.567593963478651764e+00
9.418401259127034963e-01
-1.475925891924771971e+00
-9.845718373149350278e-01
-1.152656226967690101e+00
9.967365510284753594e-01
-4.466632076479818414e-01
-4.098751636785095132e-01
2.020354971399078714e+00
3.525279220718176454e+00
4.115131927648229215e+00
3.791754870898313978e+00
3.163606312958732847e+00
3.935557943285230564e+00
3.944040339240039827e+00
4.432229444833212462e+00
4.034501139946736537e+00
5.167133246616842257e+00
5.640372358987233881e+00
5.570262411810840142e+00
5.945953831507032383e+00
5.258615496655717259e+00
4.459548382621514762e+00
5.238984509728723538e+00
5.251480696761968714e-01
-1.004538097126434604e+00
-7.192035337077715695e-01
7.231227190894329304e-01
3.335498960830768134e+00
-1.609443563648372599e+00
-1.928248018757795501e+00
2.906491517374862443e+00
4.813241876391734841e+00
5.764237812026308916e+00
5.673594304958520240e+00
6.155483669273187353e+00
4.877216118696460434e+00
5.669623618007201493e+00
5.322649381242668731e+00
5.336058475309830129e+00
5.129781225961009383e+00
5.428761107690562859e+00
3.557896437128255762e+00
2.048546976973357303e+00
4.386353693009228394e+00
3.756579533286620531e+00
1.390645750747534493e+00
3.144234038770339801e+00
-2.163259750562028572e+00
-3.491217584849462430e+00
-2.519523547836326482e+00
-3.574883426066317149e+00
-2.171172082077359899e+00
3.424869437251594650e+00
4.058439495998155344e+00
1.635023270945576757e+00
4.531657620414950571e+00
3.097613811947821372e+00
3.666405750472108149e+00
2.412327328718590014e+00
1.084037263755316172e+00
3.603179133568639170e+00
3.142275399725698470e+00
2.924108695811385772e+00
3.294173693394537583e+00
3.019455183278764387e+00
3.310562403214220684e+00
2.977750897074427083e+00
4.916770900226069330e+00
3.145688981453446331e+00
1.786889756385253492e+00
2.167901740275052447e+00
1.653915738563613624e+00
9.701771968851669037e-01
1.355793671980217940e+00
3.614818914997026233e+00
-1.544162257291537277e-01
-1.802588460354796474e-01
1.918597430931932912e+00
4.138232271212585189e-01
-5.444807572814950314e-01
-3.864585099645446720e-01
-1.084786109869702697e+00
4.053927427660187099e+00
3.718365500807499835e+00
1.072977029153566075e+00
4.583547996949604908e+00
5.548112037968675025e+00
5.486882947709378122e+00
7.679017347913981162e+00
4.728161357368754203e+00
7.097047775660762170e+00
7.343161047745772052e+00
2.502865184734746506e+00
8.302614278560342953e-01
4.734528751523362722e+00
6.620887359699638708e+00
7.144609971867592613e+00
6.082728290172056518e+00
6.553286443162914310e+00
6.960772535066661604e+00
5.495628451412423843e+00
3.101712783145604391e+00
6.375535615692968783e+00
6.996620248293049293e+00
5.966126177533168651e+00
6.235187071752418042e+00
4.771910721478754169e+00
6.019496867851632516e+00
2.452552180837438200e+00
-3.577620104526401335e+00
-5.835834575766039478e+00
-4.289630797831552655e+00
1.792740730090766288e+00
-7.984195747545132171e+00
3.481048083168355234e+00
4.087338485527523879e+00
6.901540367721707092e+00
5.302490221562432993e+00
6.990278019940449283e+00
4.236414010899325788e+00
5.304008864207220952e+00
-1.109759259724260705e+00
-2.902409603558228635e-01
-2.669634860020391631e+00
1.179902727086197700e+00
-1.694492002843369649e+00
3.978244983625061071e+00
1.935928140352290772e+00
-7.102761301279387762e-01
5.732035950484165587e-01
4.959614111327853792e+00
2.782247887497395933e+00
-2.526778158573582012e+00
-3.725119797306815084e+00
-3.690350992302982025e-01
4.125309677612212234e+00
5.225608760493248184e+00
4.526969698738215975e+00
4.435284782408590587e+00
5.360447673159606019e+00
5.444249471711019694e+00
4.268360215527822632e+00
3.500538826779030721e+00
1.466894798591628302e+00
1.829775310919826925e+00
1.599879471352106064e+00
2.155825963887491703e+00
8.838544036635713752e-01
1.251000206924318903e+00
1.170027584397079323e+00
1.780466181387787339e+00
1.745329060866369186e+00
5.475431704754543105e+00
2.174283100903649846e+00
3.567183512675529133e+00
4.351665607548090620e+00
6.816752231838507647e+00
2.758446020784731001e+00
3.586262030585919192e+00
-1.103892635979656145e+00
1.132832763479763027e+00
-7.299488930342288295e-01
-2.862403203063000223e+00
-5.460345593958143562e-01
5.825755984320105663e-01
-8.337297219492817435e-01
-1.253814762044484610e+00
-3.690611734786672926e+00
2.650219804353828756e+00
-1.109333635566714271e+00
-1.265051177127691995e+00
-4.255788708468862147e+00
-5.498459821234904510e+00
-7.636681560152879022e+00
-1.229264681491616162e+00
-7.918012284514061250e+00
-1.078028185099156211e+01
-3.341324781514027009e+00
-8.068602553588789306e+00
-6.271690498621269594e-01
2.800299861142029556e+00
5.165233568690363875e+00
6.254537023079699054e+00
6.697222330240698795e+00
6.158536602943525118e+00
6.516535461109913996e+00
6.471082446383241482e+00
5.353637118072747114e+00
1.602862096872092135e+00
1.853910926996542308e-01
-3.605879255241971615e-01
-1.828412429399103312e+00
-4.999374056984265402e-01
2.567753250460613756e+00
6.139432376160276483e-01
-9.555453061487484412e-01
-6.584863726530363337e-01
-9.703031254376869030e-02
-1.368595626369892848e+00
-2.006260229871948297e+00
-1.159636248798172897e-01
4.658597814883963517e-02
-9.777947714709610549e-01
5.351649184621255495e-01
7.604530968002682911e-01
8.680959976407008893e-01
1.673746119443313196e+00
-4.865708591674827721e-01
3.676293338397504384e-01
-5.979892245386513316e+00
-5.659527152719077137e+00
-7.552341049151671815e-01
-5.369740263420387516e-02
-3.385309553460664755e+00
-4.850695774430884288e-01
1.170599376328380847e+00
1.549417160665991444e+00
1.335152728869005045e+00
2.010094290704381947e+00
1.782726211498593560e+00
1.145287262693338359e+00
1.258431037607263381e+00
2.245425778359037228e+00
2.926003418888281082e+00
2.100244584531100411e+00
-9.886386170685207420e-01
-2.549960674616094658e-01
-7.478750246421323133e+00
8.179410151644155302e-01
-4.517618760470649697e+00
1.496950066387749523e+00
-7.021896485181428060e-02
4.662669790696618577e+00
1.796641576271974516e+00
-4.354754892459999027e+00
9.882143443066354616e-02
-2.396567426241039911e+00
-2.486213838739665505e+00
-5.088047883501721991e+00
5.538945670687762668e-01
2.757582934693604937e+00
4.627931169280040002e+00
4.479528327098249996e+00
2.633966916087787880e+00
2.505961018983025923e+00
-8.160205034125516121e-01
-5.999168493564988047e+00
-5.839929068672947921e+00
9.487524122883037592e-01
2.800333569472619910e+00
2.535378141333581858e+00
3.079289978524914595e+00
3.323788517612271232e+00
2.842895896558848445e+00
-2.727530710783955037e+00
4.809199946257902702e-01
1.161694521203993524e+00
-3.661331341665698957e+00
4.636803189005787029e-01
2.407305589342259466e+00
9.823938730527659313e-01
2.872385458672833458e+00
2.822761078320611183e+00
3.399660637038181221e+00
3.637002180472745039e+00
1.261381975765941021e+00
3.000375909082824144e+00
4.871869924575121580e+00
5.420926490276761101e+00
5.193427404283127657e+00
3.384615983870040257e+00
3.814515786194552671e+00
5.708557440577783915e+00
5.683231425281660698e+00
2.747202050842550314e+00
1.714543798013992149e+00
1.663172604984917591e+00
2.031714645488560844e+00
5.135712224294936235e+00
8.648000868950488140e+00
9.053129555364586523e+00
8.251665793146941041e+00
8.777119756283537910e+00
7.851069241976613711e+00
8.452094235003006162e+00
7.361858466848481442e+00
3.953825678315613601e+00
4.268315878985600165e+00
3.232597757194872745e+00
6.130340909920148462e+00
7.297596209083224039e+00
7.773977644113923446e+00
6.829324315397265366e+00
6.607536098801704227e+00
6.746145112048810510e+00
3.684014971069725419e+00
-8.915856230408868432e-01
-2.320920722028741778e+00
-1.549370690217941826e+00
-9.221761856802922486e-01
4.606597134194623244e+00
1.675672275042732640e+00
1.824570650465588528e+00
3.076222221501873300e+00
3.806705395311204665e+00
6.301928496234056709e+00
5.880187411872334735e+00
6.028264629984986023e+00
5.485031136808045105e+00
4.751178395568944168e+00
1.241277665113314166e+00
-2.283891018215981200e-02
-2.120040039907248541e+00
-4.690954034735150380e+00
5.611511171503739126e-01
2.060718036543591314e+00
2.615132098150789730e+00
2.839674661523553745e+00
5.052511481145040229e+00
4.046659919610979372e+00
2.799315548439707424e+00
6.101398358464871219e-02
-1.575262604796454635e+00
3.298327623349529003e-01
-2.779984305902094999e+00
-5.464695322934657540e+00
-1.175467964758725836e+00
-2.434489575832670560e+00
-2.968401802606895679e+00
-3.077783665230894972e+00
-5.216027930594807849e+00
-8.601821505834559289e-01
-6.100543893585904875e+00
-4.960046551678277460e+00
-1.812815394485843556e-02
-5.925913460178875880e+00
-4.436674004979327179e+00
-3.309783663300362999e+00
-1.511821863750561601e+00
-2.011015015563930142e+00
-1.215533492526472026e+00
-1.547966502251979515e+00
-7.490631913910461570e-01
-3.716461911422840880e-01
9.978571500525394988e-01
4.550113795324132404e+00
2.505912305487990821e+00
1.463613411786991669e+00
3.927347564223698129e+00
3.056177548119910270e+00
1.398383101338455115e+00
3.546705144456931080e+00
2.381877229817686459e+00
-9.567378955478018920e-02
2.539609612270490757e+00
3.588430204080308439e+00
2.851093807227370824e+00
4.555540286663839922e+00
4.166393713215446937e+00
2.809466589114232526e+00
2.990382286235160780e+00
3.162806785149441691e+00
3.178225414130059878e+00
3.254174358721209526e+00
2.105411340914498997e+00
2.949968423707806764e+00
3.182584501707269808e+00
2.246559530630433787e+00
3.777720429785924150e+00
3.177786516342505863e+00
5.056312792415190494e+00
3.079076756865135600e+00
2.980902962813969381e+00
2.966345352672395741e+00
4.532330619668591964e+00
6.437169244623969888e+00
6.269946055011674346e+00
6.131450914683264308e+00
7.073217860427360115e+00
6.953623236865137613e+00
6.648235707247441617e+00
7.178820304087640380e+00
2.727095300282382784e+00
-9.106470515258213716e-02
4.027777411199343405e+00
6.721266168488182480e+00
6.363907973183065891e+00
8.260258796886848387e+00
6.195270741333254172e+00
6.974283234141650745e+00
7.143741988590463166e+00
6.117871551587414025e+00
3.872796699233390427e+00
2.651688518722850052e+00
-4.549072495323766008e-01
2.687974404393906891e+00
2.310271890911210768e+00
-9.389588535892484655e-01
2.308897711645493178e+00
4.188828759141934199e+00
1.598317183027727073e-01
8.477683078007255957e-02
1.178300297889369297e+00
4.458064264424690393e+00
3.478805126040141360e+00
9.942349940547378084e-01
1.230108729224658637e+00
-1.646514050985170341e+00
2.707934730574396376e+00
2.730892985631572234e+00
2.896496728604292414e+00
2.991066434996478396e+00
4.211657589904794108e+00
3.482950142472083233e+00
3.984215386015084626e+00
4.495935447263692097e+00
4.959731370118557692e+00
3.414635432981956153e+00
4.974635465723769912e+00
4.391530580442255527e+00
3.482761160827776425e+00
5.241231462385787410e+00
1.110839498944943937e+00
-2.252700263267696901e+00
-4.307219465976875661e+00
-3.154931653410707248e+00
-5.404686055916489984e+00
-3.750348534617399032e+00
-6.420693289362140455e+00
-6.614702145689939528e+00
-5.528740826355720728e+00
-5.366935697718801634e+00
-3.648902574446050817e+00
-4.666973492840276627e+00
-1.364067261044192625e+00
-2.375190043030813491e+00
6.495127716051939115e-02
2.111738416802611429e+00
4.320955174363657614e-01
1.189335872042141196e+00
2.405764299335711787e+00
1.846698714888380666e+00
3.405451705686681763e+00
3.294540921780074960e+00
2.499755286424877543e+00
2.135138926516897850e+00
3.446687128305738756e+00
4.364209088297011263e+00
1.830538367883478124e+00
2.371263848532359830e+00
3.012298124488010931e+00
1.528236212920804915e+00
1.660711752251718076e+00
2.660224649578254441e-01
9.728989410163253471e-01
2.362424787990843877e-02
1.734914200618344005e+00
3.006245010656538597e-01
1.152414660523209289e+00
1.348073436966913619e+00
-3.488871140257436831e-01
-1.000255628550580367e-01
8.802486974486151139e-01
1.544935159667245372e+00
7.829458089439321478e-02
2.710978196519890471e+00
1.130298036124802730e+00
3.799528646514639618e+00
4.877505386285793776e+00
3.606189534837164867e+00
3.399263578382528905e+00
3.518019263836559496e+00
2.728286310998953468e+00
4.806255372297144390e+00
4.032340419548045674e+00
4.621438797115711594e+00
4.884583400412950027e+00
6.287647647904782922e+00
5.925026405955921227e+00
4.367816080542945123e+00
5.556812455121549199e+00
5.217755449953962454e+00
6.102518483917283021e+00
6.373557282568135918e+00
5.709022945466588617e+00
5.026502235992110990e+00
4.398973011565266766e+00
5.059894194361143960e+00
4.995850471893526823e+00
6.071834216714867338e+00
6.419446801710621209e+00
6.450202459416900069e+00
7.794660032060891197e+00
6.814590061133452004e+00
7.364951047873667278e+00
7.482299115451505500e+00
7.228352695335580336e+00
7.348381281115382357e+00
5.462194348397596322e+00
6.515375835088310197e+00
4.899598734381468645e+00
6.084860018045144869e+00
2.353053438853681012e+00
4.880925518847353928e+00
5.179294282872635158e+00
5.736822764555046916e+00
5.578690893504426818e+00
4.224038699360874283e+00
4.567317823405465660e+00
6.547133971155676413e+00
6.470866758466270241e+00
6.332690055988637212e+00
6.509921575959358719e+00
5.186356993100274870e+00
6.940850890874880719e+00
7.866349166432984319e+00
6.810431860730287390e+00
7.743956124383510442e+00
7.912094264687987710e+00
5.225884956809919046e+00
3.431648498777164491e+00
8.614904488420995765e-01
-5.655484889831397410e+00
-6.825439806758009986e+00
-8.851276303945394552e-01
-4.740008883710176590e+00
4.017781375786860787e-01
3.061526773551700664e+00
-6.420049285502795744e-01
-6.887931068965048809e+00
-2.939303406829938847e+00
-3.302902121796856827e-01
-1.834610334582799984e+00
-3.124790657958291806e+00
-4.174983196292761711e+00
1.137090453866661244e-01
2.132329998832752871e+00
-2.777635588166783798e+00
1.218618338061839168e+00
-2.483312244982614381e+00
-3.243506291747771719e+00
3.683950284145662835e+00
4.428392311419854011e+00
4.058415411648971904e+00
4.983194220694301180e+00
4.560781329404692386e+00
5.043583736785656413e+00
4.011838653777012986e+00
4.067063062550509756e+00
3.868928588453135475e+00
4.932596913898564139e+00
5.219132528390682424e+00
5.628696994840631795e+00
5.658131983145120003e+00
3.889839830899566309e+00
3.176501506424982413e+00
-1.826650173692715429e-01
2.128764058261683356e+00
5.167924647715759434e+00
4.776942870862774804e+00
5.851638479546026339e+00
4.133961444060251011e+00
7.413500328008105766e-01
-1.905317519576384955e+00
1.436044874120146808e+00
3.810548417577653169e+00
2.878987509193668970e+00
3.100305178151513630e+00
-3.203013170332030590e+00
-5.351502846775854749e+00
-2.106441474094590482e+00
-4.519355989628777159e-01
3.311150090675071933e+00
-2.200381424834879418e+00
-1.022782713761584361e+00
3.084979301469071622e+00
-4.036408822019865728e-01
6.624083007215729735e-01
-3.513818304970306006e+00
-1.084967879168304172e+00
-4.451129971483610781e+00
3.466720354391972236e+00
3.144295523713279472e+00
-1.458818061510964714e+00
-3.044099281410183711e+00
-3.101734430116261376e-01
-4.257954528208926170e+00
-3.533480043098939927e+00
-1.437177938375925335e+00
-3.583470546227076614e+00
-3.189062352350940266e+00
-1.729443008409875526e+00
-6.415180984972855827e-01
-5.707158306050287289e-01
4.213278533103955503e+00
2.445869503278593982e+00
4.782470981889580308e+00
3.923250361029968936e+00
4.857017268394257847e+00
5.324245860793920926e+00
3.725633862727720569e+00
4.055565832331625487e+00
1.884646191928465608e+00
-2.066608090790170493e+00
-1.507652055654997270e+00
1.282848503091754022e+00
2.377002632736437526e+00
7.189910236791916542e-01
-2.231312777623393639e+00
4.696412663154589384e-01
-3.462832803118245817e+00
-4.130092179505186145e+00
-5.018652555747483923e+00
-9.641856375094295828e+00
-3.037885745727154863e+00
-5.808958355057585621e+00
4.201733911202353844e-01
8.407322701022229561e-02
4.131436092407855476e+00
5.727960181872812306e+00
5.980127958054905157e+00
2.212620278733292700e+00
-2.031401147273486973e+00
-3.477115704527626860e+00
-3.499637634261083985e+00
-2.480109828607623690e-01
3.009589587562295332e+00
3.784137333079351961e+00
2.212600463931319261e+00
2.323462851284474162e+00
-2.117182709458635959e-01
1.733470175369831390e+00
1.905506315369067671e+00
3.524834402575559800e+00
3.702686798531524826e+00
4.557301132754302486e+00
3.266090312919033067e+00
3.871069575250878358e+00
-1.993156326505505671e+00
-2.846858616137981635e+00
2.302457745652418453e+00
3.570105376088227089e+00
4.349574507054562389e+00
2.966762607105338123e+00
1.387491132521007087e+00
9.213771585950052412e-01
-3.857168053245825234e-01
-1.287189669777182743e+00
-6.022090993885029775e-01
4.510820241393393576e-02
-7.413997132669185586e-01
1.647066194518209903e+00
2.674956551376477254e+00
2.590363514649325793e+00
3.341917947531683475e-01
1.575725960221185717e+00
2.539230127590720087e+00
1.198879254315316167e+00
2.407164393983884043e+00
2.060185368279641160e+00
1.372994253316724977e+00
-1.385307827418320037e-01
1.356939548391976613e-01
-9.494132665848749042e-01
-1.013805507413020335e-01
-8.024909254958435545e-01
-1.768365636771783933e+00
1.690127433043259186e+00
1.889316568164288057e+00
-1.732655106795289779e+00
1.114705559591526729e+00
2.645007817937956585e+00
3.724204085292841082e+00
8.246518807829777238e-05
1.273918540697297486e+00
-3.691081576822736743e-01
1.952901997149406599e+00
1.610534656741483328e+00
7.887342370072235598e-01
-8.824732718217686012e-01
-4.114094656843574782e+00
-1.520030059354206209e+00
-8.484564944259147534e-01
2.110199414070825341e+00
4.280733818790711243e-01
3.250168877291609526e+00
-3.522670270570618656e-01
1.842134873540802742e+00
9.837850248987217716e-01
7.424851784505019925e-01
4.286854918700210959e+00
2.855744424841746287e+00
-2.098559656522019257e+00
2.159726126017456949e+00
-3.081263826744533141e+00
-2.904852042304116644e+00
-1.018156865144726142e+00
2.316760098586283956e+00
2.782316797600392633e+00
-2.594656146354996085e-01
2.037092645551491721e+00
5.473690889521227732e+00
4.440002791628044676e+00
-7.484049672672827835e-01
5.407039416845166535e+00
4.003458385399204289e+00
5.856066746411128676e+00
4.530097481305734419e+00
5.813486154759145208e+00
6.099335406152927241e+00
5.863113998175681907e+00
6.468450416883657184e+00
6.580908919770038779e+00
6.001890088115468203e+00
3.680853892942077099e+00
4.618917109976380608e+00
4.978784141888780823e+00
2.900503275138746062e+00
4.087961878788874515e+00
4.160108821804904267e+00
3.911634092010172203e+00
3.992999860520848987e+00
3.916718363971489314e+00
3.651343263538042727e+00
3.820095691236702340e+00
3.697286983741265409e+00
3.690702629084314790e+00
4.155106861138417429e+00
3.119640194828371627e+00
3.331204436796356916e+00
4.032617070436811169e+00
2.113916546857319112e+00
5.050171914439802734e+00
3.286483567505015024e+00
4.921267695698849032e+00
3.681500495823217811e+00
5.015114695519063304e+00
5.417214777246917023e+00
5.130352563774982499e+00
5.065356282366404450e+00
4.599957244826683223e+00
4.973469948694699383e+00
3.867933635153436356e+00
4.682226930599542314e+00
5.377625306801759208e+00
4.412294455145453043e+00
4.994321063690616569e+00
3.521878485652411683e+00
5.560752792534817246e+00
5.152334030489813088e+00
4.890804405374807651e+00
5.556121780718741299e+00
1.820625381362308337e+00
-4.082461431077591740e+00
-1.027468890191157769e+01
-6.527468439401548750e+00
-1.162283325973016979e+01
-1.108295230448284840e+01
-9.048939637380305712e+00
-1.219854563440909700e+01
-2.861139871976773330e-01
3.771130314532988165e-02
3.730323451770907184e-01
-1.456795914361235456e+00
-3.203785299096997274e+00
6.750897309957109016e-01
-4.249470856878755143e+00
-5.653736573411047850e+00
-1.685212789370657882e+00
-3.784347591299833446e+00
-2.969439484483981762e+00
1.246094460597621523e-01
-1.805195825646035424e+00
-3.934031903169679101e+00
-4.054835600288414277e+00
4.479826868653444261e-01
-1.586243171482333736e+00
5.286429061272174268e-01
-8.744966215696854672e-02
-5.683948897840953585e-01
-8.256578042197233458e-01
-5.091875264595228101e-01
-2.872617263200230031e-01
-8.549719380163669502e-01
-1.561823691104526457e+00
-1.152521930082132773e+00
-3.056450844455102178e+00
-5.006169791264992730e-01
-3.079869896938754792e+00
-3.854125992236701048e+00
-3.636322803811340876e+00
-3.672372853514662694e+00
-1.613525615443087924e+00
-2.652706780808572695e+00
-4.997577906414104376e+00
-2.631617400398440054e+00
-9.201829935821631556e-01
-1.169326969352190382e+00
-1.782977060510246625e+00
-2.735955327245332969e-01
-1.464400220251473872e+00
-1.194939146820825249e+00
-2.383457225520572376e+00
-6.548713436052869596e+00
-5.241401869178297090e+00
-6.301433468498708557e+00
-7.431081397666730481e+00
-3.920516965349207794e+00
-1.793674830539434328e+00
-3.413436332810838358e+00
3.128700159623178934e+00
-1.616774662471861301e+00
-2.243747663819101845e+00
1.895876509689174982e+00
-4.838285309405872425e+00
-9.922059794577558378e+00
1.667554363100034243e+00
6.041756329170336670e+00
7.099548803038708833e+00
7.151393841993805900e+00
6.707518387371864677e+00
4.341423436647120937e+00
2.846452408503200027e-01
4.949862391676511209e+00
6.277743023849541970e+00
6.356228088467648973e+00
7.557944187549657578e+00
6.544071118375713425e+00
7.373740825672085109e+00
4.297616453666202929e+00
6.826257571162585691e+00
5.033984906136431903e+00
4.584573358607801907e+00
3.078239181727205676e+00
2.546520344975736982e+00
2.134301950177270424e+00
-3.318597145103643342e+00
-5.875601262745644426e+00
-2.119679941830507897e+00
-5.512494761873448113e+00
-2.576397109610475855e+00
-1.199043667974713845e+00
-2.255821858448516348e+00
-1.494367291887559679e+00
-1.609774001734256110e+00
-5.504737225020155389e-01
-9.935230476512875164e-01
-7.003851818275433350e-02
-5.924165352687995600e-01
9.321483303022377598e-01
-2.657217396023482614e+00
-9.575273469444470220e-02
2.330999797721445277e-01
1.849082054747678283e-01
-9.296612040726333070e-01
-1.500467359523173005e+00
-6.105324956143076687e-01
3.004416205078148105e-01
-1.186685194667033594e+00
7.502051986516431459e-01
-7.670764627927185719e-01
2.793432101294834879e-01
3.848048973330313594e-01
9.188658158118252484e-01
1.641188616965991165e-01
-2.979434343734793877e+00
-3.913583380933264522e+00
1.218178057887841392e+00
2.461039068352223413e+00
4.796929910754905158e-01
4.036645961087387491e+00
4.776798935746761288e+00
4.752933654026546328e+00
4.079368558586072169e+00
8.966871028161809143e-01
1.564946221736227772e+00
1.033027380237896864e+00
4.543235006046924873e+00
5.090191531567509031e+00
4.580586991182908463e+00
4.777065822613026924e+00
2.497872530485137688e+00
3.225111214324598574e+00
2.028172149465287788e+00
1.497185345853181193e+00
1.826141099324953387e+00
2.287674122035985746e+00
1.139011862540210807e+00
3.250360205932302238e-01
2.053080822402430172e+00
-3.011472276594793218e+00
2.357436223913742523e+00
1.029066308694340570e+00
3.222155428287403200e+00
4.554320931965845531e+00
5.272882967338516913e+00
5.130258047508728936e+00
5.127038532514008651e+00
5.154854024599798024e+00
5.752072918586847550e+00
6.181313193089242652e+00
5.200654020427264435e+00
2.194128662844820887e+00
3.815890247768261467e+00
2.163965238472147501e+00
-3.628045354221058894e+00
5.776217606837917851e-01
-4.928470627260633563e+00
-7.261076395000515049e+00
-3.165270166510124383e+00
3.282426598048278077e+00
2.234970020836579252e+00
4.725047198606722176e+00
4.560308965714760632e+00
4.199317601628246521e+00
4.595650659384760139e+00
5.416900977850710674e+00
2.160004993121939609e+00
5.009480620042376486e+00
2.025861422494154240e+00
-1.183537100540911879e+00
-3.714901425350102260e-01
2.843141832116003354e+00
3.281114801810189441e+00
4.748888772575361017e+00
4.854227102148828799e+00
5.563348107485289518e+00
5.566210193572924680e+00
3.950368249591820202e+00
4.005305112314231586e+00
1.709329416612861863e+00
2.945362430454075975e-01
-3.993961418225597249e-02
4.997408871867824454e-01
2.594848043910042534e+00
2.395855389510632705e+00
2.356712866732203260e+00
1.762946899519334032e+00
-4.065818235167671935e-01
-2.682979182993039835e+00
7.666256589041979819e-01
2.501550512348427624e+00
2.859010993038744175e+00
2.172866175914676568e+00
1.658580129651599178e+00
3.264220447971093009e+00
3.938574978855772901e+00
2.374956776334128605e+00
1.102993541013413514e+00
5.027410915408474512e-01
-2.184201703961957453e+00
-1.795482174061630243e+00
-1.408306926314007113e+00
-1.438679176362851253e+00
-1.465538092048624730e+00
-2.763607928073812836e+00
-6.538784122617469219e-01
-2.844584612912174570e+00
4.490412871774390746e-02
-9.131235214446455917e-01
-1.241537318594757799e+00
-6.439655830359634070e-01
-2.944351841698779282e+00
-1.021046571117503854e+00
-6.381580395880057655e-01
-3.522283024653853900e+00
-5.474818038584057689e+00
-4.394364483098577523e+00
3.545400462572239619e-01
2.441930280805674869e+00
4.156331158536676007e+00
4.152721831648666040e+00
4.004521433111908557e+00
4.115187359832120251e+00
4.439010891234277167e+00
1.955785695424939075e+00
-2.197977824922811574e-01
-3.323900573074420883e+00
-2.268810804996133523e+00
-5.367382260183980236e+00
-4.696402042342784355e+00
-1.994191389657114399e+00
-2.895113874983190616e+00
-3.104979719908293134e+00
-4.142117318298209838e+00
-2.786505578269377281e+00
-3.234767938819623545e+00
-1.313112237601457011e+00
-3.989133847703429048e+00
-2.547935166421106956e+00
-4.496444683977393275e+00
1.328994515516582486e-01
-2.343133888582303648e+00
-3.399378400299211123e+00
-1.688905186032193528e+00
5.645492088149441923e-01
5.247341138344383538e-01
9.250117364906886852e-01
-7.763922429335656794e-01
-9.501844735427880551e+00
-6.605987933931338318e+00
-1.143622587379523203e+01
-3.457796728063881719e+00
-2.091370281665771103e+00
-3.522949948714526158e+00
-2.912100526483608398e+00
-4.170374116514946827e+00
-8.715149306166278809e-01
-6.607716120932189963e-01
-1.959808191311596337e+00
4.792737458591201372e-01
-6.410252137693692731e-01
-3.006325905095106776e+00
-2.297899231403123466e+00
3.478732055258513700e+00
2.285958518653049332e+00
2.598777102214340218e+00
1.328551451304825104e+00
-5.323512969840811238e+00
-4.466032679794722071e+00
-2.330861550386985392e+00
-1.556924858790661670e+00
5.803219694900967063e-02
4.979352698333392446e+00
-1.012888067136958670e+00
2.665918509318239593e+00
5.269559696579714014e+00
1.838393338777440045e+00
9.897941886112709975e-01
1.175325519800199059e+00
4.130316913017222924e-01
4.027471933440608609e+00
1.793518657746872247e+00
-6.456770705454428771e-02
-5.346770621216987429e-01
-1.715837522863315756e-01
5.839094198677201586e-01
-1.547531023201830447e+00
-1.065641981657882598e+00
-1.172273810397712168e+00
-1.826657528509841866e+00
1.867779574151741118e+00
3.119766141247612534e+00
2.190419051225061864e+00
1.689371007627403554e+00
2.552090247541515922e+00
3.726437132571009059e+00
2.526252312881300366e+00
2.877340672289681489e+00
5.278048438805315712e+00
3.616439376550348861e+00
3.746440090078575480e+00
3.029155581272894970e+00
3.244812467542671719e+00
3.267140158497005675e+00
3.626918750587897478e+00
3.507348419830005781e+00
1.809140296237761625e+00
1.421079248460986655e+00
4.083310644765323350e-01
7.091321636101015624e-01
1.656193757619934370e+00
3.194632216642393274e+00
3.765157452506908253e+00
3.414415032274830786e+00
3.947748432311767974e+00
3.069136376502190622e+00
2.281702763564733338e+00
3.153190714399887185e+00
1.680189252986195481e+00
3.325515725105683718e+00
3.063016716883335988e+00
2.482434158000073499e+00
2.065637006777634621e+00
1.481412584737377358e+00
2.816918325636144527e+00
2.399740716787981842e+00
8.103535316939907140e-01
1.730832667227046429e+00
1.951817623287122272e+00
2.968996048832708734e+00
1.760910131951256785e+00
1.680599659428260839e+00
1.750869621694322920e+00
2.725689166171187505e+00
4.452068142234402726e-02
1.561208397466059328e+00
6.412710934960853537e-01
6.362877485645546116e-02
-1.499763438943031213e+00
-5.250495981524307965e-01
-1.585513591372658571e+00
2.836396868716378750e-01
7.193626463544740002e-01
8.660227648796781086e-01
-1.864763650080744739e+00
1.880701330929039905e-01
1.733228267708171455e-01
1.338890441197623016e+00
4.200629832965457333e-01
1.999354909004667391e+00
3.299612382158342294e-01
1.500479804967405351e-01
-1.747190681104826337e+00
-6.423265912109958009e+00
-5.823267825506082573e+00
-1.387487153801018280e+00
6.447116474343894676e-01
8.991038027646144903e-02
1.629968742477052812e+00
1.845547380404789495e-01
-9.190104767977158584e-01
4.375169441204307397e-01
-1.417032354042213838e+00
-1.202089623158189458e+00
-8.607745051824698956e-01
-1.731147451647368829e+00
-1.416728259107887578e+00
-2.130933264451239761e+00
-1.957732115233637327e+00
-2.650748912009231351e+00
-2.333833716056569862e+00
-2.844587921598465297e+00
-4.089172663688433573e+00
-5.661464528407915253e+00
-4.926402547432830126e+00
-2.791511523802417294e+00
-2.791577698314086753e+00
-4.193605175592733048e+00
-3.115832910084644247e+00
-4.038474081194880938e+00
-3.545139993626714947e+00
-5.568112128897779733e+00
-5.364042516672809846e+00
-6.872929958512946413e+00
-5.677946789058916366e+00
-4.983885351035554301e+00
-4.416264549529021366e+00
-6.042594071091263785e+00
-4.349736116444412382e+00
-4.150399053930141635e-01
3.228696692998544115e+00
4.834423978061364480e+00
5.433439721093540342e+00
5.190847309212156091e+00
3.908851019553453821e+00
5.514705528823728997e+00
4.990507293765533703e+00
6.122000674504070261e+00
5.350567051081851488e+00
6.131501287513348331e+00
5.803627102976999907e+00
5.953462094950952022e+00
5.117021956834257423e+00
5.883639672716722835e+00
4.523211911184433554e+00
3.681727358518001036e+00
5.489598430411239960e+00
5.443928144343374242e+00
6.137220166296989632e+00
3.156125833293810690e+00
-1.603781182401785355e+00
-1.200095994031788038e+01
-2.083140244417085452e+00
6.027053829788209249e-02
-3.098851856933941384e+00
1.127563794450263529e-01
-1.273799199295429174e+00
8.438981787933502732e-01
3.723045617744452640e-01
4.714788069649110680e-01
-3.122735718407938954e+00
-1.150514485254273822e+01
-5.044045975810643734e-01
1.438467475492574421e-01
2.417058687986670396e-01
-2.579844846780880996e-01
-9.911548880365063097e-01
-3.074553165680155575e-01
-5.077475285597391697e+00
-4.525941158290538446e-01
-1.338777590371901915e+00
-9.327695676956916371e-01
-1.295300655593825345e+00
-1.620656502738801130e+00
2.910930217099131911e-01
-6.850568575006154015e-01
-1.344171723484183456e+00
-4.083286394230760674e-01
-6.261370378505541900e-01
-1.183886460668927887e+00
-3.628741423868860672e+00
-4.206141159270064378e+00
-4.800174920764662678e-01
-1.172503563744381250e+00
-1.114376567798414319e+00
-1.127352875646136177e+00
1.135623700878128250e+00
1.683287816426392691e+00
6.446934313173179332e-01
3.959754541385088200e-01
4.586886498656143063e-01
2.324912298299727786e-01
-4.975123872987259437e-03
4.856956180205387330e-01
-5.039065357775142084e-01
1.948544988227354502e-01
1.718767132176318713e-01
4.993541053459112783e-02
-2.893285367636928562e-01
-1.296389549620582393e-01
-2.024683068577658673e+00
-5.297574636441801488e+00
-4.130361707194447618e+00
-5.030435513873396047e+00
-2.014523326027231054e+00
-6.515102696091631174e+00
-3.269725763115341355e+00
-6.083099429750350673e+00
-6.279402560340128225e+00
-5.967735518917363535e+00
-6.085396866660617299e+00
-5.618728743803527159e+00
-5.307762199039824935e+00
-6.332547659435242338e+00
-5.486836405958087859e+00
-7.437135394790334253e+00
-5.939887649534083991e+00
-4.240516192000732154e+00
-5.214652792833074813e+00
-6.193964197587101594e+00
-4.621033022924725842e+00
-7.484131896773529746e+00
-1.011504702254530663e+01
-7.821284170092749122e+00
-7.804888165727897231e+00
-6.952403350916633862e+00
-6.476297797677112555e+00
-8.640625425123886316e+00
-7.013375497946364945e+00
-3.567360073804648035e+00
-4.601783966037265472e+00
-4.324681022454777590e+00
-1.965144623830266557e+00
-2.883544239824533229e+00
-4.574037770762141797e+00
-7.022549627814172801e+00
-5.547515551241835041e+00
-4.129771439035091696e+00
-2.040900345754033118e+00
1.883065558827004216e+00
-1.119873758668535446e+00
3.141412835119505864e+00
2.846589986820271534e+00
3.523400724213070490e+00
2.800118160983506854e+00
2.370797179743685756e+00
1.970460670311195761e+00
8.432828773789080579e-01
4.925971012373639990e-01
1.651925299247750445e+00
2.166285550585141273e+00
1.684078819111771486e+00
1.859287467738803601e+00
1.407898297927137055e+00
1.879372523112859739e+00
2.429865160969751248e+00
2.361173583927635100e+00
2.733662522617796853e+00
3.123116086083358667e+00
3.589637360668316290e+00
2.186313010037738369e+00
3.326345642110259071e+00
2.811043305942352077e+00
2.591248991955449554e+00
2.180282198707972796e+00
2.444724859417020557e+00
1.900178008175912092e+00
2.427356619197329479e+00
3.392803646194257006e+00
3.923129516393657923e+00
2.745701116711869449e+00
1.971095356593876025e+00
3.247969181570926067e-01
1.215615656478846063e+00
1.507990967388252113e+00
2.255627704880706741e+00
3.001346013045727457e+00
2.630230803909528348e+00
2.278052928765982088e+00
3.302570287873447530e+00
3.705131474595697583e+00
3.540243193467303318e+00
4.046479957524153015e+00
2.331009275951352766e+00
-4.316969551841359554e+00
-5.867514630067369730e+00
-4.384193160553856217e+00
-7.063188199900255704e+00
-6.446703315932217571e+00
-5.804780050356415089e+00
-6.761540133308303169e+00
3.425233506203415046e-02
-2.036285513582816620e+00
1.644676375638217669e+00
-8.406756335030989291e-01
-3.210211982572667822e+00
-5.011282124557493667e+00
7.151745639501210228e-01
-4.184476796324227088e+00
-4.023823538725141979e+00
-2.198824361146404893e+00
-7.000996162863442507e+00
-3.205654306687145905e+00
-1.728681351131188926e+00
-3.222005758985411639e+00
-6.500723823184796579e+00
-7.550374055531104744e+00
-1.115580975748271975e+01
-6.494761608950573084e+00
-2.468009299605283147e+00
-1.264683887036900156e+00
-1.711088513888983087e+00
-8.837055962284970367e-03
1.375084724611080889e+00
-1.870409237898942312e+00
6.797681411954104025e-01
-6.552668255679384990e-03
-2.616938223669816876e-01
-2.897787026985794601e+00
-1.454596198971997545e+00
-7.364332589408506990e+00
-5.044833076496139768e+00
-4.803798555061061570e+00
-3.747616021003497444e+00
-1.037570336991861097e+01
-6.784387239927569979e+00
-4.755282037661401340e+00
-6.256007979105298045e-01
-6.162812887884103752e+00
-2.841231062423448694e+00
-3.385846156157523268e+00
-3.285815283707651080e+00
-9.288784224102039744e+00
-3.509485522936840241e+00
-1.232826919413780331e+01
-1.039075258136670854e+01
-1.183921162657853010e+01
-8.846226703403253566e+00
-5.826471956326279233e+00
-1.290088839911297214e+01
-5.056323243591864802e+00
-1.083186637807159691e+01
-4.113708914750278112e+00
-7.248339295739525401e-01
-2.277616948633678640e-01
9.369650800945512614e-01
-9.989594407287667455e-01
-9.970166251964611703e-01
-7.529058319436940927e+00
-4.775553977460905486e+00
-1.382874431323630304e+00
1.619647395786299793e+00
3.895989586003811400e+00
3.340941888403400561e+00
4.108838119639576902e+00
3.410391452768763987e+00
1.049835898792677580e-01
-4.808071019265808488e+00
-7.301871354066864939e+00
-9.188690124755796163e+00
-3.282980740775650830e+00
1.587201492356228316e+00
3.714133206936732989e+00
2.486909417876888018e+00
1.899658218997120063e+00
-1.805084918081581113e+00
-7.918072720444770063e+00
-5.361536794824521834e+00
-2.255128771226941886e+00
-3.538155818280236176e+00
7.264934877672617475e-01
-1.022507907198092036e+00
-1.715673632499695733e+00
3.813062516164159588e-01
1.144581908931972203e+00
-7.419300326097852949e-01
-1.612669139209449654e+00
1.193771744894941866e+00
1.628616234536528040e+00
8.328310872684975275e-01
7.585603656586802357e-01
-2.674772889401075826e-01
-1.287515267872377522e-01
1.207381314391045013e+00
1.001954679281116700e+00
1.260552165902742994e+00
1.778519270046424738e+00
1.460805258382626093e+00
1.367129600903592035e+00
1.504699126114741325e+00
-3.317919804526741623e-01
-1.342025580747358671e+00
-1.353464089064530196e+00
-2.747878495962115419e+00
-2.935970060662161707e+00
-8.320345459692706669e+00
-7.007827421816603675e+00
-8.127548398782886707e+00
-6.873225610049100709e+00
-7.741666599002384075e+00
-6.775172220008532697e+00
-4.432458384903755544e+00
-4.407412155557715927e+00
-5.952504261916774730e+00
-7.814427293727675305e+00
-1.699563735204329129e+00
-3.004891925421402821e+00
-2.722249298236161685e+00
-4.335205490704756137e+00
-4.994333800987579508e+00
-3.549544622629527968e+00
-3.568036069833068424e+00
9.384864587617438580e-01
-2.796090953679307045e+00
2.506689037634863421e-02
1.678814800209590175e+00
2.703672988797833465e+00
3.121415801215937869e+00
2.489020940121107639e+00
2.844558893322878035e+00
2.176802386081700735e+00
2.203026265893630153e+00
2.267167710701331274e+00
1.165540735457907928e+00
1.498125422703584508e+00
9.163738329475622502e-01
1.076947794460248464e-01
-5.348276808911318625e-01
-1.692158995159986690e+00
-5.661190798588391360e-01
-2.403286413154193557e+00
-9.701652594276100050e-01
-2.664496026211777280e-01
6.230773143657883928e-01
7.327973297852997669e-01
-7.761122322804060447e-01
-1.435008211545667489e+00
-1.499143742174325888e-01
2.410658117945317647e-01
1.435158341609561905e+00
-2.364442178973974462e-02
-9.733729795170853460e-01
-9.564206176307331608e-01
1.545881333119585754e+00
2.177990130154871640e+00
1.162675566936141713e+00
2.741915981490985477e-01
-8.731397280101665936e-01
2.213470268088970627e-01
-1.473061053391159447e+00
-4.772487645590782757e-01
-5.292188775412931534e-01
-4.654471432749033299e-01
-4.191717513796267558e-01
-7.635370662968933297e-01
8.458787572955159262e-02
8.140128034335691876e-01
8.528146368468468852e-01
2.060247386025204186e+00
2.357961549457744610e+00
3.285599417464015737e+00
2.394316288665394143e+00
3.189935958244296099e+00
3.389960849997680548e+00
3.414522921974216807e+00
2.912871077749928261e+00
2.891885610350338087e+00
2.899931310104362669e+00
2.753640951405166071e+00
2.631461608918629125e+00
2.343140250031118477e+00
3.935449650477544914e+00
3.277809633794518618e+00
2.099387922567732545e+00
-6.952428696653427664e-01
-7.871699299816585338e+00
-1.770101564777967207e+00
1.406868385878585315e+00
3.391891440165760940e+00
4.038133089922858687e+00
-4.353867870126238437e-01
-2.076487225368853551e+00
-4.234605150947684749e+00
-6.386177577745294265e+00
-7.771353554853074996e+00
-3.824381337838631545e+00
-3.681473024989872500e-01
-1.048144085861742875e-01
-5.605711152326529501e+00
-3.057655419305938871e+00
-4.850715953048614359e+00
-4.723693162835401083e+00
-1.928472485149401283e+00
1.163933727267024931e+00
6.346166215877537820e-01
1.410773890031565281e-01
1.568406029352311881e+00
1.074571964562452964e+00
1.044366687529966198e+00
9.688779963914542215e-01
1.068628866481031947e+00
7.623341741452038800e-01
-7.696894716766287114e-01
-2.719785073255062358e+00
-4.002777175600797044e+00
-1.560450203679538017e+00
-2.961675547315025803e+00
-3.212917148908096099e+00
2.376926446678273130e+00
1.843721929830647532e+00
1.951975457887465737e+00
3.183028567993773983e+00
1.621091232567593021e+00
2.588546931027960074e+00
3.384516949202490022e+00
3.516960185135855621e+00
2.584124152912564476e+00
3.867768282526966139e+00
1.765976131715106590e+00
-8.368827621658101457e-01
-6.022954495134807962e-01
1.512363951205544454e+00
7.778455760215801096e-01
2.235778496898107370e+00
-8.100315764105665561e-01
-1.840659361583236286e+00
-2.353669856826412943e+00
-3.290026950002848505e+00
-3.333556584418543967e+00
-3.092120653298481514e+00
-2.670126288758593702e+00
1.145160195139814263e+00
-2.137594641350408498e-01
-3.011257169534717892e+00
4.894270935422363467e-01
1.573072007508757419e+00
2.526428330025857871e+00
2.351420715872688749e+00
1.047210914364219203e+00
5.553113593475081933e-01
1.595093995304227019e-01
2.820849546813696929e+00
2.187580637515793125e+00
1.998692432903146798e+00
2.493041561381235116e+00
1.916293468867865002e+00
1.225056943140093502e+00
1.337785011568074278e+00
1.389208807822614578e+00
1.737152691034930863e+00
1.822536914639613759e+00
2.144387449136241575e+00
2.789451702396292809e+00
2.730177039411096018e+00
2.932104768362146618e+00
2.476986010778542635e+00
2.041277362071839185e+00
3.174398982194218011e+00
1.328224036222108939e+00
-1.657868658482303026e+00
5.372320603381471882e-01
2.088250353880588328e+00
1.975614878318968870e+00
-8.784185758357141438e-01
3.287030679308391434e-01
1.989473151198761336e+00
2.471994481996133253e+00
1.797930500635170237e+00
-1.326275364834570425e+00
-1.240203853694271219e+00
-5.834461628484904239e+00
-1.199883447769333245e+01
-5.216243386638954149e+00
-4.419976572282213745e+00
-3.300807391605641072e+00
-4.926586467706518313e+00
-5.015211822790241136e+00
-9.813352679084440311e+00
-8.695959811929638406e+00
-6.647023875521938407e+00
-5.386698759688029803e+00
-3.299448084557353944e+00
-2.307671436185274150e+00
-4.371649422842112109e+00
-2.467228835701695822e+00
6.311276368484382004e-01
2.090073178406234966e+00
2.956744453051136645e-01
6.270530539297105577e-01
3.243288813827942985e+00
1.173421895374301638e+00
1.979083824777112310e+00
2.332754770956771306e+00
2.355838181590827585e+00
1.808700795634537117e+00
2.395150012171483045e+00
2.325408702779812931e+00
2.427730862736370288e+00
1.892707445067281169e+00
2.508905350468608297e+00
1.966646786706018446e+00
2.523180881647072660e+00
2.175500367338357055e+00
3.359749809489058769e+00
2.650995477697896341e+00
3.031941735769273727e+00
1.539723053867410929e+00
1.634444726576354423e+00
1.501671376125826241e+00
1.601658870296620574e+00
1.700867266716255211e+00
2.282097513434494740e+00
2.305254357727861247e+00
1.080771406794736267e+00
1.424164540654178079e+00
1.636438299329964874e+00
2.215960623591902490e+00
1.827193200939270179e+00
1.202982810422293714e+00
1.606027113007813867e+00
2.328826711391374982e+00
2.215079197402647804e+00
2.453939808671621758e+00
1.923198500146255929e+00
2.307178746078170750e+00
1.871028049473907551e+00
1.503381738951967694e+00
1.462334365402951919e+00
1.581072451434146542e+00
2.028436152230452816e+00
2.170738386750294513e+00
1.686830131943602762e+00
2.201805020747413355e+00
9.681196544009615934e-01
2.487777043532724885e+00
2.050238321228126548e+00
1.968289951956271322e+00
1.776700080785741154e+00
2.091063180159398183e+00
2.019380691860797938e+00
2.450405341532865489e+00
1.911247358371376492e+00
1.956408772057791345e-01
-3.905661484076035528e+00
-5.899046016332239795e+00
-7.249717212134932920e-01
1.498225095230134363e+00
-3.663153877482623777e+00
-3.110469734891808669e-01
2.504360693674097416e+00
2.562929772645819337e+00
2.053571412154207465e+00
2.941078371169576045e+00
2.384604931134572059e+00
2.293964445002798058e+00
1.813800192703427294e+00
1.374564948964776434e+00
2.195729851713986047e+00
3.118904946075354623e+00
2.618045003364395384e+00
2.718957930309576110e+00
1.093964927998677394e+00
1.939314914652392030e+00
2.875980459704936987e+00
2.531716704210075441e+00
3.452766458498988555e+00
3.460852736918078154e+00
3.444534690528266996e+00
3.958352440818915241e+00
3.446206917045169682e+00
3.546410618805563075e+00
3.481881055757765520e+00
2.887347824919076267e+00
1.095750163375671660e+00
3.230678590312850318e+00
2.322683101125498251e+00
2.343123192282459577e+00
1.183983768721742269e+00
6.656594987088404469e-01
2.042007782083710143e+00
2.661019558318645117e+00
1.598073452723720589e+00
-7.924731236377619004e-01
-3.211783580752806344e+00
-1.041771451698128681e+00
-4.275092448439239412e+00
-5.486546969130743356e+00
-5.621981526466509616e-01
-8.681264935089481050e-01
-1.602001439374397762e+00
-3.580696668989539866e+00
-1.020351067985836746e+00
2.627839793632833043e+00
4.938345743266263632e+00
4.770665236847039026e+00
4.995964217365599147e+00
4.606293627563752935e+00
3.596019800951177459e+00
-5.243686081298611912e-01
2.831561895866617995e+00
4.320977797819528732e+00
4.074717461150733300e+00
2.971980344729981738e+00
1.865075446537154180e+00
1.270882637391934189e+00
-4.538624874408768051e+00
-4.324142627009188722e+00
4.420972303182487018e+00
6.082504331292517108e+00
6.780719091908609109e+00
6.593051923725901986e+00
5.658404153787611079e+00
4.975361189305791854e+00
6.323907891309699103e+00
6.158829660000209039e+00
6.249619050116982599e+00
6.333002726188374787e+00
4.616437768259959107e+00
4.702817473662578962e+00
2.564460163208620358e+00
5.337611633524275589e+00
-6.990415338899065301e-01
4.372283963663264217e+00
1.598164647007257466e+00
2.490952759862919308e+00
5.409263589602093525e+00
5.766934514289263625e+00
6.741295999914261650e+00
6.280725156111667040e+00
5.676529558459250779e+00
3.544270909013317095e+00
1.076578643017272130e+00
-4.736584169266659039e+00
-6.723159118064051754e+00
-4.994174569863839785e+00
-6.005076304877542626e+00
-7.021198416679980348e+00
-6.687444376434431348e+00
-5.531629141745141531e+00
-4.182118656104865662e-01
-5.846851648133560175e+00
-9.233071569012847313e-01
-2.992061062871115951e+00
-5.149060112814884960e+00
-4.185705624753243370e+00
-5.049969878753161723e+00
-3.717540403003153138e+00
-4.333055845668099870e+00
-1.184658788984631839e+00
6.886961217493731136e-01
-1.643164628485127787e+00
3.413169715644218005e+00
5.105360874939474769e+00
4.742282222371056122e+00
2.684786283632993875e+00
1.261713866940974649e+00
-7.315386765852611717e-01
-1.507156489049538806e+00
-8.116273132114222300e-01
-3.873612445337042327e-04
9.348270402238684218e-01
5.605624009240941508e-01
2.473225406887295641e+00
1.089373729579141470e+00
3.187862629607807197e+00
4.581484615680545325e+00
3.527519237927874141e+00
5.308137626136746334e+00
2.444844887851556514e+00
8.643357222516039329e-01
2.251184335044837947e+00
8.128238287754714353e-01
4.325991704412071037e+00
5.413342900196659535e+00
5.323513270685338306e+00
4.161704712892924540e+00
2.916399263939494890e+00
1.245316657115513426e+00
-5.788350233022733216e-01
-2.905962785933567938e-01
2.757740533757189749e-01
1.709093986942391119e+00
3.774623509792129350e-01
-1.185756028802687823e+00
-1.699952579846290002e+00
-4.483670723688628623e-01
4.965212413177529927e-01
1.953413240076539381e+00
4.120321993644117775e+00
2.379407666566658808e+00
1.341641676746894163e+00
-1.005508883297082434e+00
-1.207353473292226198e+00
-1.378807334153053787e+00
-3.062245957870004531e+00
2.285922364454176792e-01
-2.526087040895762748e+00
-2.458909362205768279e+00
-2.806124284862075324e+00
-2.839475411699402763e+00
-1.355239068698281812e+00
-1.042386092217194360e+00
-4.883151680540837702e+00
-1.561897417088299322e+00
-3.756645909663560268e+00
-3.264296828267325701e+00
-5.864553197222820202e+00
-4.327947771643428254e+00
-6.394617822325248113e+00
-3.436341115958085890e+00
-6.013007533946964855e+00
-6.393293919865276287e+00
-5.487086173360521402e-01
2.430978927807847967e+00
1.154835528701058989e+00
2.360611064724355668e+00
2.475511721381014496e+00
3.845809758624254560e+00
4.934004952784475151e+00
5.145426293123669836e+00
4.794722587786216295e+00
4.743367579843365434e+00
4.444521126734804817e+00
4.381692147373090762e+00
5.513543900136674836e+00
5.144039077230545765e+00
7.549303481705169627e-01
3.207332938986826143e+00
-1.465827570454500739e+00
-3.450895800312032691e+00
-1.758585381385008528e+00
-1.146908205027734384e+00
-1.098757680551292748e-01
-3.861388125775513935e-01
1.878592823233045106e-01
4.536984561196436005e-02
1.434056637821754965e+00
2.472697491668477188e+00
1.203618823047579500e+00
-8.647333232669490721e-01
2.650520364604949108e+00
3.441970278039930164e+00
4.344376554905228005e+00
4.576972322444947672e+00
4.638114484918158809e+00
3.433674240080426543e+00
-6.820280353510212168e-02
1.156672370887088075e+00
9.987199803388778774e-01
2.346589915619793132e+00
3.027179861471043676e+00
2.896660964750008560e+00
3.985159039408923132e+00
4.597385441992325461e+00
4.635111788073261962e+00
4.607918621614629728e+00
2.866605455229678245e+00
1.391540230716920679e+00
1.256586926903345613e+00
3.665414762851182839e+00
4.428930906670506040e+00
4.584987804142585333e+00
3.722387373510485542e+00
3.828649343506447700e+00
3.589467898671692581e+00
2.527703671739642832e+00
1.235690745104594201e+00
-1.333546520092302679e+00
-4.957219856708539929e+00
-4.542165524589943937e-01
-7.762271031001330979e-01
-5.869043069056825712e-02
-4.722923970084353051e+00
-5.847452051285264574e+00
-7.169341316203430736e+00
-3.304604054346866882e+00
-1.308957192110279166e+00
8.263755657096959473e-01
-3.033891764980157779e-01
-5.808803925187710604e+00
-4.682826042669533173e+00
-6.304907915688952258e+00
-4.570300675711893135e+00
-4.527033784212216361e+00
-2.012814923244018672e+00
-3.863067101293138905e-01
-1.238532460731595064e+00
-1.640335240325292432e+00
-7.218041596781294977e+00
-3.755969307590132811e+00
-2.646673017921914006e+00
-2.472893446412749885e+00
2.085398358575312194e-01
-1.592064520679764561e+00
-3.113543422696494201e+00
-3.842475348335350760e-01
1.925732327356195928e+00
2.256935608057077047e+00
3.824513521109190961e+00
4.290894744502260494e+00
3.154684885864206478e+00
3.164951487962030185e+00
4.787848768554416878e+00
6.379416096165101635e+00
5.575342982755666199e+00
4.260446163044633749e+00
4.541582936052529718e+00
2.444308430351829653e+00
3.409823238802374590e+00
3.313074081301552898e+00
4.927108137846857083e+00
5.304809602425421211e+00
3.523697934149887523e+00
5.839993741282594186e+00
5.421647174138641390e+00
5.273696211659881783e+00
4.669898275688161071e+00
5.578913410959726704e+00
5.573024791752596130e+00
5.538172028076702169e+00
5.132864136836272628e+00
2.545358052136230675e+00
2.974790399558100984e-01
6.324659125601184151e-01
5.530628300593956048e+00
3.012513977113433494e+00
-2.112353531529862938e+00
-4.653833791451668311e+00
-1.244332609251604937e+00
-1.470429148820342480e+00
-2.613415422944524558e+00
7.912857503400422265e-01
-2.266667573169449224e+00
-6.422061396155149815e-01
-1.629463117771051017e+00
-1.902929475350338739e+00
-2.151258451216003120e+00
-2.922410349817817110e+00
-1.433728881526800780e+00
8.341239205802465362e-01
2.787782330842150547e+00
1.908275623527440956e+00
4.125376362440422717e+00
1.949664966078441308e+00
3.797401248065130464e+00
2.965059601217050922e+00
-1.605386989231388228e-01
4.677702582374723694e-01
1.342888755074257423e+00
-1.916767194799963381e+00
-3.363477667291538964e+00
-3.615641614553824379e+00
-5.036274336363359971e+00
-1.378261125710985358e+00
2.695832143182506080e-01
-2.231532308570480794e+00
5.716163310116024743e-01
-2.176784921172474796e+00
-1.096349917413243391e+00
7.665637129238651593e-01
1.076819533786869565e+00
-3.646200982282153280e+00
-3.953962912875155777e-01
6.319242147641965790e-01
-1.778270572269274652e+00
1.979138942748760233e+00
-8.928860124685125133e-01
-9.117849632463678744e-02
-3.984210749837902465e+00
-1.011903946325260151e+00
2.457063833521763385e+00
8.694433486761453667e-01
-5.020787823970886521e+00
-1.755449013299860139e-01
2.319962639435729779e-01
2.841647813518026755e+00
1.901853178926701027e+00
4.272028311110442012e+00
3.668453708197765284e+00
4.273751830418486719e+00
3.046150177205495968e+00
3.038560005937248398e+00
2.887205288468027931e+00
2.105153138607696484e+00
1.595861863581250706e+00
1.906273097733910848e+00
2.699210617871848683e+00
-2.063354067567429340e+00
-1.529764697981401245e+00
8.562853555679473816e-01
-2.570066424894998036e+00
-3.004615015344818119e+00
-5.835252924574952926e-01
-4.612167481712759809e+00
-6.018660924509227073e+00
-8.374948178625853501e+00
-1.500869160960441873e+00
-4.476686816084694875e+00
-1.969871275539070155e+00
-2.740813092712141685e+00
2.149922991095380542e+00
1.085701253175194836e+00
-8.731396532503864494e-01
-9.083780885959376050e+00
7.093714671153466232e-03
-1.092543228928301424e+01
-1.044635951237798466e+01
-5.260055739496618088e+00
-4.419390256766521752e+00
-8.074358617898711898e+00
-1.693402352690374535e+00
-8.697877192610745212e+00
-4.238132667614564753e+00
-4.265975805328220183e+00
-6.853916127461627816e+00
-7.002150199141105702e+00
-6.590959518046293653e+00
-7.580801144312024675e+00
-6.051002271303660862e+00
-4.166309748143794067e+00
-3.630384255072898192e+00
-7.238278962199233391e+00
-8.631101851991115126e+00
-7.636607125409293317e+00
-7.811203215109339126e+00
-7.548828033313346175e+00
-3.580808587365299722e+00
-6.660546512973311017e+00
-7.369388372052959824e+00
-8.156619249865462606e+00
-2.550341974080597041e+00
-7.252969525647299243e-01
2.836997711536138889e-01
-1.681413842918906276e+00
-3.832821678498031126e+00
-4.276091967832656771e+00
-5.765742672403384006e+00
-3.252698654839824677e+00
2.396024245911333034e-02
-1.347203203475196842e+00
-5.158217515850038737e+00
-1.641426747384020057e+00
-1.005864623865845298e+00
-2.210689438367917869e+00
1.225926549170099689e+00
1.770465321855080099e+00
1.531003273001492415e+00
-6.737490140196646937e-01
-6.198974273996086248e-01
3.467318315834053144e-01
-6.779775429969104872e-01
1.571602289817464637e+00
1.653549222420790388e+00
1.699603916872465481e+00
2.333389688963688258e+00
9.937121385697069709e-01
1.482616324729612689e+00
1.845666749623788405e+00
6.199937667077584091e-01
1.842657243436624626e+00
-4.859348904010273307e-01
3.479884562330151643e-01
6.280784901850740010e-01
2.067781819704608726e+00
1.742692112385695768e+00
-5.145284663358336008e-01
-6.538458949675738374e-01
7.656083573710049661e-01
7.960121555214566547e-01
-2.474526733013760804e+00
-6.535661702625448655e+00
-3.166816759923763325e+00
7.104791846317017878e-01
-6.049931947107785035e+00
-2.822140607565979398e-01
-3.659350657344992985e+00
-3.529725791451978623e+00
-4.841679429298181070e+00
-3.586441780622862563e+00
-1.474793584916741507e+00
-9.767384464434941682e-01
-7.682350123614718473e-01
-1.209989407907072767e+00
-1.632690771502415261e+00
-1.563823098762632258e+00
-1.864655117113954708e+00
-3.486005948835046997e+00
-2.939188636668648602e+00
-2.774575713392323451e+00
2.381845985198639326e+00
2.690545006576969822e+00
1.240176220876711422e-01
-1.199605182811241511e+00
1.264086041470988686e+00
1.125248595742739166e+00
-2.674727533590501416e+00
-7.615089677771738064e-01
1.966210102071424881e+00
7.492811396450269612e-01
5.081832720305102802e-01
-2.929047502895109290e+00
-1.410546829806934577e+00
-1.339724982709092904e+00
-7.654282974232563541e-01
3.554314075320698374e-02
6.020305933578804503e-01
1.141322370530076236e-02
-5.285027621846023482e-01
3.286299183681040126e-01
4.336694083477744321e+00
5.362622044759719486e+00
5.314673752449077249e+00
5.469306748091784520e+00
5.314372927043335970e+00
5.207597430973390118e+00
5.259212004547569208e+00
5.446024862927226984e+00
5.143949128171151131e+00
4.971599539614961927e+00
4.781281526059432352e+00
4.795974592950281945e+00
4.770050004460583359e+00
3.285088148382985906e+00
3.230107513393535079e+00
4.597396741839537171e+00
2.432416879791573283e+00
2.580181904961901918e+00
-9.073618998815444758e-01
-5.490415124625100951e+00
-4.587678049384846801e+00
-9.934276861261080727e-02
8.314671967862562463e-01
2.687800957354241072e-01
1.606665113578229720e+00
-7.599131510613592599e-01
-1.610328508622332677e+00
-2.555794479548352705e+00
-2.256007850480739041e+00
1.191789648782827671e+00
1.289077799226121757e+00
-6.778101998954326746e+00
-6.568832162079468517e+00
-3.405563934330907649e+00
-1.002972684393920488e+01
-7.232712829364685625e+00
-1.576248898785246544e+00
9.462388344169978538e-01
-2.856415609589048721e+00
-6.660727453403954001e-01
1.764201317408158776e+00
1.242097033340813450e+00
2.779239126817391714e+00
3.637837402360872829e+00
2.375488506953995493e+00
4.635832765150277313e-01
7.708038542048221142e-01
-1.745076186426504528e+00
-9.650311094977917503e-02
1.627423909560377968e+00
2.580940916699719700e+00
2.902759917337890627e+00
1.022797059064460168e+00
3.670474583693470461e+00
2.376763760072912568e+00
2.578425549011686968e+00
1.552492402401921323e+00
2.271260447394208626e+00
-6.471725564442230905e+00
-1.281445035482010386e+00
2.495134508490316261e+00
4.672444106381560935e+00
5.884548629093174554e+00
5.382614788433249586e+00
5.473110723162678326e+00
4.374547635734474582e+00
5.053026341005965705e+00
4.276889550203925694e+00
2.942660930354562332e+00
2.980425602855851341e+00
5.028111670310898340e+00
4.709491281348308078e+00
2.481590152451237596e+00
3.974262879145729954e+00
4.753315355682612875e+00
5.389789789621898919e+00
4.980359455219021569e+00
4.462943114375709008e+00
1.543073851263874641e+00
3.573078991681542416e+00
5.008691137240244728e+00
4.048179230256670813e+00
5.956048710296403925e+00
4.963777362392550074e+00
5.263354508793176123e+00
3.547302574708592449e+00
3.289688402501766529e+00
2.233440278888171093e+00
3.411571034147722337e+00
1.442816860565081960e+00
-2.432174487330958534e+00
-4.320905992220833269e+00
2.063975726786238418e+00
-1.429117800114204861e+00
-1.583411957977839180e+00
3.300645620813438708e+00
3.790433201004172581e+00
4.414521729627091773e+00
4.079764734821802463e+00
2.093556032905736330e+00
1.648204300956438662e+00
1.266423791626061446e+00
-1.614867538880911280e+00
-1.991594125555378625e+00
3.302186940329594922e+00
3.304912197640832883e+00
3.347755234642712630e+00
3.218653114850795305e+00
3.680598331578774030e+00
2.655425225528944111e+00
2.919076402096464129e+00
3.137708372838514670e+00
2.616817786483689012e+00
2.895046328674681035e+00
1.926473470188276860e+00
2.113556199747190334e+00
2.104565467399411638e+00
2.725855141428954909e+00
3.736729024001482991e+00
3.112732942133875635e+00
3.474645540883940953e+00
3.570266646063678273e+00
3.730197305265645635e+00
3.023085974878207960e+00
1.903821501220155588e+00
3.014396915096824170e+00
3.857202624787705592e+00
3.905349185446698179e+00
3.086810843765443124e+00
3.165562014815766378e+00
5.072163752194025932e+00
4.377481459456570079e+00
4.384542079773509293e+00
6.138755181708735797e+00
5.030967063189999422e+00
3.186768127810321705e+00
3.067585632585662636e-01
1.155471381335274605e-01
-5.879565756858249337e-01
2.218502021267640956e+00
-3.852137834389265159e+00
-5.346138172958005974e+00
-1.813099851920393357e+00
-5.298124874087710268e+00
-4.030087509673963453e+00
-6.040250999416178601e+00
-5.281042079588457838e+00
-5.337099137256351433e+00
-6.734826179793658163e+00
-3.025465570400049931e+00
-1.607647287963057670e+00
-2.499857277445883152e+00
1.911646451353302023e+00
-6.089223446065682444e-01
1.034929836158407168e+00
-7.011156498019446293e-01
1.369679079772522234e+00
1.908220709770056311e+00
9.646333865824960885e-01
1.513099982946240374e+00
1.610604375064232485e+00
1.818943120634901378e+00
1.312269323521871645e+00
-2.991097846654993120e-01
-7.142813202350704049e-01
-1.438293851707965310e+00
-1.411140226521895302e+00
-1.239552710083757558e+00
2.747070598644559825e-01
1.511283804606018411e+00
-2.368781770484661986e-01
-2.214724409068383082e+00
-2.812872737972081261e+00
3.241579837530143143e-02
-3.841359991750322722e-01
-3.776425578336856326e+00
-2.646481369773696635e+00
1.345782097001559485e+00
1.245904494302468635e+00
1.616482014467671702e+00
1.381340412453746724e+00
1.758383567934840297e+00
-6.369366814173682556e-02
-1.981466395472357256e+00
-7.801069436615961639e-01
3.440280159868355225e-01
-2.193180394862731752e+00
-6.769364732350055647e+00
-7.093096942527793658e+00
-3.341118672578309301e+00
-4.203613021692832241e+00
-5.004167872489357904e+00
-5.905596081494250527e+00
-2.145901763566605780e+00
-4.937408407343715666e+00
-1.317090670480542736e+00
-1.207817639196810511e+00
-3.406453050668561300e+00
-2.689336969228691920e+00
-8.291282445721775973e-01
1.865366898088455461e+00
1.614165452609376494e+00
-9.521228694692696060e-01
2.305269881179837110e+00
2.574864641692748535e+00
8.282275940910006629e-01
-1.355870755190661525e-01
-1.520412504574932822e+00
-2.030900448195603669e+00
1.423909183756938646e+00
8.354330533861258345e-01
2.341617763509097561e+00
3.030468948006432295e-01
6.824640931804720756e-01
4.657868068318641308e-01
-2.173982571382836682e+00
-2.617396258797852759e+00
1.694227135911041682e-01
1.671657716041940578e+00
2.890078765834580010e-01
1.990376115209380181e+00
9.632610022648352421e-01
1.263019685301025374e+00
1.208186311832130100e+00
1.078492835155573371e+00
-1.519030016149623075e+00
-3.835499761029259602e+00
-2.488901836118828648e+00
-2.317717918952128642e+00
-3.671008417476721242e+00
6.589883839868084792e-01
3.675818807991377390e+00
2.841933240357907842e+00
-1.283269467338544079e+00
-1.104214036608919480e+00
-3.114443776607249248e+00
6.409226830158671895e-01
-7.117365469862411587e+00
1.293369641855319552e+00
3.703142343861035357e+00
6.044514343234853371e+00
6.359132052215622721e+00
6.496968816329451002e+00
6.042140062448897453e+00
5.543873852501724819e+00
6.328116218359656209e+00
6.764655457040972486e+00
5.969919788781494319e+00
5.884116390995972168e+00
2.179551987287076997e+00
2.029155928715799639e+00
1.460043329611357077e+00
2.285577091083102363e+00
1.066569662963048115e+00
1.399992046980301108e+00
1.405943141949585584e+00
3.451550881912321400e-01
9.266903486782234189e-01
1.960408943411196425e+00
8.042176680517630905e-01
3.087328710313305136e-01
9.086880232154748160e-01
1.696894669993401772e+00
4.248945914853330397e-01
1.012531604485228387e+00
-5.678775269238177381e-02
-1.274410225698907828e+00
-2.505266557430579244e+00
-2.203544629084331685e+00
-1.607179824565463155e+00
-1.827419338827162676e+00
-1.443365008571736663e+00
-3.764363634701973771e-01
-7.173570443057546431e-01
-1.169536481288865559e+00
-1.062479864567843268e+00
-1.856406223229884578e+00
-1.788126121294560944e+00
-9.746499548558756887e-01
-1.602942378478661833e+00
-1.506358154897800450e+00
-1.641252996486780580e+00
-1.513465385438931499e+00
-9.952270230863797806e-01
-1.158766292242950469e+00
-1.149646187753261328e+00
-2.665315910073958738e-01
-1.660589686087191597e+00
-6.883327583921043935e-01
-5.595670850453970946e-01
5.205069641933481872e-01
4.327252792041673679e-01
7.836631351148360958e-01
3.921488788192957209e-01
8.265723336662510468e-01
8.231285713120222169e-01
1.426700340905304454e-01
9.061670810912028085e-01
6.085159042210339653e-01
-8.563373780154435178e-01
-1.665427709209733598e+00
-2.219294556876516555e+00
-7.252182205569184248e-01
-5.373031907606750091e-01
4.435569691291003092e-01
2.031786293561674284e-01
-4.043283911165826972e-01
6.424606902797224128e-01
-4.732344300211308030e-01
-1.069440111939785748e-01
4.656248602231851663e-01
3.920555623543046098e-01
1.129599299846794969e+00
1.722765676538388080e+00
1.227966437632713959e+00
-4.477167347668578046e-01
-3.381373489977802294e+00
-1.347559886911870175e-01
6.165449840752151855e-01
5.855444799308173048e-02
1.731815267194137808e-01
-7.766431464091212433e-01
-5.348487761981431277e+00
-1.908518106065437925e+00
-9.684956695334956400e-01
-1.949124679392289394e+00
4.224240455759767920e-01
-2.275399857635046208e-01
-1.296526873199366214e+00
1.416171498125443629e-01
-8.102461336692988736e-01
-3.819313523021640400e+00
-4.984010060805311504e+00
-1.891468697336192495e+00
-2.213684524981740953e+00
-1.599942267841093724e+00
-3.823524874812183061e+00
-1.069692640538320694e+00
-3.026396681981773362e+00
-9.214960470051874353e+00
-8.904892732551058288e+00
-1.081249292253968264e+01
-1.145620226387822349e+01
-9.252180818680116658e+00
-1.016664862884233678e+01
-9.521164153436288302e+00
-6.762734309362176788e+00
-4.140605432062306690e+00
-6.179891495153821523e+00
-8.911025497037661225e+00
-5.747430545879873343e+00
-3.214526256974683083e+00
-6.141178980464887971e+00
-3.921804095396807632e+00
-4.171745344551150758e+00
-3.801685215145819807e+00
-2.195672689654270648e+00
-1.513209402154179539e+00
-9.479315174232078034e-01
-3.096419381718108710e+00
-2.099210445193450791e+00
-3.267811542509033274e+00
-1.918886856474350644e+00
-1.691288839122356835e+00
-1.538256549367944315e+00
-2.082562378058016250e+00
-1.100807290326523358e+00
-4.611513815909423775e-01
-1.111894743604058711e+00
-1.582474018979417307e+00
-5.030499350949072523e-01
-1.019551975289776924e-01
-3.828421667688206020e-01
-7.681216462938947331e-02
-2.301908531086410914e+00
-4.925914392810277320e+00
-5.283260317655046556e+00
-5.970752223126980951e+00
-2.630384468088856842e+00
-2.337077270861269707e+00
-7.210857798321322898e-01
-1.251204306163596014e+00
-3.367936048141611405e+00
-7.879869041426754706e+00
-6.395770421909075409e+00
-4.156075077622433334e+00
-1.909320897517519100e+00
-1.686944401482443290e+00
-4.490537413352007068e-01
-1.806812730268247735e+00
-2.426980695402409349e+00
-6.544357386105748908e+00
-1.996760727126088986e+00
8.817063597026990329e-02
-4.520998948227562819e-02
-9.170034855401537621e-01
-5.703539874661215592e+00
-4.593506233455602050e+00
-7.991791173906753976e+00
-6.161754578798912974e+00
-8.977614236240720302e+00
-1.153656498912213735e+01
-9.708587212141427614e+00
-1.164115203474444193e+01
-1.266125130527309572e+01
-1.234355300015787904e+01
-6.700532820768084541e+00
-1.038560664534775846e+01
-5.090350929155377457e+00
-7.953121278843628517e+00
-1.191569746038080169e+01
-1.064032083099464998e+01
-5.242876245974681382e+00
-3.454397346914541256e+00
-1.175002889188286881e+00
-6.230545471444627337e-01
-3.113682181589143116e+00
-1.639290966477116918e+00
-8.317495777281556091e-01
-1.983364490347301334e+00
-6.200639194530118914e+00
-9.905782681655846744e+00
-7.489315223728903348e+00
-7.609751161321549162e+00
-6.099668739019872277e+00
-5.657436556128034866e+00
-1.138239739437765863e+01
-1.564018315694519323e+01
-1.351530948391773990e+01
-9.358501026871838491e+00
-1.390632751441849102e+01
-1.167344654022571326e+01
-7.603998631576706302e+00
-7.398434683921273347e+00
-7.117271582904645122e+00
-3.014920028489899373e+00
-5.126588805647772418e+00
-6.986304974198526807e+00
-5.004576521860428784e+00
-5.088294573780409280e+00
-8.047101416898494008e+00
-5.641636438906346029e+00
-7.237303372087239062e+00
-1.432375092706761066e+01
-1.316829098385995778e+01
-1.138759934561604936e+01
-1.137763513394114767e+01
-7.430530178084318038e+00
-4.561289986311352962e+00
-7.017630040816619008e+00
-5.134987818355840616e+00
-5.436137914117031400e+00
-4.022614821375313454e+00
-3.333565339559466878e+00
-3.000181985454534850e+00
-2.993041608451506796e+00
-2.399223359751208928e+00
-3.688781662158300723e+00
-1.980411323963654269e+00
-2.680341989056429064e+00
-3.875232145835191933e+00
-9.911690270669414105e+00
-9.600548840535935824e+00
-7.284802899704997614e+00
-9.511862894847398664e+00
-1.010177325765103440e+01
-9.149403276267563001e+00
-4.598427000146081411e+00
-8.546348280770596162e+00
-7.989552743878246766e+00
-4.516026404606472866e+00
-5.364148733343457209e+00
-5.122536231968767062e+00
-4.239600476558059938e+00
-4.852983882936082516e+00
-5.178302777923189382e+00
-3.999274222600945894e+00
-6.349565241750978473e+00
-4.429706104310458414e+00
-4.404417271719951010e+00
-4.998918400007946516e+00
-4.675888153214291520e+00
-9.662910387009192803e+00
-9.664887200094355535e+00
-8.164108293233780955e+00
-7.864191465090852873e+00
-8.328269389808584222e+00
-7.636693961429208422e+00
-1.159799571472109925e+01
-1.314491098637519784e+01
-7.023617453380045283e+00
-9.329558489282813838e+00
-8.476381638797787943e+00
-4.729636740871026035e+00
-7.281154693172837256e+00
-1.209475447074071575e+01
-1.136928198711289184e+01
-4.359501041093853502e+00
-2.832996891972125564e+00
-5.054110871928445547e+00
-8.058353772290587358e+00
-7.991059501244519581e+00
-4.141256400024168727e+00
-3.427254381432126351e+00
-4.649688176943636897e+00
-8.442367388634385961e+00
-1.167841989454903029e+01
-1.213201110172600750e+01
-9.683747128779629065e+00
-8.339858379596638116e+00
-6.690673769396887849e+00
-1.147974837486986033e+01
-9.453164468028715461e+00
-1.060987758498803935e+01
-7.272545112973785919e+00
-7.295866152966472562e+00
-6.637118863729885021e+00
-8.147275144335724306e+00
-1.319163621707121159e+01
-8.337823681485772909e+00
-6.748137939485769010e+00
-5.804721986781808951e+00
-5.927647768053200039e+00
-6.616428130316364786e+00
-5.617283922667302143e+00
-6.125425242379643365e+00
-6.100514399797567933e+00
-5.821311954406922951e+00
-7.011698150610239821e+00
-9.269804257994673335e+00
-1.157537116102274055e+01
-9.799741852453854207e+00
-7.440151569861073177e+00
-5.434286358007972773e+00
-4.694870014696428839e+00
-6.751938689267550586e+00
-5.298338876541786036e+00
-4.952512125775969665e+00
-6.111204323903973723e+00
-6.251252775902682579e+00
-1.310618894209760299e+01
-7.157490732461242899e+00
-9.298397759797694562e+00
-1.297682612770670652e+01
-6.460109198433655386e+00
-4.578576596242978525e+00
-4.608549252590572465e+00
-3.257964196512397770e+00
-9.644010320895608501e+00
-7.556715901264534629e+00
-4.097709489728521781e+00
-5.137828120896736017e+00
-1.057214852220012880e+01
-1.277524400550932349e+01
-8.784965599564207750e+00
-1.229405870304420567e+01
-1.244041640726823772e+01
-9.490817346167053969e+00
-1.139429382864172879e+01
-9.993030280031334200e+00
-1.161029106246073894e+01
-1.229951312098213734e+01
-1.001807667641818433e+01
-6.868005144154531116e+00
-6.053122418182633524e+00
-5.737994310157854549e+00
-4.970787886133450684e+00
-8.162342308728826268e+00
-7.460721251530357812e+00
-7.237394427535317476e+00
-1.161662148244978354e+01
-1.338193942794799085e+01
-8.142849441771936370e+00
-6.927132273607363722e+00
-6.849627251455743249e+00
-7.783090503609690458e+00
-5.053178633284051813e+00
-5.981812486807294604e+00
-1.081728866260340816e+01
-1.249633934998341545e+01
-7.938093440504855991e+00
-5.558178915890186644e+00
-9.469301933346660149e+00
-7.348375243966706272e+00
-6.819588423187466830e+00
-8.117951552138375604e+00
-7.265195363004770535e+00
-6.816756302221998354e+00
-6.900552545373964008e+00
-6.464232868046498659e+00
-5.902693362735487170e+00
-6.112513480744468097e+00
-8.130317910846262208e+00
-8.867096613450138776e+00
-6.061128014535701602e+00
-5.879273443915837838e+00
-7.321425944732991020e+00
-1.120989828634410657e+01
-1.110866300700076259e+01
-6.442044813099557565e+00
-8.823610978712544295e+00
-5.979868143031856320e+00
-9.319338987764389515e+00
-5.672786294978728883e+00
-7.876181532393307982e+00
-8.423626829686714501e+00
-6.561306363533459418e+00
-8.305192054661667100e+00
-8.670051582934284795e+00
-1.068405131929270446e+01
-1.062011826329351472e+01
-8.612457172103187730e+00
-9.674827388100052161e+00
-8.535707977753183684e+00
-8.053398417351246508e+00
-8.596641764715824863e+00
-6.512193702028973519e+00
-7.506271193532858987e+00
-5.739129790151224597e+00
-9.268118346234334837e+00
-1.021215533449628943e+01
-1.169842066906513267e+01
-8.019153696468654502e+00
-3.613802883193110382e+00
-5.776503880193239127e+00
-8.001292644855716674e+00
-8.147730071797912643e+00
-9.468785495202538982e+00
-7.602672542170093806e+00
-8.691006955144768398e+00
-6.253949691465581218e+00
-6.380542548770059774e+00
-5.878101893973442849e+00
-4.843331450734371657e+00
-5.506908251304157176e+00
-5.406491566246858227e+00
-5.318395156650065125e+00
-4.662788030415138785e+00
-5.633353459958416742e+00
-6.906661663631703973e+00
-7.211374236796819659e+00
-4.968682493136462597e+00
-7.662220919796930652e+00
-7.121637219597547031e+00
-6.006495619722953094e+00
-6.485381691299592966e+00
-6.315243410572214167e+00
-4.468380811656039953e+00
-6.057313904533650373e+00
-4.242538583594232193e+00
-2.840373195000496231e+00
-2.768198309214135122e+00
-3.507076480519192074e+00
-2.381989576435659117e+00
-3.080951823623943930e+00
-3.384949214511754345e+00
-4.118178540636703744e+00
-2.707384609242087681e+00
-2.972001300132651291e+00
-2.614048260857228634e+00
-2.595808086828413241e+00
-3.453105906021716187e+00
-2.118753804259065454e+00
-2.172937813531207851e+00
-2.440126410048154781e+00
-2.813417618631864237e+00
-3.806398398964143226e+00
-5.116067830463224553e+00
-8.553994947777844970e+00
-1.461781404775663695e+01
-1.038632131001839198e+01
-8.732428445095274938e+00
-6.195829160304928251e+00
-9.515406336991958369e+00
-3.934177381163537213e+00
-9.115904608996164171e+00
-7.196998582448260962e+00
-5.965027421612014713e+00
-4.326033670494876304e+00
-7.845560268098181744e+00
-8.425027640533528484e+00
-7.677832086945213241e+00
-5.579675743122567866e+00
-6.522310228485268979e+00
-5.879192843532639046e+00
-4.561856595192766761e+00
-5.227594307102302551e+00
-7.505406541248028418e+00
-4.183385254406360332e+00
-3.617325865542109220e+00
-6.392021997760747531e+00
-4.599823675373360565e+00
-1.454696577302040383e+00
-6.269796466996870876e+00
-9.191115658679738232e+00
-1.177685546898886493e+01
-1.319884149818967956e+01
-1.419358920717236217e+01
-6.659800500626401387e+00
-1.194948481339537238e+01
-1.288301058320413262e+01
-1.119491627333930772e+01
-1.269273455525437200e+01
-1.185440804456089481e+01
-9.548993832501473378e+00
-1.139437039060990386e+01
-7.943658335597115538e+00
-6.580389675333889521e+00
-5.276652196751464352e+00
-8.506322967593318296e+00
-1.621071325682377307e+01
-1.310779837779390178e+01
-1.461382895223343326e+01
-8.422734612272007482e+00
-1.880331758161151967e+01
-1.506514661680812139e+01
-1.433819664700076757e+01
-1.081270517946815168e+01
-6.098745561323397624e+00
-1.210383463091307021e+01
-1.049243432290458244e+01
-1.396649747122557983e+01
-6.219017304437466365e+00
-1.205817013914120750e+01
-1.323508188346951542e+01
-6.619973739571235249e+00
-4.180048194265658879e+00
-4.808659050866603835e+00
-5.659606089608695711e+00
-4.154656391079267763e+00
-4.448059647382728521e+00
-4.387152745285608724e+00
-4.647178654537631459e+00
-3.998187358940696878e+00
-4.510733620078873685e+00
-3.578293401979654842e+00
-3.872383073543730347e+00
-3.546714373489802785e+00
-4.625463022696036042e+00
-3.474838313440096194e+00
-4.546300997932321231e+00
-8.876353012243161089e+00
-5.279255435045207889e+00
-8.652090893385750547e+00
-1.416871279554960239e+01
-1.075475771502926037e+01
-6.014571575722228225e+00
-9.671958204358809041e+00
-9.502601401306806750e+00
-1.318445150046142444e+01
-1.004136539157367736e+01
-1.038344875019635438e+01
-1.185963297759303003e+01
-1.071350889566684117e+01
-1.041561530942729341e+01
-1.334195841587009390e+01
-9.803898343597230891e+00
-6.235152590499541070e+00
-5.063296932576583309e+00
-4.369718600828952582e+00
-3.974917128342926986e+00
-3.362911003717783842e+00
-3.753287641592183199e+00
-5.102048475203506683e+00
-7.487571895564632207e+00
-4.569886683831453134e+00
-6.835388094426550154e+00
-2.990828322390241212e+00
-3.043618160595090494e+00
-2.851477146339291391e+00
-5.344549682941428514e+00
-6.971227613612489549e+00
-3.848235660939941738e+00
-3.399390024125316767e+00
-3.925755615709539903e+00
-6.165341587930440070e+00
-3.677945599332593130e+00
-5.218663008618164234e+00
-4.935483905153100537e+00
-3.498083272983554703e+00
-6.164681805478626764e+00
-1.283041228289796898e+01
-1.167087924260531295e+01
-1.369946969745610765e+01
-8.061722635858748376e+00
-6.100734399083618698e+00
-6.054033940803076774e+00
-1.040985568695969121e+01
-5.660815659095468355e+00
-5.228844631788861719e+00
-8.074357934563600736e+00
-1.334501792866065983e+01
-1.359454235754907714e+01
-8.323221648143984908e+00
-1.330253212937720697e+01
-9.913700828002479426e+00
-1.256920894368196606e+01
-1.349210311541501461e+01
-8.502089829308010493e+00
-1.407696624358329274e+01
-1.122421682685354405e+01
-6.064544557337983477e+00
-1.080522706677323086e+01
-1.460770470536419730e+01
-1.354553233739933304e+01
-6.240789961785960571e+00
-1.205855786978770006e+01
-7.023544434288297111e+00
-8.463286208333585137e+00
-8.249490432111050708e+00
-2.633952946430247799e+00
-1.940114095868414434e+00
-2.131351644912303112e+00
-1.661914144994750320e+00
-2.353626880459310566e+00
-2.494248881204915946e+00
-2.390252618537454410e+00
-3.019542078268770968e+00
-2.065969864914362741e+00
2.713504084666315541e-02
1.142879326302577991e-01
5.218095946251119499e-02
-1.485405365041252645e+00
-2.747521153497466173e+00
-1.698237090685094097e+00
-2.794625351227014498e+00
-1.741897583875031685e+00
-3.287713175305454705e+00
-3.096588608462446768e+00
-3.083868693890721602e+00
-2.553281899168870162e+00
-6.002336094797917632e-01
-1.452011504744552983e+00
-2.768218432495592740e+00
-3.098379674719101029e+00
-3.390273846114346235e+00
-4.068774252748403875e+00
-2.713431864111272684e+00
-2.485711393034406136e+00
-2.274661246683701954e+00
-3.144985611548491988e+00
-4.338429321535214100e+00
-2.728716838382742260e+00
2.644912057490846763e-02
-6.998318535109537830e-01
-1.776716778295121868e+00
-4.978672861617130962e+00
-5.829101301477674468e+00
-3.213540631836292683e+00
4.440516445408703161e-01
-1.009415505613497244e+00
1.864467899393537353e-01
1.019306709720145143e+00
3.319412379759232312e-01
-2.769300317753764062e+00
1.212100384605400816e+00
1.543183557813715634e+00
1.702780751067149989e+00
1.171569970173682362e+00
6.907059271295454828e-01
1.198779524247796768e+00
1.355760383741162700e+00
1.239855418473825743e+00
1.516260413418127007e+00
2.027378751809236768e+00
2.160761025710061123e+00
1.846523097148336401e+00
-9.004843320969614373e-01
-1.009401881842416770e+01
-6.108365218208992253e+00
-6.009988641257399067e+00
-1.058429021054911878e+01
-7.522193716260741070e+00
-9.487274173884800987e+00
-1.139263417667508804e+01
-1.279191959181619609e+01
-4.278030697162270357e+00
-8.616598404891995244e+00
-3.817218658208221260e+00
3.351064842108443242e-01
1.311239137617338901e+00
1.606928678410893596e+00
2.170730857281323534e+00
7.127341820420372009e-01
2.657473706220067733e+00
2.365331721526842568e+00
1.316058612544110717e+00
2.369995115691935883e+00
2.551736485316178804e+00
1.161775910758051644e+00
-5.064552753993377676e-01
2.363959445384499203e-01
1.656847338682705839e+00
-2.277845056021690517e+00
8.869016315378591697e-01
-4.816982418410778455e-01
8.329391504864264162e-01
1.892002525627700660e+00
1.995504523393033747e+00
1.985260519680358549e+00
1.018260772181702523e+00
1.723790782472281791e+00
1.788082756796395056e+00
1.147627720407888630e+00
1.538859444256443165e+00
1.266496945964714627e+00
8.987449231317168330e-01
-4.439602130281000703e-01
-1.362043625556793591e+00
-1.931932497505777446e+00
-2.894496067824348096e+00
-5.094830937054685149e-01
4.392701202944945038e+00
4.902193710465200027e+00
4.570585261364054297e+00
4.983643092662990881e+00
4.451128297137556089e+00
3.105589087591727360e+00
2.029185292024214160e+00
1.568452298168180103e+00
3.769830412264567165e+00
4.398916987433323378e+00
4.658255530104467468e+00
4.747355840067129407e+00
4.301103707874539772e+00
5.195559033422052053e+00
4.519492725152685964e+00
4.371350029787283376e+00
3.852448834269339262e+00
-8.647392614377741316e-01
1.909474196252762379e+00
-2.716013990642096587e+00
-8.460927419425628981e-01
-5.499833026539798553e+00
-2.425958081779902020e+00
-1.237027740315131741e+00
2.090583403421037434e-01
-1.557204270461982842e+00
3.229328875328644211e-01
4.038698938658358273e-01
-1.069472455035623826e+00
-5.220253015514834338e+00
-6.410698925291333339e+00
-4.224027345265132460e+00
-1.691991673514410044e+00
-4.213059937460749360e+00
-5.316616892050413767e+00
-5.169699806543406329e-01
-4.963834089285772654e-03
-2.921851321448651007e+00
-7.269310126056996779e+00
-6.076577017293248062e+00
-6.094450154639584838e+00
-6.255452317383491945e+00
-1.960942193780825793e+00
-3.431807288596206984e+00
-4.299027074949624883e+00
-3.344466948345504953e+00
-5.002013862176195591e-01
-2.266108839916893825e+00
-3.627824360043012675e+00
-1.603535586671427371e+00
1.781372819275285568e+00
3.158759867309127500e+00
2.099449304433344210e+00
2.298408684987953254e+00
2.473170774607752698e+00
8.198229633658526971e-01
2.167422646612403803e+00
1.780259501302677183e+00
1.958809839587798640e+00
2.607739471011543575e+00
2.526575885333383731e+00
2.203940183959312016e+00
-1.323661329355027672e+00
-5.114494197153247601e-01
7.118835566545739235e-01
1.612637220026645002e+00
2.850354952825406407e+00
2.361897632071424891e+00
3.703155308492227071e+00
1.472335134645059163e-01
-2.907958977517541399e+00
-3.965968019619309004e+00
1.201456991197944746e-01
3.769873864803186869e+00
-2.278197425511822583e-01
-4.300475961281285953e-01
3.211122995920442591e+00
2.192679403448332565e+00
2.526728244216447816e+00
-1.467427951276415454e+00
-7.355112864386503801e+00
-4.881918608867877651e+00
-9.312818707205543944e+00
-6.946399450270114073e+00
-8.371973372975356043e+00
-6.054311731329291291e-02
1.960307990498482589e+00
-2.490275124685168429e+00
1.123362706272152511e+00
1.595147149284184218e+00
1.437621278914251510e+00
1.414775108612960519e+00
1.212367837985322438e+00
-1.947656632919189945e-01
1.298509835918676192e+00
-9.481910155926895345e-02
-1.142118772180612751e+00
3.168746962643080867e-01
3.313983543072426818e-01
1.828294448172266051e+00
6.961131653738056313e-01
-1.198807873745907915e-01
3.547823883017492963e-01
5.742429551528291931e-01
7.709049509069700393e-03
2.882814589834479246e-01
-1.728394177548022492e+00
-1.674648976542900458e+00
-2.098624805274051042e+00
2.280105724744668105e+00
1.684990636386993312e+00
-2.001878256679395562e+00
-1.107298191994552816e+00
-4.907094456572053787e+00
3.850805251639732307e-01
4.111210452728350617e+00
4.687402442320411033e+00
1.795702996288821129e+00
2.354625171092934455e+00
-1.622357987457861306e+00
-3.890357502086889241e+00
-2.646712436138026980e+00
-3.429045081286524521e+00
-7.053077685147213227e-01
2.388584264628416942e-01
3.205809742784548888e+00
4.922338409102003709e+00
6.196938743026482399e+00
3.723627280817942253e+00
3.709547252892376079e+00
6.944890087411633495e+00
5.745269956314693616e+00
6.926526602226931395e+00
6.987227978655726979e+00
6.428557982934214543e+00
6.128924981676440176e+00
3.903388597461656673e+00
6.415196492908421533e+00
6.907040975192527910e+00
6.202055457596785004e+00
6.147496194258771141e+00
4.976373839716240255e+00
5.442018469595146790e+00
-4.940096581907283957e-01
-2.549337967574257569e+00
-1.242341220267381974e-01
-2.008857866132954140e+00
1.756391217459806420e+00
-2.845881527081097762e+00
-3.229037955820992956e+00
-1.480449106367739631e+00
-9.863642379928700965e-01
-3.267638051481473127e+00
-1.386074188467385948e+00
-8.922865120369183334e-01
-1.627147737246213088e+00
-1.077851745112694104e+00
-2.068802691898246504e+00
-2.133690586063107908e+00
-3.798942626772221498e+00
-2.834308984615316884e+00
-1.952590012310866818e+00
-1.911745113815060071e+00
-7.751809606175880107e-01
-1.118075584874428596e+00
-9.997505628931424582e-01
-3.024911434263831023e+00
-1.847012138694081651e+00
-2.344149964256489582e+00
-9.607098150612507492e-01
2.543044867888517135e+00
-8.591536324998210947e-03
2.433639760720336831e+00
3.340317241044354901e+00
9.106621142549058412e-01
-7.916229633809403199e-02
-1.539231113165122178e+00
-2.495766683261236185e+00
-2.135546954312296908e+00
-1.695523067784552307e+00
-2.700537654558095024e+00
-7.619354364187715944e-01
-2.313374461359006595e+00
-2.960331441639503680e+00
-1.322771862018643718e+00
-3.658489849410346384e+00
-2.880850379994126076e+00
-3.924466151679983916e+00
2.158354513281675047e-01
7.773620993768343146e-01
-2.042333520489549414e+00
-4.640598367014473702e+00
-4.715799871468377091e+00
2.394678731126677285e+00
-1.481954414999363312e+00
-3.037303663772337181e+00
1.438792123850283433e+00
-1.816039259613750012e+00
-4.991222950516968737e+00
-6.119905386342006537e+00
-1.015685776134199303e+00
2.527822909052958700e+00
4.546533213842912424e+00
6.012866409383699207e+00
5.027708511857330365e+00
5.442625530249025623e+00
5.263234771235304699e+00
5.530103593397268646e+00
4.830163752515891140e+00
5.051409773439100803e+00
4.912455396802183571e+00
5.012072826351977817e+00
5.540417617496457225e+00
5.928209530956667805e+00
5.384741193523381320e+00
3.168099163094925785e+00
4.057163394540904022e+00
5.558989166237282120e+00
5.755266916559522272e+00
4.974755155004726426e+00
4.139672231868528840e+00
4.991910181771228139e+00
5.008249506119212491e+00
5.643403836387427930e+00
4.911921575658565686e+00
5.274332589993462328e+00
5.433224419344946376e+00
3.966912728329338833e+00
4.751307016733264277e+00
5.026155781250905008e+00
4.770842242014166956e+00
4.296879851413691220e+00
4.381270625091691073e+00
3.412499222891478112e+00
3.610220120442179770e+00
4.569469065695114907e+00
3.792304522443830095e+00
2.002848713513045720e+00
6.521047414180701773e-01
9.205787402758514038e-01
9.785210114935352088e-01
3.074542956764130253e+00
2.174948003422692899e+00
9.208524951096438982e-02
2.071051769844562962e+00
3.267454960963473432e-01
1.585017166320908055e+00
8.134592805192796261e-01
1.226733140299248515e+00
3.020583972750369162e-01
2.734884887753952776e-01
3.139750116499086197e+00
2.415716559713594780e+00
3.195209280001005681e+00
2.818442466273575420e+00
3.737296027679908761e+00
2.869822235820262080e+00
2.773551472005135743e+00
2.805481519021176151e+00
3.065941453476685563e+00
3.266014471384899309e+00
2.635856625257864572e+00
2.732722018724211832e+00
-2.823623274785908688e+00
6.867546495293108677e-01
-3.177578094400234754e+00
-1.333143905180265376e+00
-1.731018988527730507e+00
4.649835815785561266e-01
4.147232485572700522e-01
2.277413280754108538e+00
2.125714206674258477e+00
3.909671776956868072e+00
3.456961457754617051e+00
4.380359220246913488e+00
3.547178926061453019e+00
3.673019822815751123e+00
2.889596414922816603e+00
1.992977711886458059e-01
-4.333071079472563092e+00
-4.036085303828805593e+00
-4.505470392342758146e+00
-3.941175483050151307e+00
-3.520118707562353677e+00
-3.843020006422171342e+00
-1.773882373554457326e+00
-1.603257575631541254e+00
-4.013898298222926542e+00
1.257259803137087850e+00
-1.909353060507023692e+00
-3.670434975599308203e+00
2.647285422885392148e+00
7.207889980011870090e-01
2.507016086958588463e+00
1.600094820901199810e+00
-3.275123883459802876e+00
1.249515908072953208e+00
3.999106204614017557e+00
3.768134285834872088e+00
6.888773324464205761e-01
3.021211145334819825e+00
1.566656200784795505e+00
1.999671209340528888e+00
3.290960027282805012e+00
3.844752108432226478e+00
2.964937725891862996e+00
2.899868879663963561e+00
3.667811923764336512e+00
4.577763977776152515e+00
4.168013564562714102e+00
2.855486302251903474e+00
1.374583020508198583e+00
-4.206283543202243846e-01
1.619338120412940674e+00
1.939205925875417069e+00
4.102408898426490147e+00
4.003405071896031231e+00
3.854154311207595995e+00
4.750139612094402608e+00
4.682510596252049240e+00
4.804037823947915342e+00
4.622684211676701516e+00
4.251287354810160402e+00
4.315424613404329257e+00
3.939466064811363299e+00
4.536959840726821902e+00
4.751658174746630436e+00
4.030267774787295920e+00
3.805665475120379337e+00
2.311254774367706766e+00
2.542644035219296050e+00
7.406768261582975521e-01
-6.008161305145174325e+00
-4.779702604150617873e+00
-6.351415721904158929e+00
-1.358320855320382492e+00
-4.327018141416055563e+00
-5.557119639183926374e+00
-3.578847146604262619e+00
-1.501915649615022108e+00
-3.629999656301092226e-01
-1.082240877496756237e+00
2.344290294423461984e-01
5.135560963152887126e+00
2.548584433523226167e+00
5.757325784490891607e+00
5.388911843773929178e+00
5.909017363231444442e+00
6.000965521849700224e+00
5.924082802395931324e+00
5.459955500786163540e+00
4.990322765607676736e+00
3.179138863647374524e+00
3.891870092727344854e+00
4.034420220223049469e+00
2.708923480131015804e+00
4.885999994728488893e+00
3.284238951240554982e+00
4.092825751187701755e+00
2.699754718628438965e+00
5.144516272707198468e+00
3.959616820906309620e+00
4.101746923862076066e+00
4.706731846614305326e+00
5.371315908249756355e+00
6.326266926621016751e+00
6.501178395016343536e+00
4.850016720200118314e+00
4.609294608973742768e+00
5.537897627174971582e+00
3.516415564037463248e+00
1.986062266495966178e+00
2.680635537429878923e+00
3.102210944987937591e+00
1.760542080364816186e+00
2.288601542607672235e-01
3.150678200429781306e+00
4.720346564778143517e+00
9.137537900386993872e-01
-9.892983154519858768e-01
-7.346947159430133212e+00
5.029617877961042316e-01
5.904471193208123969e-01
3.960067947644867026e+00
5.912841699978756971e+00
5.313206922553329825e+00
1.296904950757300723e+00
3.452648638024962136e+00
-9.621788432939852864e-01
-1.939060367158222317e-02
3.042134418614923064e+00
1.940285843249651254e+00
2.466154001721382105e+00
4.676967593576826232e+00
3.369532638558523363e+00
4.603579066141652021e+00
2.974896417029849971e+00
4.064905354004535454e+00
3.951019991626814054e+00
4.686898446304641475e+00
4.067430891198124066e+00
5.165229537595161347e+00
5.361942557785708274e+00
4.828219540786070851e+00
4.972680937722394390e+00
5.110352873032523391e+00
5.592375861555186844e+00
4.941793475914961320e+00
5.571290066541092045e+00
2.884009553270623805e+00
3.647177103848868729e+00
5.377589967300799856e+00
5.516815264740444036e+00
5.757266986542495246e+00
4.634730401624373997e+00
4.393129894196238006e+00
2.190409630781868344e+00
4.647256172095653781e+00
5.379465840829945833e+00
4.547307039184351751e+00
4.860527845073349340e+00
3.201705344928783781e+00
4.166240929996483544e+00
4.923042701232169804e+00
3.558288940908203468e+00
3.776365148715088438e+00
3.655994190502506846e+00
3.411682384025824799e+00
2.688045979562080134e+00
3.083944050215708721e+00
2.779333048116816141e+00
3.680988617202209490e+00
2.833938803223077230e+00
3.797959312553644828e+00
3.677327238045967839e+00
2.696239684766553069e+00
2.237043662961718749e+00
1.457654275351482731e+00
1.961433746344339868e+00
2.414458274128968629e+00
4.320863465703542516e+00
2.851722980139936858e+00
2.532857979576662366e+00
2.333337992720464271e+00
3.269776726768510500e+00
4.178773885183347581e+00
3.915533391301875277e+00
4.312235964060365134e+00
3.293960530233312589e+00
4.921918880672460084e+00
4.676848953162267897e+00
3.353423976677867291e+00
3.319507013309688226e+00
2.607601590498273669e+00
3.861820958121514380e+00
4.193971187719104599e+00
3.790590165289446922e+00
9.609498167430223781e-01
-1.316432181372772625e+00
-6.312532207967846976e-01
-1.387251017376916362e+00
-2.653692774697522516e+00
-3.702232661631174704e+00
-5.316882141605256962e+00
-7.510346990606700857e+00
-6.893537969492863127e+00
-7.661397421405789387e+00
-4.231024796202037308e+00
-6.962890214722526672e+00
-7.162790827710675323e+00
-1.213832262686148233e+01
-9.221395650756235796e+00
-8.233442520731891534e+00
-5.134871789849190904e+00
-3.065873703052637733e+00
-5.307825288940845709e+00
-4.893663182619279794e+00
-7.794932963820297545e+00
-4.144374343136529859e+00
-6.307692805502490785e+00
-6.748881745178518798e+00
-5.561579422630094527e+00
1.179306317219707800e+00
1.118400994006473859e+00
-3.093739088938270321e+00
2.390351638022263803e+00
5.172750963532314117e+00
2.808457620370567120e+00
4.234171074736364559e+00
1.280436467209511431e+00
-7.082621228640146427e+00
2.553453357031005844e+00
-4.658865633864868627e+00
-2.774767990818134411e+00
-2.399378532883073567e-01
-4.712415866558970379e+00
-8.820860230882999531e+00
1.608319893686926960e+00
-1.188159246606980551e-01
-4.937332479026769860e+00
-6.656905189070293716e+00
-5.464135121293827169e+00
-9.079415988132226722e-01
8.719751045081496343e-01
-2.700083615132284898e+00
4.493875800292517653e+00
6.530918187097904060e+00
5.206827346282143054e+00
6.311646342274579879e+00
2.018697196945037131e+00
4.475935297820425873e+00
5.694552679261652983e+00
5.344659137108889624e+00
4.545060393991843029e+00
6.004142975814994898e+00
6.949943879296704097e+00
4.743913660209065242e+00
-4.253091894036342246e+00
-2.083580421608602240e+00
-1.124553222298714905e+00
3.439440370798145796e+00
1.563952933087023656e+00
-1.614186332307570471e+00
3.496214285405999433e+00
-1.236208772137953993e+00
-1.959175576468030311e+00
-2.202636990077614598e+00
6.130656445419182532e-01
2.886369552927782856e+00
4.036434010939091266e+00
3.606260950396487530e+00
4.561156490322369805e+00
3.787673920694245577e+00
4.400178120011978500e+00
3.754211386478869539e+00
4.427721287342829548e+00
3.904991625743157169e+00
3.509041488994055769e+00
7.141884655248104119e-01
-5.008342279749358639e+00
-2.132139239306060363e-01
2.652811170872843682e+00
1.070714077049900625e+00
1.498178980002759619e+00
1.798864926140623099e+00
2.035740776234343130e+00
2.023419334596115338e+00
9.192487021260244973e-01
1.217964054393247675e-01
1.669398460695452391e+00
3.076493972608856264e+00
-9.180440645896202900e-01
-6.314159076867590592e+00
-7.217859821556013578e-02
-1.054769811072329366e+00
1.881355166943385449e+00
4.975186177222181705e+00
4.131932092294655412e+00
4.986768112790423757e+00
3.608779062598665099e+00
1.830840207779803608e+00
1.872079358253163628e+00
1.230212690105579654e+00
2.068889526585438343e+00
2.731038507224887280e+00
4.302137479611264581e+00
3.331490733236872614e+00
3.013819855150619453e+00
2.024052409374805794e+00
-1.020023839195097981e+00
-4.828253191041454451e-01
-3.815727433314574313e+00
-3.370241186401000455e+00
-1.826055299799854925e+00
-1.973694293855866588e-01
3.044153056366460497e+00
3.341574579807588208e+00
4.203834817116155698e+00
3.832847548686872940e+00
4.013901323160277812e+00
2.088839345584805773e+00
9.599302239650832069e-01
-2.005128846814099752e+00
-8.649979720388706328e-01
1.062486641126124454e+00
-1.161612354235701083e+00
1.013923238575648700e+00
-7.136896352762178708e-01
-2.485280746482959824e+00
-2.823249432802237280e+00
1.315693895248621015e+00
1.521178331992453225e+00
4.263661909996398158e+00
3.336658934909737528e+00
3.628154080834469664e+00
2.521039055826996833e+00
-6.606525949690372768e-01
8.128971099556770996e-01
4.494379556993811420e+00
2.690662407919744759e+00
3.599851758784438083e+00
4.120830118958648924e+00
3.494123805278773531e+00
4.146809878543258776e+00
4.572251338612130844e+00
3.848518191429298518e+00
3.793525944848519238e-02
1.376660021928570732e+00
5.143053723149523249e-01
-8.229461721111398731e+00
-1.033669208320365485e+01
-6.752182241661719431e+00
-9.670931352839799544e+00
-9.141265446387249582e+00
-3.164550100652406162e+00
-7.711851700687041955e+00
-6.773822172938200659e+00
-5.538379547164353767e-01
8.440352937688132273e-02
1.742077542700692039e+00
-8.969285098671192502e-01
-5.137125757118051084e+00
-3.176181678358950045e+00
-5.596698798028139077e-01
1.396391782505510548e+00
-3.396321192035535397e+00
-8.411979710708862967e+00
-8.253793564266437954e+00
-6.528306479451387645e+00
-9.232843602184079401e+00
-5.026645406689134177e+00
-6.278190596137356749e+00
-4.370774444842010276e+00
-4.074742443862411356e+00
-2.105306200498598734e+00
-6.635373654448084579e+00
-1.522396255150938238e+00
-2.080511830766506254e+00
-1.414967898533124213e+00
-8.734297903859955525e-01
-3.718926844987645808e+00
-5.091091149969731333e+00
-6.582880716834907275e+00
-2.122023091064302758e+00
-3.222662970916728931e+00
1.641562056259689428e-01
1.693680389645023654e+00
1.915674208142537083e+00
2.536947035977934473e+00
1.536036812873533552e+00
4.534234761364971611e+00
3.944335029444337337e+00
5.425626576943976431e+00
3.942964846272648316e+00
1.659786669652729696e+00
5.497696600643584119e+00
5.966933101982205834e+00
5.371671619458858515e+00
5.943938169572737351e+00
5.136199051761540346e+00
5.386270973444964305e+00
3.900942078182556561e+00
4.960822546851323622e+00
3.869805111071651815e+00
2.467375674727688484e+00
1.693746606158317514e+00
8.306106835699046398e-01
3.610449611011159465e+00
3.660468077794400532e+00
5.417173866858489895e+00
3.720238367492591181e+00
2.443466269216306053e+00
1.439752210480939043e+00
2.335394401389130348e+00
3.429595143397528023e+00
1.402501296686602172e+00
2.645498059534783675e+00
3.563904010148158719e+00
2.315717816874602875e+00
2.801047131668763068e+00
9.983458076884722532e-01
2.830523798248951728e+00
2.541373994238909084e+00
3.269296152674018963e+00
4.146803811827382447e+00
1.021618078421952847e+00
-7.473257265919955650e+00
-4.732662841252094132e+00
4.171420598355388698e-01
-2.918230580825894455e-02
3.078149491118742365e-02
1.835905729886758486e+00
1.232613366129199584e+00
-1.446079299663259654e+00
4.856543442522612830e-01
-2.669500300768375411e-01
8.833091868096523136e-01
-2.675268898016490038e+00
-4.965595685981690544e+00
-3.058969364595790982e-02
9.499896053248073624e-01
2.293426850673437212e+00
2.099212840581683892e+00
1.499577247393877100e+00
-1.756968731032358955e+00
2.014747835682052735e+00
2.166284493538827682e+00
1.486368304252575268e+00
3.180576323182868315e+00
2.902284463302580164e+00
1.778313062607217221e+00
1.034093761073989759e+00
9.445255490043504842e-01
2.045705791237339088e+00
-5.168723494754980941e+00
-3.313895662814992704e+00
-2.754853391011586439e+00
2.287689087430947232e+00
2.763908941911668027e-01
-1.758024269667301853e+00
1.598239568691374846e+00
2.381871783996132863e-01
1.130038633865876108e+00
3.485976018697626522e+00
2.917336934727702058e+00
2.979701734550904924e+00
2.046641709132143383e+00
2.392788737103675345e+00
2.063152957108385532e+00
2.340373016026308317e+00
2.617653188966039046e+00
2.416722481379514509e+00
2.656670894114369741e+00
2.242442935405685400e+00
1.310013422028548202e+00
-7.879167489881272468e-01
3.838377942170979051e-01
2.960946847224066869e-01
1.583939471567699098e+00
8.505375226352417384e-01
8.213692239658876293e-01
2.154106670835830517e+00
2.091475332860415648e+00
2.422274646624680727e+00
2.703500097897563847e+00
1.953483973283056674e+00
2.072301318655828783e+00
1.314980620937191258e+00
1.473512806677542475e+00
1.488261122089102662e+00
2.654691232018665303e+00
3.041994139547632869e+00
3.003843325142423026e+00
1.596508812756220808e+00
2.312421698021189354e+00
2.032606140148126350e+00
2.378586868662819320e+00
2.640245921837552245e+00
1.258825741061932124e+00
-5.471045905447529112e-01
-6.499875979608110699e-01
-3.337906469531781717e+00
-2.358997991697926011e+00
-6.882440927029200850e+00
-3.519912644208624819e+00
-1.330634823962670854e+00
-1.728967504076974748e+00
-6.662974767586367975e+00
-1.000332074047730302e+01
-9.745057545216578632e+00
-2.811846808789142838e+00
-8.006634641910661543e+00
-2.210668501683652920e+00
-1.170160823669448291e+01
-1.837941842394576808e+00
-7.848074729558592644e+00
-1.337167790319349692e+01
-1.182580574939299467e+01
-7.265015852743626823e+00
-3.200962963199005085e+00
-4.711297583344581930e-01
1.076624476953062626e+00
6.699998839673780848e-01
-1.203272963052418820e+00
-3.884888279618038176e+00
-1.199012371752674611e+01
-1.135314986271520610e+01
-4.297513446567108097e+00
-3.218231545289023110e+00
-1.697857291130456581e+00
6.664178193620364787e-01
2.153821740907329474e+00
2.113721275858727822e+00
-3.743296706540982233e-01
-6.274635601040998267e+00
-9.457302816799408873e-01
-3.318269498827347341e+00
3.541138192440108634e-01
2.856974758422055061e-01
-5.368250583206369830e-01
-9.478927366083521600e-01
6.471403898019657541e-01
2.165404925893774091e-01
-3.453810307538782709e-01
1.386237181667285157e+00
2.688490014869741707e+00
6.650130932219469049e-01
9.564914867389568975e-01
2.337100084777108400e-01
1.492403857182270421e+00
3.828442189624556291e-01
1.157912539583794587e+00
1.541187371868717237e+00
1.840306567745676469e+00
1.110001804371345102e+00
2.016568504638802217e+00
1.751853282536885770e+00
1.846084413008170166e+00
5.617294325117168086e-01
7.956521049971389259e-02
3.601288010103223525e-01
1.821360066333748140e+00
7.441186997831341632e-01
8.071591021748941719e-01
1.825610868370701523e+00
1.734056812103760281e+00
1.947981969712313743e+00
6.259462222240450568e-01
-3.192570274696443500e-01
6.203185750400255216e-01
-9.008685531353701759e-01
4.259061572941552631e-01
1.049661053715798209e+00
1.238987465561001367e+00
1.352405943573059321e+00
1.515521814424780400e+00
-5.002213795550412012e-01
-6.509707804500006745e+00
-2.333489161057988426e+00
-5.198931588227631906e+00
-2.773980831145561154e+00
-2.766504970717796219e+00
-5.138324635017443853e+00
-6.015938072261214131e+00
-2.801347818641017451e+00
-3.970183388511551836e+00
-1.111469335477900611e+00
-1.371060513649166923e+00
1.088366942789425806e+00
-2.562651722778801489e-01
-9.361397995144759010e-01
-4.991495535954719287e+00
-4.707164511716523947e+00
-1.253753463171352500e+00
-2.569828671739684545e+00
5.179763569765245546e-01
1.985706763752135062e+00
4.311849961888525318e-01
4.820812348288624483e-01
-1.091134658750196440e+00
4.975963375038680025e-01
1.488564375718951505e+00
9.189082831550090535e-01
3.981472745230484889e-01
6.815955387097141216e-01
9.604066157673472048e-01
-3.671999592630253439e-01
1.093517105740566375e+00
-8.732456091846054758e-01
7.730724552235190838e-01
8.238621450223959641e-01
6.948455284041563651e-01
1.852858914275686164e+00
6.240426210175126220e-01
-1.092924753506603563e+00
-2.237915494368706959e+00
2.865487427753394822e+00
2.675998392589684194e+00
1.413169436316469518e+00
-2.351206825520638422e+00
-2.035412603122541686e+00
6.108108661072219059e-01
2.654316392977960515e+00
4.278718030276523976e+00
3.308802059660693295e+00
2.260543787813933836e+00
4.234367715856684811e+00
4.418995218426305271e+00
4.844584990625865117e+00
2.192023167646767856e+00
5.789274651564354501e-01
-7.567733595355802256e-01
-9.828354829175565965e-02
1.853686006814178722e+00
3.207044801622466856e+00
2.005170945228516466e+00
2.803684058405432111e+00
1.811357890805675996e+00
2.398684926341835943e+00
3.104404268703899294e+00
2.415966434075031533e+00
2.563495233091017234e+00
3.232425787099599379e+00
3.410107566635782739e+00
2.573415408707661278e+00
2.876252664553314631e+00
2.003910950588707163e+00
1.761087841392603215e+00
2.127261561548040358e+00
2.140995075316975527e+00
1.919399106534308563e+00
1.764468540775866234e+00
2.233121795728363779e+00
2.370495236539002182e+00
2.588435887453581330e+00
2.295164131049019840e+00
2.398023521538002356e+00
1.740639423645088391e+00
1.229237145924247265e+00
-3.847332272656713847e+00
-2.174413320538850058e+00
-5.908493498992304360e-01
9.336214888990403971e-01
1.768227688231804429e+00
2.116932840033769025e+00
1.395174881554454016e+00
1.179957917623680963e+00
1.079895225237846201e+00
1.025179947779704115e+00
9.109927415927976391e-02
1.081562084028240500e+00
1.777883172926973732e+00
2.124959766855947230e+00
1.474492300072027362e+00
1.553794231203266651e+00
2.024786564794299970e+00
1.421264165585894634e+00
1.856200866263467031e+00
1.917617656547671912e+00
1.947393120347766571e+00
5.448565866514644140e-01
1.507110035270542658e+00
1.658561175662884413e+00
1.746440586755051205e+00
-2.518552827394361593e+00
-3.160982956970904034e+00
-2.130092744996014975e+00
-1.771548899571405933e+00
-3.599598812284667826e+00
-2.007406045379737325e+00
7.870016095052767557e-02
-7.199150560310701996e-01
-2.366231067826937817e+00
-2.733095899798325679e+00
-3.247890762698534939e+00
-3.067181110506411734e+00
-2.574086433249498373e+00
-2.391813669747700821e+00
-2.709010356577695511e+00
-3.659428359705025002e+00
-3.526115928962632928e+00
-2.594890653467079922e+00
-3.147782854493802240e+00
-4.664510007003011438e+00
-5.706304040264553734e+00
-3.463488629494981375e+00
-2.809901622299695756e+00
-6.223650250660731409e+00
-4.230955636248630469e+00
-5.762533418341336144e+00
-3.761955428103700871e+00
-2.781910549903290342e+00
-4.748424791169327364e+00
-4.878646423196210336e+00
-1.528753680722565456e+00
1.697561767104045050e+00
1.530768261194741964e+00
2.320047692902138081e+00
4.306395472785377265e+00
4.739988186569163986e+00
5.385177203969631066e+00
3.550467787268503095e+00
-3.146866294246144946e+00
-9.306788698446857300e-01
-6.803000881202089900e+00
-6.355912957273202046e+00
-6.509786873701168375e+00
-3.928903072362231352e+00
-4.035702871577015571e+00
-2.585269846380206626e+00
-6.084617465428657113e+00
-2.128990247953207238e+00
-5.110938945155206525e+00
-2.986374824846834031e+00
-5.516530971106079484e+00
-3.201790714985901509e+00
-3.750813346729928277e+00
-2.692512320097737000e+00
-4.574854148178163271e+00
-4.291460967780865943e+00
2.077809331282810812e-01
-4.781043925939398420e+00
-3.772344710188895167e+00
-4.860857754339197534e+00
-4.507684322357580875e+00
-4.513456641038207096e+00
-5.981791242911881079e-02
6.422535455353440836e-01
3.450949398397307744e-01
-8.142459334316511921e-01
3.356291974471293238e-01
-3.119228836196478172e-01
-4.025841572450909567e+00
-3.898601204436691781e+00
-6.929669098820301798e+00
-5.252865381749035834e+00
-4.602885928910376734e+00
-2.381546161733643974e+00
-3.883046326560934403e-01
-2.833409970499530139e+00
-1.727881735531308083e+00
-5.894001791765173692e+00
-3.581151537176572752e+00
-1.051647229020542307e+00
-2.889269170321485003e+00
-5.076787819872135010e+00
-6.115467034600473362e+00
-4.969373740391286987e+00
-6.205858079616199952e+00
-3.460997545554347354e+00
-6.850708838385848765e+00
-3.175558106477160081e+00
-1.482136703979317183e+00
-2.118546023548231627e+00
-9.497066940158688242e-01
2.622242448645696555e+00
1.585052807942101127e+00
2.518712515375989724e+00
-1.082678675501517473e-01
5.000384585955610639e-01
-5.691764838148667682e-02
1.086671608891263352e+00
-1.609633603270431423e-01
1.196376951051584037e+00
2.575534523504010576e-01
-3.319642955961504827e-02
-4.187383004533003217e-02
2.416150951714585160e-01
3.243326183919075789e-01
1.674847775093930846e-01
7.198054904272560561e-01
4.975244796556463900e-01
8.686868226036772445e-01
-7.975038822770496028e-01
1.449407502165129813e-01
-1.189781242380500009e-01
2.957223927651604911e-01
-6.097758916020574738e-01
5.735508653229025589e-01
1.552139793433608084e+00
1.886570658922305910e+00
1.312195560030603725e-01
2.034806491349246294e+00
2.128251293492091190e+00
2.094717042958931796e-01
1.820293985213796262e+00
-2.488722422136016021e-01
-3.744855443055402411e+00
-2.217077802946412213e+00
-1.867189888405455189e+00
-1.122649879391107719e-01
8.046816193840686804e-01
1.965788781339201430e+00
2.083689813979972438e+00
2.277171940704321607e+00
1.309075634654547349e+00
-3.515903526816217539e+00
-8.731139205493562011e-03
-1.064423339452853279e+00
-4.990742494100311788e+00
-3.586914983166738402e+00
-2.886118894094447995e+00
-1.587375666136194408e+00
-4.795303687288249961e+00
-6.361002858683378669e+00
-8.000133478463276049e+00
-7.675414922979304500e+00
-5.842014495975514699e+00
-2.865389519333252810e+00
-1.722590526779911535e+00
-4.234936801994776401e-01
-3.550518857984137799e+00
3.614196794667047241e-01
2.812434948019531533e-01
-4.476010564103502509e-01
1.005750257998838437e+00
1.343449708895584571e+00
2.387216461984922766e+00
2.570615982315932690e+00
2.761293712944368650e+00
3.403532258889698792e+00
3.269513848199756989e+00
2.852501475948283183e+00
-2.748338008987909475e+00
-3.254028311781048677e-01
2.558812669082797697e+00
3.808468376976575698e+00
1.601881473910591769e+00
2.651372347486188996e+00
-4.297551548113853204e-01
-3.036156144901790976e-01
2.029339296310951890e-01
2.228891148780226539e-01
1.280343949320871255e+00
1.612071173997507323e+00
1.912791258624557456e+00
1.830953817527939398e+00
1.962546524912302859e+00
2.658862327599885056e+00
3.464082858773829710e+00
3.500250750806993771e+00
1.694118728937956897e+00
1.570996260617816054e+00
2.186193371168445587e-01
-1.844362288469441058e+00
-1.117622277145613685e+00
-6.657266659521731356e+00
-4.945996613023246447e+00
-4.878316870693296003e+00
-7.455055669160220333e+00
-7.043338774014334724e+00
-6.625641746515125163e+00
-4.462848346411032452e+00
-6.058022959303096755e+00
-5.449214255662015560e+00
-4.685948576780246122e-01
1.605052421636086635e+00
-9.363788802530328415e-01
-3.874214562266266038e-01
3.511667581613500677e-01
-3.280854489292492904e+00
-1.034882743821446294e+00
-7.327509685167811426e+00
-4.424580053111426992e+00
-4.926387084948920858e+00
-3.583533341082805745e-01
-2.900706157703183963e-02
1.799321131333000701e-01
1.321032363225898232e+00
1.670197915459576521e+00
3.962800741804367810e+00
4.339381160414451877e+00
4.886120385947672951e+00
4.018360743789724410e+00
4.560237035572349384e+00
2.883663650669543888e+00
3.885619756369107058e+00
4.935593872947309002e+00
4.872657908425449769e+00
4.755591070982343460e+00
3.147529406648210681e+00
-1.867475395195108689e-01
3.298554416355339303e+00
3.391237133001828719e-01
3.671168874178419195e+00
3.078989303565875524e+00
9.202543655266849365e-01
-1.126260738528187755e+00
-2.759533756661112225e+00
2.210388386800666183e+00
-5.436196287903813928e-01
-1.959449467650111298e+00
2.129383312601227818e+00
3.151470995563872890e+00
4.740917380727821318e+00
5.474448157861018238e+00
4.799663567692481259e+00
5.107114333758873137e+00
4.706084173778082302e+00
2.778735781032837249e+00
5.582376173423126531e+00
5.672178602679930570e+00
5.049819859040256986e+00
5.963956735957928856e+00
5.610441607641601713e+00
3.836644276740507564e+00
5.491326650964198031e+00
4.805021095685930277e+00
5.513449900152248340e+00
5.513873732452672094e+00
3.285585445913372205e+00
4.283280780867770865e+00
5.285030481689808823e+00
5.091808770182273847e+00
5.405098607798590749e+00
5.816143074941601654e+00
5.286982385559637621e+00
4.926956282950821553e+00
4.304119178077353780e+00
6.124476201775354234e+00
5.984196793367740241e+00
5.688045500399516285e+00
2.324635769645266414e+00
4.538510058948112658e+00
1.452797430351093766e+00
-2.615197898734890281e+00
3.046912100424738590e+00
5.352937678816457989e+00
5.670154931104711693e+00
5.499702419332609615e+00
6.407558623680081666e+00
5.621982344308573687e+00
6.164118971137463099e+00
3.806999904250326416e+00
6.478679831419055901e+00
6.100386024902800131e+00
5.207918346018408862e+00
5.894364370827888777e+00
5.970377740024362723e+00
1.232769416883816138e+00
-9.915375990728361177e-01
-3.082217444973523790e+00
-2.638742286953204896e+00
-6.521925117371281111e-01
1.406382575859928874e+00
1.161191975914180663e+00
2.887246785434523400e+00
2.211867993076456873e+00
-9.204985454529401867e-01
1.277036189136272482e+00
1.116731821436899086e+00
2.789168784755404751e+00
2.961424957047140705e+00
-1.938209731288476512e+00
2.179859470202115013e+00
2.598140241379259585e+00
6.446631948634742315e-01
9.500436305718582553e-01
1.169600708902004849e+00
1.575979388355844835e+00
1.127232984959992024e+00
6.525608563512640403e-01
-1.578945256231089944e+00
4.622280124874584284e-01
-2.912635011851204325e+00
-1.188573677304443632e-01
-1.416445319919754420e+00
-4.901778539452151584e+00
1.416046629866062889e-01
-2.356740736714238338e+00
6.531870806818457220e-01
-7.052064037196658086e-01
-1.047124723240936861e+00
-2.208554206132634867e+00
-1.081433067511930357e+00
-1.519207212844379207e+00
-2.767365658315854127e+00
-3.127510515132234215e+00
-2.691438701501180919e+00
-2.657399707149044943e+00
-4.430692650707873881e+00
-4.956669331491109887e+00
-1.840526839033001183e+00
-3.594254930586356700e+00
-2.383082655028577079e+00
-4.313082368379789422e+00
-2.819537819573123993e+00
-2.202453628268945973e+00
2.817429770876951345e+00
-1.071725079202274777e+00
-2.975256379983723942e+00
-6.902151552434530046e+00
-3.318042951128214568e+00
-3.246967462934073900e+00
-1.116665332764777308e+00
-4.006588641392085925e+00
-4.447233905809262922e+00
-3.444343372968547978e+00
-4.063829589315755442e+00
-4.379767561458350222e+00
-3.460601151017567823e+00
-4.125707451550487015e+00
-4.906591569028381450e+00
-3.079882551731474294e+00
-3.377648287704393404e+00
-2.850374420352361327e+00
-2.308043191645728243e+00
-2.708936697131838933e+00
-2.820349282759005760e+00
-2.025208079267561079e+00
-2.879937160913890182e+00
-2.532319372065594099e+00
-2.892950840478438312e+00
-2.077966469247269465e+00
-1.746606765639445058e+00
-2.546572401539255459e+00
-3.973506276230271417e-01
-7.891571892735211868e-01
-5.343591466154339331e-01
-6.972693230458280045e-01
-1.459723010826263545e+00
-1.083704010085975167e+00
-1.490579336089426388e+00
-8.246098822568159736e-01
-2.892790837054699457e-02
2.026111994260793914e+00
3.789198597098247800e-01
-3.075833388534249951e-03
7.531085974482376599e-01
-1.416545933531706269e-01
-1.354281283454741747e+00
-3.890271413662534261e+00
4.399645744383343104e-01
-2.870618220380290353e+00
2.736898996259866657e+00
2.156589627512850882e+00
4.457193017168412652e+00
4.426355330728644510e+00
3.908474417642215037e+00
4.087527478554697780e+00
3.881518907381922734e+00
3.898203899100031400e+00
3.835307655153281647e+00
4.533327599306734790e+00
4.769984983809548496e+00
4.344643837843754852e+00
2.859311805309677101e+00
4.478543189743225739e+00
4.657899437523214559e+00
3.154474829899969190e+00
3.867291058780267132e+00
4.807757039760116591e+00
6.015084188840944535e+00
5.803170400424779274e+00
4.510253659149364935e+00
2.886127121376666604e+00
5.499304348509302720e+00
5.275056697283512008e+00
5.597765990817822335e+00
5.851003647992185641e+00
5.878049785977501607e+00
5.990031650655343043e+00
6.211966157497962548e+00
5.841160096836555127e+00
6.084877772226443327e+00
5.767753879505981729e+00
5.907598131467521441e+00
6.019439792982047344e+00
5.797956562935696390e+00
4.116705560809382547e+00
1.946497531945057036e+00
-5.047904840038977881e+00
-7.505623722905592210e+00
-9.486099573907509352e+00
-9.516893399082455574e+00
-8.786858597839658502e-01
1.976666503516129936e+00
-1.364824539515801849e+00
-3.603598737225959248e-01
-4.154093876998451229e+00
-1.577435420093296292e+00
1.975419031317279528e-01
5.340588285876459729e+00
-2.316222525486426598e+00
5.497377311012957790e+00
5.808915657307307967e+00
6.717635961592276495e+00
6.654454232453836937e+00
5.762988832935911354e+00
5.938116717625291585e+00
4.942034803700019907e+00
5.847690528805349786e+00
6.234348354778314949e+00
6.148099902967997465e+00
5.506388602355024808e+00
5.360532478134983236e+00
5.944734625853258514e+00
3.045047408539781841e+00
-9.475466707243347386e-01
3.343035914218863702e+00
2.394119114402834647e+00
-1.352608409641893328e+00
3.927097236668219971e+00
3.656590858584610082e+00
6.403384769850832825e+00
2.535776094609104803e+00
5.595930364778142874e+00
5.564618887981561457e+00
1.377521718227909364e+00
7.477896115356024165e-01
-9.799466173586267592e-01
6.221161317757020193e-01
9.231147978577336488e-01
-1.525164601876608517e+00
8.447116867373609672e-01
-6.682639762122715155e-01
-3.933936253442082531e+00
1.672150694141852911e+00
5.748821364291586633e+00
4.481090884345464431e+00
3.920378971969254778e+00
2.900471932449693924e+00
4.663191656094016757e+00
2.791906004295337418e+00
9.780898251133779420e-01
2.350310114532154326e+00
-1.951462051925837660e+00
-2.976229081543330324e+00
-1.701245663768978789e-01
-4.104167913306563165e+00
9.183400701121044452e-02
3.569675475528799602e+00
4.375079324412062043e+00
4.052988894192182556e+00
5.836438348280896804e+00
5.681416251706363774e+00
4.797007927045720876e+00
5.912145043135188516e+00
5.796422325838966216e+00
4.278160908389191164e+00
5.070561049256857800e+00
4.101906254786564787e+00
5.262671851644592280e+00
4.085703635519971400e+00
3.451156027096087264e+00
8.000077892573975724e-01
2.934751557226018992e+00
2.572185583249656737e+00
4.564409348936362854e+00
2.183130905302574476e+00
1.801215945560489473e+00
3.087130761627801423e+00
3.759809442611526276e+00
3.413751736630175504e+00
1.949022233745297816e+00
2.151905851532193714e-01
3.087110661020680435e+00
5.246831345628765186e-01
8.649124172329341054e-01
1.490538886574912070e+00
2.305707574114346237e+00
1.082230089251218441e+00
1.807286187964606050e+00
9.142730515721754214e-01
3.712552860864952731e+00
4.169965246550820126e+00
3.624689046214975008e+00
4.330420115877579690e+00
3.820643287058342441e+00
2.502803147731391675e+00
3.458297486257650988e+00
3.446897826106708251e+00
3.408987762088242501e+00
3.828257245043514168e+00
4.196535512387484346e+00
2.917939173597965397e+00
2.835990448800034258e+00
2.510659903211385213e+00
4.391106057456553025e+00
4.813990173340942924e+00
1.763431291591870398e+00
3.605705095341252164e+00
3.131002611138720582e+00
2.032399440121340994e+00
3.925290907242855454e+00
4.555041673381668765e+00
4.027300168208301834e+00
-8.706230646648582816e-02
-3.370037609679040536e+00
1.081385216286537387e+00
1.494419011004300968e+00
4.219298699073560144e+00
1.711547358641772210e+00
-3.866938108560593168e+00
-1.125835542010014123e-01
-5.414277337100227294e-01
2.706989056603555266e+00
4.116914879229178759e+00
4.511817957439911986e+00
2.225062991701488357e+00
6.333382226703800022e+00
5.605486292831153960e+00
2.282808494038936153e+00
8.293252336179844919e-01
-7.065240646028753124e-01
2.584092931175064223e+00
3.468765167510281522e+00
4.745808408376834819e+00
4.000709530008312420e+00
2.320310010516567267e+00
-5.150638815168009366e-01
3.906201035734675919e+00
4.849647522615534001e+00
4.832138772672078808e+00
4.230072725351606167e+00
3.438143147769738395e+00
3.018493102685520846e+00
2.245076819091853082e+00
3.026681426049105283e+00
1.128950117629100580e+00
1.519824383983942928e+00
2.946496624696620437e+00
1.660881503791511227e+00
4.364680173385261597e+00
3.361537279570947501e+00
3.295946106588891755e+00
3.898685287321232984e+00
4.261800180183747067e+00
1.400285997697304108e+00
3.524633659005662167e+00
2.195091935276442641e+00
2.492360047561848369e+00
3.966893164008701511e+00
3.655373458929172870e+00
3.764329069992945698e+00
4.430488898150873212e+00
5.112938784292921035e+00
4.622278245372452687e+00
2.785274216400477787e+00
3.199518359042178517e+00
9.527600632574837469e-01
3.695394885483601399e+00
4.247587840702879092e+00
-2.272571767249504493e+00
-1.266136328035383007e+00
-1.038925596146715424e+00
-7.694962476681863617e-01
1.828083409400007353e+00
4.513674848775865556e+00
1.492981508999525753e+00
1.395340795044475515e-02
3.748447268553302125e-01
2.430890383748765871e+00
-2.800319604948569463e+00
-2.473434742137503140e+00
3.216651325037631071e-01
-2.311537779552336858e+00
-1.444136324276054095e+00
1.070933778056101904e+00
1.327078982756959125e+00
-1.248547280680311511e+00
-4.653104253156437942e+00
-6.122242231051632011e+00
-4.814581281943049795e+00
-4.426815628329304531e+00
-7.118920805312588307e+00
3.546397366739419965e-01
-6.798820364660346227e-01
-7.220022520142606481e+00
-1.170182011429590885e+00
-1.251025335227990354e+01
-5.269617790541641256e+00
-7.674243210938052062e-01
1.700810124710215865e+00
1.472335477632072287e+00
5.294840819340154159e-01
8.260519123936166386e-01
1.229576369017304938e+00
1.134859464728403600e+00
1.436212740647519137e+00
-3.723087988538975601e+00
-5.195193083906778142e+00
5.220694783479407075e-01
-3.616768067215722748e+00
7.181365201506735296e-01
-3.363664500953194469e+00
-2.870399209839262333e+00
2.024572209272921253e+00
-2.196946359118529646e+00
4.017640249137048869e+00
9.743970480368867593e-01
-4.645773036150277591e+00
1.702283023645924098e-01
4.630078296880010491e+00
3.077474617592439898e+00
1.832774677502117644e+00
1.301840180703816685e+00
-3.030902507697292414e+00
1.315166190905624893e-02
4.011029345003787050e+00
4.846132849946380716e+00
5.483591616431978011e+00
3.936200148496403983e+00
4.395505947868977970e+00
3.087215701540211743e+00
4.249884296345761925e+00
1.245306882714180885e+00
-2.104826018256163334e+00
-2.809070258224185324e+00
5.270469732293582288e-01
3.787733809921587813e+00
3.705981982188810253e+00
2.725321022687135386e+00
4.010766750895260913e+00
4.080806927504994519e+00
2.945161162648328723e+00
-4.475706943013857853e+00
-4.104936475756551850e+00
-2.532692169234115331e-01
-7.043219015131038319e+00
-6.957378718186060240e+00
-7.022168826939703123e+00
-1.631550571347115675e+00
-6.803940543537954966e+00
-8.876302132043806026e+00
7.334109356578919492e-01
-2.061438201613167376e+00
-2.422948876295341503e+00
-3.817216690204534579e+00
-1.064367498106356180e+01
-4.353493343983124930e+00
-6.662849950642980801e+00
-3.086021729728813945e+00
-7.766397129251040310e-01
-3.791566911679322693e+00
3.033876035240555824e-01
-5.390701269877253843e-01
-5.353416132764539093e+00
-1.377177691409791294e+00
2.192748461484725020e+00
-2.468828639228925592e+00
-7.759322704295835926e+00
-3.777203964136009340e+00
-5.853409654773507498e+00
9.783494269343124827e-01
-4.759823749840414564e+00
-4.725417943705068069e+00
-4.119744517808141993e+00
-3.830986787771542001e+00
-6.037630190870140190e+00
-3.500656343822370786e+00
6.431034274687775776e-01
5.534611770543551579e+00
5.127725119817714727e+00
3.863835592729670587e+00
5.443516347971724123e+00
5.183107705922310515e+00
1.876364978317307308e+00
3.942590595638918671e+00
4.780749433654047920e+00
4.570099270735554775e+00
5.300928144771588357e+00
5.650272230937048334e+00
5.694111920885214673e+00
5.502378025734342870e+00
4.130946929736446727e+00
3.189261672064681363e+00
2.514108464012175137e+00
4.845483336248925355e+00
6.395221201643332520e+00
5.637844126108898735e+00
6.213181323575049042e+00
3.576671103346406699e+00
2.855503083243136508e+00
2.167948250513330954e+00
1.726741913558966557e+00
2.670822047603568450e+00
3.925380429503108282e+00
3.443533838355879340e+00
4.145606586094181978e+00
3.711259480203568106e+00
3.887851162099154045e+00
4.663797453431897111e+00
3.495778027539989008e+00
4.913733029415531028e+00
3.565305471752646671e+00
3.666516162750940389e+00
4.945959192532601634e+00
4.290142218493167903e+00
4.734481811281858299e+00
3.945102394771781817e+00
4.171975362542714727e+00
3.620341709454991452e+00
-9.506951361442577131e-01
2.737567546771643823e+00
-1.082505330997456161e+00
-7.333663034852443419e-01
-2.430937633802471964e+00
-3.530134491401562546e-01
-4.149143435379537559e-01
1.281255945577208788e+00
-9.551954938189877176e-01
1.564920603646423602e+00
2.138113435033422327e+00
8.714954741661991022e-01
3.700279692824608002e+00
2.003261368713538992e+00
2.273765335469748017e+00
1.390635027477987951e+00
1.358868447682757719e+00
1.882851392268456436e+00
2.182882082161153203e+00
2.575399776182151435e+00
1.192635095185726080e+00
6.324283342476233472e-01
2.667754089284893215e+00
1.632109065823952321e+00
2.432511153134586102e-01
4.894570475628137185e-01
1.308502014758277376e-01
1.242410238020732693e+00
1.476224945879401895e-01
-1.442609086467876001e+00
-4.520506908011004299e+00
-1.560988842588442393e+00
-3.491211164521658361e+00
-4.216306672940862477e+00
3.168284109747792066e-01
-8.451567517991066536e-01
-8.725527064773450636e-01
-6.999085743281063809e-01
5.443368971526244549e-01
1.357699663571005355e-01
5.243393271214787932e-01
3.456654908228335571e-02
-2.933170064224572382e+00
-4.048265951839336907e+00
-2.665893486788796896e+00
-1.319515822126319460e+00
-1.705842993200086033e+00
-3.282531582631886824e+00
2.269345165370895145e-01
1.009224559726961346e+00
-6.891929075285980755e-01
-9.936500284671661021e-01
-1.179179882797518841e+00
-6.575805486762416052e-01
4.325065613023728162e+00
2.790068661458593002e+00
1.240973936877692640e+00
3.693720102319710819e+00
3.775307529728721079e+00
4.251064780413337796e-01
1.163372553999126646e+00
1.854443907900478639e+00
2.266358678416388606e-01
-7.791448078406280064e-01
8.061572669664938129e-01
4.855883420602501999e-01
1.311572410927964505e+00
-9.427086247051839896e-02
1.351221681770429006e+00
9.081371463184761961e-01
9.534606889641967786e-01
1.436727061605612477e+00
1.169940535628130274e+00
1.929709241501222916e+00
1.695740101771013197e+00
9.179239370137197707e-01
1.718097670732523952e+00
2.676005250170605088e+00
2.735446475200604244e+00
1.700993820326698103e+00
1.611931298926570388e+00
1.945954725785671524e+00
2.012576581359182271e+00
2.988314339093103289e+00
2.775979129846382509e+00
1.478566371770100307e+00
-2.625985146546456317e+00
8.229038932503639492e-01
-3.243289167722504196e+00
9.549857896856954742e-01
-2.848972097538286619e+00
2.350953931362941063e+00
-1.130096270408256443e+00
-6.125614323750236956e+00
-1.719404698880286630e-01
-3.819450269024046385e+00
-7.204122044183446150e+00
-3.894014627557350394e+00
-4.622273116674943338e+00
-5.009696185385926981e+00
-1.554642858812524508e+00
3.640337179413740465e+00
4.318723874313960209e+00
3.024247546635619344e+00
2.771173307062426261e+00
3.042889997993650120e+00
2.688873519491915332e+00
4.155787543616792590e+00
3.569362799561335287e-01
-2.145310835405525030e+00
-1.181842324856454240e+01
-2.904523836701628170e+00
3.503382713180945629e+00
3.394676497024886608e+00
5.077300233254304906e+00
2.978413277780095569e+00
4.128939270780985993e+00
2.842643971589753793e+00
3.909748917254077583e+00
2.682655744019228017e+00
2.874468948029016868e+00
1.731409085176587537e+00
3.039847400813427747e+00
-3.388065185443717375e+00
-3.661687184413533469e+00
7.790690441941965361e-01
-2.064180867102534567e+00
1.307650054555305141e+00
1.550040245259529659e+00
2.220087815898009076e+00
3.675621094644572207e+00
1.588637739386068448e+00
3.061481656025280884e+00
8.990937183571132141e-02
-8.206611587781675876e-01
-1.806920288063344149e+00
6.096590513997575123e-01
3.149755669676205905e+00
3.775631326519344189e+00
3.593167666079106315e+00
1.597513803631740226e+00
-4.555619808691135919e-01
-2.977893555167316908e-01
3.792910791410705862e+00
5.476547825918177459e+00
6.705324078916436115e+00
6.464660851144801157e+00
6.071762118524102192e+00
5.524102688102158432e+00
5.543895597626454119e+00
7.040536933465848080e+00
7.113541625013450442e+00
6.283819230637761599e+00
6.685596807810057385e+00
5.872512255198046205e+00
3.614616081908898604e+00
1.769904366603023194e+00
-1.634533096549831838e-02
5.459365931617595535e+00
6.348440760561948615e+00
5.279136396848426394e+00
6.054005611721208879e+00
5.531208437257356891e+00
4.364676073490459274e+00
3.362949911450664686e+00
3.780843867134388692e+00
4.324528139335550136e+00
6.048901863439742677e+00
6.334264940275188494e+00
3.654454952513129129e+00
1.197144050321627740e+00
1.625573393788906307e+00
-2.592516177562499413e-01
-1.002652428348325131e+00
-6.061279072524135003e+00
-5.883062075996843276e+00
-3.085272943222209796e-01
-2.798830063873781082e+00
2.057684069125064852e+00
1.226955681958252997e+00
2.209758824785968301e+00
-7.548054015598315569e-02
-1.654160457412888086e+00
-8.248412647948148546e+00
-7.293986662417943911e+00
-8.978013366528518446e+00
-5.242933109172899009e+00
-6.513675098019019671e+00
-3.651102669247155430e-02
-1.377306015445944665e+00
-4.486208252699218413e+00
-3.312966365800585677e+00
-7.349614826573350967e+00
-1.764351946879467503e+00
-1.013494754537407871e+01
6.620797591682425765e-01
9.543481170140316605e-01
-7.938909336164156727e+00
-8.308380269106860894e-01
3.512197914015968703e+00
-1.609844504843471524e+00
2.407554767682555497e+00
3.749107244829000152e+00
-9.243837131699731202e+00
-2.943341003480393514e+00
-7.349428895442056131e+00
-4.525588379309955833e+00
-9.414966181174019511e+00
-3.191866195506924964e+00
2.637330933911068154e-02
-3.375928848787976833e+00
-1.335005209581731078e+00
-1.872371640610027699e+00
6.510106218321710658e-01
-1.095168963982847465e+00
1.152491329385470387e+00
-1.739227981338809403e+00
-3.221181001455236004e+00
-3.600939375357602223e+00
-1.571384749715924789e+00
-4.360646245045507463e+00
-2.593114363331879169e+00
-2.816691847636206170e+00
-3.155386476053038791e+00
-6.060568707336807748e+00
-4.603078555179057396e+00
-3.138744476079859069e+00
-1.803867120722001172e+00
1.994498944052711442e+00
3.973883832482590250e+00
3.641749769546598348e+00
4.835018898056464565e+00
1.932997604030288530e+00
5.363116159128987093e+00
3.270702774157406623e+00
4.940167414000422141e+00
4.932574484176282859e+00
4.388892780211837596e+00
4.921799600539639385e+00
4.762994959784469629e+00
3.582654278885268440e+00
2.696242114080063423e+00
-8.856184497469277161e-01
-3.576552986786388111e+00
-2.297488606386445475e+00
1.324082112615903861e-01
1.913802613631214955e+00
8.398026368211669590e-01
1.015203639385549694e+00
1.852274124812438139e+00
2.773201927293929892e+00
1.079869901902905882e+00
-2.458165789662650091e+00
8.045185855661869390e-01
-4.825035469067047167e+00
-7.284790746705506415e+00
-1.291471271049437153e+00
-4.544343289317396284e+00
-4.388040364756814249e+00
-2.096879777058751060e+00
-8.247464866421928775e+00
-4.460538643143228121e+00
-1.337423598063586239e+00
-8.464062298874708290e-02
2.716070583143348038e+00
2.468501244759865543e+00
3.411795788713423594e+00
3.418298025857324784e+00
4.602961675214852555e+00
4.732909146441008019e+00
8.073973333284577281e-02
2.074881879813951446e+00
5.271445290783052240e-01
8.462731756687178475e-01
7.433410733547325400e-01
9.453865699497611130e-01
5.299669525885914112e+00
8.194019133204882621e+00
7.961283385567109683e+00
7.090680825775058871e+00
7.538714610117191128e+00
8.040634996571164095e+00
6.742706497043027269e+00
8.313133021921771615e+00
6.412636260058858007e+00
4.720558813220124605e+00
5.436233026245202105e+00
6.830602158413766389e+00
5.411386894874860687e+00
6.156938300415282228e+00
5.291050167762305634e+00
6.466747605428339263e+00
8.695788464192439449e+00
4.465756161696301518e+00
2.314154439474669811e+00
7.281368137285277875e+00
4.181081943493181186e+00
6.983300107068208362e+00
2.454571188680137350e+00
5.455537909219795090e+00
3.510752678286019446e+00
7.317506177572958848e+00
5.813062192245027404e+00
4.901110008971764742e+00
6.383351872020242013e+00
5.091586142024009831e+00
7.399318229268232017e+00
6.995223763477518730e+00
5.238459766273695806e+00
6.979571902558982188e+00
7.463226462592110977e+00
8.217057935798875334e+00
8.150176963932478813e+00
6.452698489717333175e+00
8.341796858292111594e+00
6.838403351699415822e+00
8.534592745056635010e+00
6.627684732408988033e+00
7.861749586027122483e+00
7.750868100152703555e+00
5.086575366934241949e+00
7.113973733428354151e+00
7.107073485713963912e+00
7.399461685002226119e+00
6.707487459210476288e+00
8.282319376240547371e+00
6.534459215040090641e+00
5.869866328414538259e+00
5.382117269657928915e+00
5.037166412925143888e+00
6.552706722006420570e+00
7.395327068200343135e+00
7.878912624549089472e+00
6.783865558172542443e+00
5.746328485805731745e+00
3.818305951082860972e+00
6.017430224586133747e+00
4.576450553365284613e+00
2.478609051417799858e+00
2.195040687100546339e+00
-5.488828700270196315e+00
-7.826099005754139526e+00
-5.048746562830636719e+00
-9.097050623068074771e+00
-5.133855364253482989e+00
-1.618897414768908360e+00
2.919593342723918905e+00
1.218566376516627248e+00
1.625689189486168917e+00
-6.061553465864082391e+00
-5.234041590909821906e+00
-7.857764332500881466e+00
-3.470326199727886696e+00
-2.844192239828447377e+00
-5.592538091587857529e+00
-3.661141224841549136e+00
-5.339735718142081033e+00
8.971157155474649425e-01
3.163073244684259766e+00
2.296699955635193469e+00
1.835199864731652308e+00
1.388648519321501684e+00
1.462503551586715522e+00
1.023928129288291355e+00
4.935864587610122589e-01
1.600102938389557972e+00
6.471305368580627659e-01
1.806146504872674807e+00
3.732972245994053306e+00
2.436093338373320094e+00
2.994364141773803834e+00
3.814797176169198334e+00
5.086184418099835014e+00
3.907609555194563988e+00
4.302750233139289726e+00
1.699243961902150657e+00
9.012094235106169471e-01
2.507925490535451551e+00
4.161790596804745945e+00
4.514605439430479983e+00
3.884277499461925576e+00
4.603033284527445979e+00
1.300607313826743994e+00
3.878738758982831047e+00
4.443162777823122411e+00
3.524157402656297844e+00
3.751455816427089474e+00
5.051034408312272461e+00
3.924700389656450294e+00
5.288815833121027765e+00
3.646255148789527833e+00
2.090615020662407009e+00
5.537725810637884827e+00
3.955657608510363410e+00
1.804798361059934297e+00
1.941597453084724423e+00
2.730401230778727317e+00
2.226727787089325172e+00
3.005001899298887391e+00
2.768360112523521988e+00
3.612345826094561119e+00
3.656319717582631856e+00
3.922943467750865665e+00
3.516988632801609782e+00
4.151992709392862579e+00
2.202849074243451888e+00
2.546119270130287937e+00
4.963810456153586514e+00
6.648938106981374219e+00
5.994453676232838646e+00
6.847304495026359739e+00
5.611953390334787350e+00
6.822859333262885073e+00
4.791289625721138812e+00
3.455229090610184572e-01
2.690416172411074780e-01
2.469833552069455873e+00
4.786363939726609118e+00
5.025422675900649061e+00
5.493166362891934718e+00
3.740355333068376975e+00
2.579733255547795423e+00
3.268738609761949743e+00
5.253142974131361775e+00
6.013142887508335477e+00
7.074562941171484098e+00
7.324073768619376423e+00
5.079798482204198606e+00
4.684224191797323300e+00
2.054294445537097058e+00
6.113642368517313574e-01
2.551022231139588481e+00
-7.594371568135339645e-01
2.099517176810666852e-01
2.024138389544235306e+00
6.528864037892240013e+00
5.891002550424370376e+00
7.846182057259445841e+00
8.242622447850093792e+00
7.801011008929236823e+00
7.416155989317678277e+00
8.135548326602661362e+00
7.887706332091848793e+00
6.650185429454853470e+00
5.296310843617252573e+00
5.946212121204683676e+00
2.311941883301511957e+00
4.216284239232348519e+00
6.934714792186417398e+00
9.806396649312415503e-01
6.254652671292300070e-01
1.602696403353876420e+00
-3.380035439126843899e-01
5.706005797050281103e+00
-1.347453079196999415e+00
3.391455550508049033e+00
2.212974183104165604e+00
-3.356093644301527679e+00
-1.202584493284783118e+00
2.671792068777317120e+00
-3.705509388048782604e+00
-2.268641699990780136e+00
6.057950659120183712e-01
6.968605122842724597e+00
6.530472189238701652e+00
4.778112326454600378e+00
3.838872411533766904e+00
3.249327528487715888e+00
-4.229872062998119908e+00
1.856541159572291377e+00
5.390712211242593810e+00
6.110105994819138076e+00
4.900436292652974757e+00
3.714576212451436987e+00
2.683787583892040640e+00
5.439906350231815679e+00
-2.085263000256494692e+00
-6.015367595630493724e+00
-6.404568138136919053e+00
-4.982623204078445944e+00
-1.667924051208536040e+00
-3.910326198188584512e-01
-5.789228197192455738e+00
-5.287616354870026569e+00
1.821695143896155056e+00
1.856282916986038867e+00
-6.174909034402277008e+00
4.664544776920751534e-01
4.336205137902613416e+00
2.660715194265861339e+00
2.811973697735304256e+00
2.747348998198335224e+00
2.771663177763096009e+00
3.307411576729595737e+00
3.425506185718387275e+00
1.176026654733454357e+00
2.406956125387392120e+00
3.852260922669467069e-01
-1.565309534088248578e+00
-3.589204236132212955e+00
6.474918447617558637e-02
-1.945063203569332710e+00
-2.352943440109432682e+00
2.966856913855408173e+00
3.796332249120399904e+00
5.451315224290138595e+00
4.700193362184989176e+00
3.908285751106856942e+00
1.791020610071794916e+00
2.677340955686662749e+00
-8.469497500967865244e-01
7.763951904477135457e-01
6.995524641823866574e+00
8.080415118081212711e+00
6.366324326385049304e+00
5.856131089110556687e+00
2.119076894778499032e+00
2.978780445839122493e+00
3.730039853465834554e+00
5.130367753029544176e+00
7.355763249510292923e+00
6.430534260354036746e+00
7.705790747822832465e+00
7.007444592139162154e+00
7.890924851787277206e+00
4.464600523598588389e+00
6.458391825001364772e+00
4.939607856657909579e+00
3.801667002992666688e+00
4.149125828721399678e+00
4.802065861737666808e+00
1.441999798438955871e+00
1.114066666575555420e+00
-6.033331426238516260e-01
1.282652382023519340e-02
2.204457568156694247e+00
1.377999919342765445e+00
-4.638056677446614762e-01
1.961418418237359296e+00
-1.081023539408893397e+00
6.416408224540299798e-01
-1.609063920566673467e+00
-2.579950118821642935e+00
6.912877175530741658e-01
-1.785386462925979467e+00
-1.137381290606176876e+00
-8.544554023764230344e-01
-1.110613963655037173e+00
-6.451009051377754044e-01
-6.974593564938174062e-01
-1.725885359917976647e+00
-3.335789889930057539e-01
2.338073148575818383e+00
-1.463734097628053510e+00
5.044759251010937362e-01
-2.111909950568501060e+00
-1.330766474054519310e+00
1.358483373511399916e+00
1.615994147009416571e+00
-6.023169161474986044e-01
-1.470025749488810041e+00
2.937253259477690809e-02
7.059118353846980387e-01
4.478593889314430143e+00
3.468147185714329339e+00
4.607064295220953731e+00
5.022358156928553363e+00
4.733267449011916206e+00
5.741619866299847441e-01
1.437249469216964615e+00
-2.248829146308840343e+00
-1.261086110479204825e+00
-1.481671844255245674e+00
-2.111187127053573587e+00
-2.460247990715234589e+00
-3.990817936435799851e+00
-5.476382064641640568e+00
-5.614065340322512476e+00
-6.030184806471773129e+00
-1.931316846096170270e+00
-2.885941256731008764e+00
-1.026207562088440328e+00
-1.578336831065156654e+00
-5.163633108236953539e-01
-3.742870850953659456e+00
-3.319887357306166020e+00
-5.073210218366922541e-01
-5.877053982039359692e-01
-1.702366469353450151e+00
-1.078234658624530162e+00
-2.671022913210159722e+00
-2.399704551734307967e-01
-7.749742860857173898e-01
-6.123510505432281370e-01
-1.408712032746980647e+00
-6.104963720312497344e+00
-1.478859570468571860e+00
-2.390684070514901283e+00
-4.017409719394234635e+00
-3.644432291135330182e+00
-3.232474415770500986e+00
-1.849121264451192292e+00
-3.095589656089470676e+00
-1.996454878330333305e+00
-3.130778844878179257e+00
-2.650509728328905190e+00
-2.451177623803332928e+00
-3.706633060749421560e+00
-4.511015952980221400e+00
-4.139617425426235009e+00
-4.309293741288660939e+00
-3.303028400011535304e+00
-5.790402174833760185e+00
-3.124185143985791502e+00
4.576305857657448350e-01
-8.960560616517599941e-01
6.309841664112528226e-02
-1.388738058643863793e+00
-1.429729470681382120e+00
-2.447522504821156186e+00
-3.060504698516811395e+00
8.636293134456192178e-01
5.725002832510167394e+00
7.590494681266348742e+00
2.730682750915689017e+00
6.733319673955588947e+00
4.691017006653558141e+00
5.075385621005192860e+00
-2.283075827521009238e+00
1.397646424813850097e-01
-2.440930927653705673e+00
-1.695700939810400820e+00
-1.791039792037246059e+00
-1.888211764559668104e+00
-5.978717650940268413e+00
-3.521360357281988041e+00
-3.836579021235094977e+00
8.837339558256522842e-01
-4.704679962207257482e+00
-4.470371397974069794e+00
1.958712493623709694e+00
2.667743646608315533e+00
-5.476688695390768302e+00
-8.816999302057692001e-01
2.557013269816663104e-01
-2.967773077966293638e+00
-6.664551272979235108e+00
-2.274759011805119968e+00
5.844535458698928432e-01
-3.302781086445352177e+00
-1.513065733474353358e+00
-7.183606769610366427e-02
-4.987562868067192845e+00
-4.418904213319988727e+00
-6.592916071875525308e-01
2.533050150064621420e+00
-6.852425171807821513e+00
-5.792281848028295599e+00
-1.038487833076133571e+00
-7.970478808195506026e+00
-2.653699371697300080e+00
1.923400480888991293e+00
-6.795967754521269555e+00
-3.212264338874493141e-02
-2.902706089286182234e-01
2.186628784915160661e+00
3.194365397386305538e+00
-1.926360162462777970e-01
-1.834961669528439310e-01
-3.735839499646163908e+00
-1.210158572806599997e+00
4.513033948303730170e-01
-1.124665303103844050e+00
-2.655598425797927931e+00
1.900142366285807682e+00
5.989373888903458898e+00
2.439518205680660135e+00
-1.466103348736866874e+00
4.408733557866795216e-01
3.744090389528693219e+00
-1.755315458397160189e+00
-1.039547546895453589e+00
-4.844999513675382619e-01
-2.610723246944133713e+00
-2.985644694209097505e+00
1.554480090071624687e+00
-6.275579798610131377e-01
-1.089833896317671691e+00
6.002393648419378280e+00
3.690167725274417609e+00
-1.808949273673913227e+00
-3.352862964091978815e-01
2.634880547278395380e+00
-3.138350039625915855e+00
-1.561280265909748222e+00
1.601990303375809166e+00
5.306273820200968494e+00
2.530794397899082782e+00
7.607635844412653503e-01
-8.449653201339585307e-01
4.183679457628809439e-01
-4.165303506234847575e-01
5.736875481850876035e+00
6.767844483457042593e+00
6.130551739782830190e+00
1.935335148209975431e+00
3.958221934221825222e+00
1.483547476370654872e+00
2.627820105647524773e+00
5.011726164672940520e+00
4.218792506709997170e+00
6.306538597603724483e+00
4.795456268881806317e+00
6.446716632066799235e+00
4.876120161029474431e+00
1.608010089960397515e+00
3.342943773414912556e+00
2.417822494384628040e+00
3.342427177013858053e+00
3.739334125225504124e+00
3.451221634831997509e+00
4.149060236735730989e+00
3.683690984354537346e+00
4.113690083606961423e+00
4.361240545077666120e+00
3.445456627804976524e+00
4.503038148626469450e+00
3.492843038034992631e+00
4.638249236099425410e+00
4.749094292913500936e+00
3.624977346324881999e+00
4.222082820100507838e+00
3.506325791595856778e+00
3.222176124444561474e+00
5.434872120477670876e+00
5.421195077275593022e+00
3.095649425738422611e+00
4.057392235084193999e+00
3.828039323308433772e+00
3.487305496974943075e+00
4.685111767325227383e+00
5.222595877832164390e+00
5.183598139374836933e+00
5.624078131887824128e+00
4.491653526311355726e+00
5.720306968186468666e+00
4.325355175086197157e+00
5.407097698866873081e+00
4.523413658820559569e+00
4.922896057410589776e+00
2.931771964386197915e+00
4.035660972787229461e+00
2.311340095564178299e+00
-2.248726843418025201e+00
8.505824344429626649e-01
1.767870803959000980e+00
-1.982293771627795520e+00
-1.015835133820608638e+00
6.676644411787915345e-01
9.431066657696864086e-02
-2.499251379291239916e-01
-6.146849718518933026e-01
1.154650203959353361e+00
1.762900205253887354e+00
6.638374665821986653e-01
1.564974349198085868e+00
-6.718581232857601115e-02
9.419748410569792618e-01
1.452254311093110539e+00
2.631570964906525312e+00
2.453524915711077448e+00
2.917490476309376302e+00
1.638649135543681634e+00
2.684113891017360753e+00
2.747967663758608126e+00
2.177321485775746801e+00
2.047536728634304470e+00
3.782323391722599570e+00
3.476731247132620606e+00
4.566131928164068654e+00
4.064383798221842703e+00
3.632106790284563402e+00
3.456707098431116343e+00
4.349526412379978169e+00
5.291563727180207621e+00
4.181588160014676703e+00
4.545856925789618863e+00
4.702849263324513807e+00
5.006898494612347150e+00
4.752820366984435552e+00
4.496723043497713235e+00
2.676423625105645243e+00
3.816382967604476928e+00
1.856588002109048396e+00
3.545093959616067547e+00
3.648617670842492444e+00
4.174428054304780922e+00
5.988596171477191810e+00
6.102687952016914608e+00
5.155821858152425108e+00
5.284718264086889050e+00
6.155841219408364040e+00
5.763629430187855007e+00
4.719287863607361189e+00
5.555601181553127432e+00
5.561998693514903280e+00
4.760469679721415659e+00
5.376633192317394005e+00
4.725527437054516611e+00
4.748363232772502052e+00
4.911634638799990071e+00
4.461009792823208642e+00
4.669562188283653548e+00
3.630090186177323819e+00
4.459506256019636794e+00
4.727230697520237612e+00
4.617799712637242315e+00
4.333085195866682504e+00
4.283000015142200745e+00
4.444941978513772263e+00
4.298553750312067656e+00
4.296769816835205091e+00
3.001474273353006428e+00
1.811550606460325952e+00
1.722749548661118624e+00
2.324366879207944603e+00
2.426805563237981023e+00
1.769312708156480340e+00
1.568243009083498674e+00
1.714653263769370550e+00
2.375190661684137616e+00
1.086099011265219572e+00
-2.030170216644679115e+00
-1.963083189452689892e+00
-4.333454419112992895e+00
4.144158166701971346e+00
-1.120599127208568579e-02
7.873400406601192891e+00
4.955726819537462191e+00
1.994453877608803660e+00
-2.213790323210002242e+00
1.431050015741479386e+00
7.889562620755840250e+00
8.825888413677963840e+00
7.989851119156831771e+00
8.703899330778154919e+00
7.924724144815106897e+00
8.216599712719537152e+00
8.527626161659878079e+00
8.602367368307596962e+00
9.488514210151446804e+00
9.175116728697663149e+00
6.594875628832892467e+00
9.593688867304102530e+00
6.494219127174409856e+00
6.321939187380934300e+00
8.466672645423145127e+00
9.005658213645084231e+00
8.484120632577596410e+00
8.777463527453420511e+00
3.282685445429692095e+00
6.327635744313208299e+00
-9.686440971083407625e-01
4.491168132399162793e+00
6.352586064322886195e+00
4.291305457439615445e+00
-1.676744939647172028e-01
3.509592546514943123e+00
-1.540422776454122511e+00
-2.418006857711791913e+00
-2.571866312233769936e+00
2.075431179139633819e+00
-1.227407003322727785e+00
-9.691186522747294863e-01
2.549512533537894310e+00
-1.042999593533985969e+00
8.849333470129967516e-01
2.308623919429449778e+00
2.592308833046306660e+00
2.006500293322866391e+00
3.098743721959237973e+00
2.564841699672745001e+00
2.024860855513214819e+00
3.279110558240993623e+00
3.344729485363528099e+00
2.612124273550564979e+00
-4.649765858333065438e+00
1.503669877266158306e+00
3.885542480156245038e+00
3.174151544561557792e+00
1.281074525265417430e+00
1.954119537720581334e+00
1.626138667353898004e+00
3.739341093113192294e+00
2.685631405276253325e+00
3.781784218566693667e+00
4.691957144476528896e+00
2.439335071314018499e+00
9.065256865578081857e-01
1.017664557922498547e+00
5.129871623792904956e+00
5.139733473348499615e+00
3.189221580402254119e+00
2.048839997375762945e+00
3.631405437801920932e+00
4.161858806281166778e+00
4.653914677194245897e+00
4.652810638352104178e+00
4.147249012131124069e+00
4.480394978151246654e+00
4.755249970834384499e+00
3.509244992748399294e+00
4.983145319247912042e+00
4.982606173300658803e+00
3.856951601709633692e+00
4.392106170992203573e+00
5.140240461984757481e+00
4.355027489027282428e+00
5.275471848664185615e+00
4.492180542732167048e+00
5.025411972385435355e+00
5.032540469497025271e+00
4.644554766438558246e+00
4.211868897371413567e+00
4.632505047853978652e+00
4.573998938050065632e+00
3.715410367896531785e+00
4.870974010806009780e+00
5.007944111048820979e+00
4.121245259730205390e+00
5.348129299262169845e+00
4.300860047524459162e+00
4.212223587772342626e+00
5.836856491092966337e+00
3.712708373346933488e+00
2.404262952507121742e+00
4.487909893492995295e+00
2.898397100439820129e+00
5.177299998723270846e+00
4.533149571641755138e+00
3.196357400063756238e+00
2.640970568559755094e+00
2.296389753563446323e+00
3.546721475681737790e+00
9.998021723539278760e-01
2.966151963829823046e+00
1.197869511277203536e+00
-8.944945100472347477e+00
-1.046772856642423033e+00
-7.765627863894595251e+00
4.383102341377197175e-02
-6.414988970630441933e-01
2.221852467408026721e-01
-5.565136766175449168e+00
-6.094848053711904967e+00
-1.541788557159431416e+00
4.335850226520686412e+00
-1.548142166694813859e+00
3.316703588835701044e+00
-4.868768262065120700e-01
-2.611443012512375983e+00
-9.672480117994997073e-01
1.289301433217711512e+00
-6.091073831085138224e+00
-2.783108469246458050e+00
-4.837434435380122411e-01
-3.515694806032493958e+00
-3.896250832641470652e+00
2.934219511247820211e+00
-2.982459720536708936e+00
-4.223018933116097884e+00
-1.523501731825562366e+00
-3.179728394159156757e+00
-3.703859177894570198e+00
-8.837749469133366897e-01
7.831740446749229090e-01
3.242701758851912253e+00
-8.556637779412289424e-01
-3.610402447574712070e+00
-2.860835857138664728e+00
7.058588389619367964e-01
2.028088602056298928e+00
2.927431457602664544e+00
1.972354266018367719e+00
2.804292134607726972e+00
5.729859040201021880e-01
2.197484379443050972e+00
1.952580025290892030e+00
-1.339429806791141209e+00
-4.375188473816123969e-01
2.828665862095732564e+00
2.639070906709804376e+00
3.586475090100375240e+00
6.032803244690230215e+00
5.221857296864531151e+00
4.013517972210501661e+00
3.694519962747318864e+00
2.347943868989218252e+00
9.748281499506016301e-01
2.649369141622008428e+00
9.381791331142887991e-01
-4.814339418344112387e-01
9.271929180151765593e-01
3.291801764395660967e+00
7.256334760624334468e-01
3.320556636907683767e+00
1.860648761981697152e+00
5.845373389699239919e-01
2.920729681170486813e+00
5.963764490644843264e+00
9.702093534649110396e+00
9.490591000835888025e+00
8.665198127100628867e+00
1.025711776798996233e+01
7.113771292431307458e+00
6.723379087534576470e+00
-2.423311113799380578e+00
-3.588517748044229627e+00
-6.681444793893778211e-01
-2.601414866335316933e+00
-1.410371949608954623e+00
3.537607341607850175e-01
4.859738477666541101e+00
6.180380048194026088e+00
5.567410847643912142e+00
5.085218661136549301e+00
4.552369909585559427e+00
6.432914082567476877e-01
6.935216358003635229e-01
1.775628233385793120e+00
5.322930865731644090e+00
7.175529584516951331e+00
6.783068373320122468e+00
3.085006494116273590e+00
2.446361880660989918e+00
4.351068868281306123e+00
7.966793801646679718e+00
8.202465991142258162e+00
8.449468628538355119e+00
8.329415201584337680e+00
8.540840578614565359e+00
8.866692563110110115e+00
8.244928848603302995e+00
9.139683995741629374e+00
7.650586056521813560e+00
8.541333762252115491e+00
7.483188397939408709e+00
7.901414517863606157e+00
8.140513755393868678e+00
6.011149376884322493e+00
6.689625983021326938e+00
8.616581914251380425e+00
7.699873658574477808e+00
7.383799120466364663e+00
8.121104828780172369e+00
6.941312453252020731e+00
8.770778004842203046e+00
7.910810608264854160e+00
8.417080527873837426e+00
7.631870374551457559e+00
5.775349262438773223e+00
7.784532433626627501e+00
7.541576010202463820e+00
7.917512719072884231e+00
6.220697448090937165e+00
6.992746094086649933e+00
7.068749517424388173e+00
6.624180125171096556e+00
6.320848751309081415e+00
4.006051269785062985e+00
4.500357185212191524e+00
6.057674566696631402e+00
2.963603171330108754e+00
2.236388568885403050e+00
2.469109274285277600e+00
7.175472399070009999e+00
2.096359306646403908e+00
1.509472461789179709e+00
1.031584161598944283e+00
3.305393396991175514e+00
1.719502948931998176e+00
1.761628376797312656e+00
4.679882681669558231e+00
5.693428204623158351e+00
4.563392789356697676e+00
3.100085192489553165e+00
1.230967104728049710e+00
-5.345679119352275688e-01
1.739409185571346494e+00
9.228392791260714434e-01
5.844630145395603993e-01
2.235839897150648445e-02
-2.593345047304430606e-01
-1.731316827847345419e+00
3.483205586682753818e+00
-1.994468819439926266e+00
2.163098115277005129e-01
7.410249635389416500e-01
2.758985744373254612e+00
1.466448262401904623e+00
2.235763994831630352e+00
-1.452306594230400982e+00
-3.644599833621274598e+00
2.577506163644729842e+00
4.691770606899382301e+00
5.217717670843792455e+00
3.341839341657327100e+00
5.159249257699518587e+00
4.395794087033565667e+00
4.986492355302790891e+00
3.993381988836730123e+00
4.601562559879093683e+00
5.507279108631727205e+00
3.684965938654314765e+00
2.095409866331979121e+00
4.353659581791178290e+00
2.510985968120245548e+00
3.934531565918270690e+00
4.307775045328047447e+00
5.535785097797005783e+00
3.908269034941356246e+00
1.948034192881704207e+00
2.726560169045578075e+00
1.616804463307848438e+00
3.288621860126706320e+00
5.097032038277966137e+00
4.298304011055154028e+00
3.856819859317620391e+00
2.813779526133252773e+00
3.816124689059119834e+00
3.560217431857650272e+00
3.333809270305994055e+00
3.278352614982451563e+00
2.866378790359942919e+00
3.109366176354915190e+00
2.661789375786930201e+00
2.261660813416550120e+00
3.000508993441122207e+00
3.851885578267534971e+00
2.892067598457000344e+00
2.998509212197259632e+00
3.328912455130053516e+00
1.022344674463120828e+00
4.090909208620420401e+00
1.451756691740213601e+00
2.696472741440886889e+00
3.360331068383260344e+00
1.828929444610610799e+00
1.703747097498580221e+00
3.947648458023143014e+00
1.581236385639436914e+00
2.339683357401526553e+00
1.841568958833913694e+00
1.061685447182464825e+00
-1.339464538320549236e+00
-1.022589223508526768e+00
4.636419048680568422e-01
-1.084627282991103281e-01
7.686154318036002575e-01
5.378745159623972150e-01
1.045067344401947873e-01
-1.484216135859321162e-01
-1.336846689887273065e+00
2.753736439590274282e-02
-2.653492328634140307e+00
-8.421059934733068353e-01
-1.531728131028994522e+00
-1.008543493977237748e+00
-1.779205536207854266e+00
-1.380609735727548859e+00
-3.920315520438233836e+00
-1.416623768262409211e+00
-3.643985809542061305e-01
-3.421631390987638910e-01
2.947112249643692561e+00
4.704597022922701655e+00
4.567222525657530952e+00
4.982286960827889466e+00
5.606199151900027822e+00
3.961626950573599260e+00
3.942115284463962865e+00
3.621865099423868362e+00
1.330342040670125403e+00
2.607229070056458653e+00
4.665877707487759096e+00
5.405812377466244101e+00
4.478030815855767344e+00
5.658331181008337651e+00
4.599255991039701286e+00
4.684285975376014655e+00
4.821279090780205223e+00
5.215966484912401668e+00
4.078587955705784474e+00
5.198010158185752516e+00
3.227907549694457146e+00
5.386652334426512700e-01
2.238209632821456463e+00
3.021060312219918220e+00
3.798474066336835264e+00
2.598706719035228208e+00
2.044832711178250939e+00
-9.714672295463819829e-01
-3.755283079704636595e+00
-3.169384726899270532e+00
-9.071451610633094020e+00
-2.388784080478347338e+00
-3.820545401734528473e-02
-9.495836740072606252e-01
-8.053241444896976908e-01
-1.785258941689998657e+00
2.110863655933783001e+00
3.196521059056279590e+00
5.380160860893941077e+00
3.993295230380687677e+00
4.620381379541591116e+00
2.368389844993664006e+00
3.839700800082842314e+00
5.626539068793868559e+00
2.653977422400111141e+00
5.494492787255218502e-01
-1.369714011321774283e+00
-5.449176388844874985e+00
-5.257506269150392875e+00
-6.999797561345626917e+00
-5.087690211003570440e+00
-7.352426500827661471e+00
-4.942647768228052740e+00
-4.539439045113683235e+00
1.609175247165691047e+00
1.175697104287451555e+00
4.885614577442781936e+00
7.366534504923579973e+00
7.806847194209568741e+00
6.516136666103053976e+00
8.086175195132147664e+00
7.385472978711677960e+00
4.844573651283766047e+00
7.732969548251208636e+00
5.165847989246497463e+00
3.802785451631239155e+00
2.211340615152095346e+00
3.326957418950338141e+00
-1.892802879928343396e+00
-3.461520495628481520e+00
4.757897139989442969e+00
1.740283934905621610e+00
2.233174611407312327e+00
1.261448042491560617e+00
1.550227638364232163e+00
-2.536048872199483384e+00
-2.005314820872831305e+00
-1.543933853911220400e+00
-1.705079597866236085e+00
-2.485106864525516102e+00
4.012703355148664053e-01
-6.398665198151232136e-01
-2.198568850918994677e+00
-1.256106937472013296e+00
9.096719158701913610e-01
1.954473801981518655e+00
1.055587043979325124e+00
1.686973841731419732e+00
2.622495335768387115e+00
2.220021468244558704e+00
2.033953218571365351e+00
-1.637326536886643202e+00
-1.840367046307358700e+00
-8.131146939716065170e-01
-8.742658144453728797e-01
-1.510669836077160433e+00
1.266536571929778976e+00
-3.799756682083960113e-01
1.603414195566137845e+00
2.394506515064184438e+00
3.727804509614102813e+00
7.258002643029436429e-01
-4.768276680316415828e+00
-5.599899125787618503e-01
-4.760354558849634543e+00
1.750883844013602086e+00
5.356583865089002749e+00
6.459500091802587995e+00
6.912412690034399176e+00
7.078400949332323222e+00
7.144744393492809209e+00
7.076176210148781287e+00
6.747473416956463410e+00
7.135312238998336554e+00
4.696629454009486615e+00
-1.219650084973351811e+00
5.011662492596973273e+00
7.386384565983378891e+00
7.036312480236871281e+00
6.512345044789585202e+00
6.458239227838468821e+00
6.776823008992591824e+00
7.252366106243764321e+00
5.835329062437017988e+00
4.741540332133704183e+00
6.406462006300839285e+00
5.152739571346478087e+00
6.110922134533947947e+00
5.196287379283313079e+00
6.231825638835425174e+00
4.563065929288292466e+00
-1.297828241363334634e+00
-1.311608640044074292e+00
-2.856943889795419800e+00
1.233418285744478204e+00
-3.470573967475100163e-01
8.557599246667983994e-01
-2.690937898963936092e+00
-4.247366002476501423e-01
6.309426384875270744e-01
2.069492592653249474e+00
-1.435708449742837400e+00
-4.418382690217385056e-01
-1.184027462690097066e+00
-1.119565480503163180e+00
-6.620753356374731169e-01
1.733336985147751197e-01
5.022949884485871097e-01
-2.884337738790406780e-01
2.003378004275588431e+00
1.897464200347260377e+00
4.010028471234306835e+00
3.530814102651657738e+00
3.272869850442146511e+00
3.576290049866405862e+00
1.210933318409973536e-01
2.915137969346099034e+00
2.809335032736557825e+00
3.053531175989241842e+00
3.191557842320575489e+00
3.190769388269620865e+00
2.254054318246966560e+00
1.803436174429228434e+00
1.070422310551581768e+00
6.719963232813672693e-01
1.088482250290126352e+00
2.231288633575136515e+00
2.691104778791210350e+00
1.880700277378794194e+00
1.438557885921844637e+00
-1.302904335486705367e+00
8.641171254319878203e-01
5.205534865399683575e-01
-4.851694286815469437e-01
1.394044243818157280e+00
1.912167367213109426e+00
-2.569113046937054334e-01
3.289647865634691692e-01
8.525336161227339837e-02
-3.509654932365613433e-02
4.209103581497852797e-01
4.155193156392668064e-01
1.649978858119485414e+00
-6.457243136492510534e-03
7.587869003983518934e-02
-7.866698854303015576e-03
-1.539971699178979136e+00
2.963404065573383428e-01
-1.132231666546684723e+00
-2.666249683125161418e+00
-2.599468733057573644e+00
3.287041900651563875e-01
-6.300127199695142455e-01
-1.494726978834819864e+00
1.831407671455410890e-01
-7.011395963414195354e-01
-5.533800250847065172e-01
1.963934152324178783e-01
1.108338593668380723e+00
-1.116747429020291449e+00
1.051693353196859526e+00
2.496115130733888243e+00
2.648636399659097140e+00
4.820290284165051453e+00
4.932098227065918827e+00
3.102284033635926974e+00
1.711878120586035612e+00
3.010618703885075131e+00
2.705333374784000267e-01
-1.605515067132117446e+00
3.348140527981228853e+00
3.853223816670280577e+00
3.749751890841787727e+00
1.222751117653264608e+00
2.881109086518190310e+00
1.693719741691160685e+00
2.691046626900899241e+00
1.966568091028860099e+00
2.882114253128518655e+00
1.067374506894569475e+00
2.569998020814944883e+00
2.359173489508278099e+00
2.625408397976043862e+00
2.628888620985330604e+00
-1.087117168810257439e+00
-1.042752537417219738e+00
-2.999812516748262325e+00
2.250684658007321981e-01
-2.226356868349143703e+00
-8.662105416581267647e+00
-6.240679073438313296e+00
-6.743461033365042212e+00
-5.474343848574506843e+00
-5.297340676176016672e+00
-6.335353363147598671e+00
-6.433629800804222754e+00
-6.657037954628815868e+00
-1.264818409006275290e+00
-2.791858951168724179e+00
-2.598150260364607167e+00
-5.621305893415287080e+00
-5.575017430378177430e+00
1.993188697269398790e-01
-4.455080128155007202e+00
-9.130928002632252571e-01
-3.579438282939562566e+00
-4.245840364087785979e+00
-5.485277125086743949e-02
9.891613576012671105e-01
1.803076780889893538e+00
3.157740402549260583e+00
2.057773291789569470e+00
1.615241149124123865e+00
2.813034948121054146e+00
3.025248545698615565e+00
2.459323378113457803e+00
2.229151390608224315e+00
1.614279312732476379e+00
1.122358363852566709e+00
7.872050500417435703e-01
1.997336231934821349e+00
3.166621801965479044e+00
3.003235866823180000e+00
2.768697703352354100e+00
3.705111739545701166e+00
2.407232290691819099e+00
1.888984039354478783e+00
3.993783371108523994e+00
3.066004145925047997e+00
2.329592368086693011e+00
4.126958095360881096e+00
4.750105839123298423e+00
4.027580626065152991e+00
3.135940088618562882e+00
4.158017911802716071e+00
2.621934378690780054e+00
2.856814240742638233e+00
1.388596788704976825e+00
4.227295847765853765e+00
5.557946322654108151e-01
2.855306293608216972e+00
1.220814655417781225e-01
3.795663121311680044e+00
2.161357283947205499e+00
2.447607011254162135e+00
4.611562718451774678e+00
5.547674590936317429e+00
3.961886674953085663e+00
2.136828484437436337e+00
5.495730740623518074e+00
4.078391572688915723e+00
1.126488321666831549e+00
2.819021236829911459e+00
2.367914786041921626e+00
3.243861914332228646e-02
2.521544774076998507e+00
4.026394134053729701e+00
1.927608052845183328e+00
-7.333969070732709872e-01
-2.082041386943963169e-03
2.275989072450569140e+00
6.122167150459675078e+00
8.082603784286936488e+00
4.447591771423052620e+00
3.717617523513119249e+00
5.457840098175971155e-01
1.319604276838481915e+00
3.294379836399398798e+00
-4.816416954218371016e-01
-1.014420979739423689e+00
-3.765111231656265156e-01
-3.908269499644581035e-01
3.252519613168217832e-02
-1.744484764838831525e+00
-1.501214174014054104e+00
-7.090340751780516149e-01
-1.516020378018217318e+00
-1.793053552788176574e+00
-8.571323680245810372e-01
-7.146441557934074540e-01
-2.213214431463153442e+00
-1.569575393401514640e+00
-8.672562795279324943e-01
-2.036688323037510351e+00
2.069306616137731036e-01
-4.290867213015887582e-01
-1.209788250156646816e+00
-6.158277169515237182e-01
-2.107682613797535964e+00
-2.414815898201595701e+00
-1.742068737799941758e+00
-8.479216306633753364e-01
-3.568957381444056720e-01
1.923696282386423706e-01
-3.921463876322177189e+00
1.897616690559376540e+00
2.323204753404981115e+00
9.479284769633312679e-01
-3.175722150438551328e+00
-7.713490051328542041e-01
3.234648082806106384e-01
-1.608543503127446206e+00
-2.175901252615134229e+00
-1.078751171157360522e+00
-1.999578845570216590e+00
1.665071551526092763e+00
-2.200235638022432383e+00
2.470271018463980894e+00
-1.189119728313778879e+00
2.530660237596413786e+00
2.500693540633547318e+00
1.758040331778915055e+00
2.144375965751398994e+00
1.141814531024541335e+00
1.828712361395723685e+00
1.710797474839107934e+00
1.165734422795435155e+00
2.923842644565911364e+00
2.831843883501141246e+00
8.684402102395205603e-01
3.351173994343747409e-01
7.806122413899960755e-01
3.104606926353410401e+00
3.093414181083458114e+00
-8.561970909493323845e-01
3.863868701607989231e-01
9.020792704112540861e+00
3.912947502500292440e+00
8.688411814581490589e+00
9.112678040714417449e+00
8.296961446035680865e+00
9.294832143169140082e+00
1.065303804285189848e+01
8.325569528215808646e+00
4.479032545325845049e+00
9.631911069938819736e+00
1.032126993007521243e+01
1.041717967916509835e+01
7.018498330123279061e+00
1.003142731305587887e+01
8.212413619265939602e+00
6.031645250483521181e+00
4.563948933047353940e+00
9.131164923466560168e+00
7.674957897259906403e+00
8.541636206296960410e+00
1.010116603391729306e+01
8.916111354672416667e+00
9.778145505903120593e+00
9.881012973968255508e+00
8.513655969755223651e+00
8.272299669978384173e+00
6.348955331992397255e+00
1.980266250162084685e+00
5.494420819551960600e-01
3.584526925668551023e+00
6.561897502351786926e+00
5.122800162181416761e-01
1.954681249815555244e+00
2.175448981876674459e+00
5.660072539867398334e+00
5.757254423706380742e+00
2.167607261964152432e+00
3.149655162546027398e+00
2.975092624470544678e+00
3.319899139408921229e+00
3.187679183301146413e+00
4.184239349178199063e+00
4.333225119136644210e+00
6.677352023062872455e+00
5.366687707002462560e+00
7.465072209213986731e+00
7.915375830080257913e+00
7.227934983317718221e+00
5.563398295691523998e+00
4.693301608028797034e+00
4.119816323300006466e+00
4.721400364095660329e+00
3.855429914375961609e+00
5.759281368314478122e+00
7.561904717355996119e+00
7.348591768964530146e+00
7.375033236065475784e+00
7.242459029357672051e+00
7.323504848843873205e+00
6.276814281504572435e+00
1.499235676823966301e+00
-9.021423966585846443e-01
1.139697898628968975e+00
1.142780935914677443e+00
3.683959329754257439e+00
2.259067586434175823e+00
-4.656601005616409217e-01
2.840635574457348156e+00
-3.478835113215845154e-01
5.206750584326341524e+00
-1.712770898824554910e+00
2.073586601925950124e+00
4.086658430456345137e+00
2.761471222547733806e+00
8.579379785822967008e+00
9.866950795690504705e+00
1.092302998116522694e+01
1.022340930422519101e+01
9.086586574659772708e+00
7.972685900486073507e+00
3.654483007574258480e+00
1.968519401960892701e+00
-4.714013188886132966e+00
-2.277597318646929381e+00
4.554311574516325400e+00
7.034955344416394141e+00
1.382141416752972418e+00
4.768217520566669698e+00
2.408115714602597990e+00
1.365070888807742300e-01
-7.253781210120436862e-01
1.694016438206511488e+00
8.800724688544869778e-02
9.438010259908022448e+00
1.025984795587079290e+01
5.444609792564421902e+00
8.956877158623717250e+00
7.293449667040543538e+00
9.900316814247556607e+00
1.058973598161729868e+01
9.626567410958013937e+00
1.081813772215951097e+01
9.257922490051001319e+00
1.937270074322469116e+00
-1.660513586894592164e+00
1.720051125428658567e+00
-1.789026953753787064e+00
-6.084943505062182290e+00
-2.241786627355932371e+00
-5.313038667677494331e+00
1.690046432262652665e-01
-3.709757585889532638e+00
-7.598409741842849563e+00
4.743386500168357556e-02
-6.749155142907641292e-01
9.778314811946484664e-01
6.613409245402253056e+00
5.426689240799942304e+00
8.297188402818928665e+00
6.502038747933597485e+00
5.116681286416474350e+00
1.901571542797193537e+00
-7.986629954412687304e-01
-2.724573778791567480e-01
-2.408280092874788725e+00
1.245315944916377093e+00
-6.968761226043143631e-02
2.175578456204973143e+00
9.408605391013380448e-01
-1.248215622263868951e+00
4.900237844439648605e+00
-1.845303465001884857e-01
3.196551014562473370e+00
7.552909331786214153e+00
5.468064414253827721e+00
8.559375509287834305e+00
8.331483324857309469e+00
7.659795537199675763e+00
7.853305469124947535e+00
8.819229315427884686e+00
6.114540647306244026e+00
4.741257908171196078e+00
3.303669776286838999e+00
6.607248193848631601e+00
7.053716487211820763e+00
6.603187718307875542e+00
3.129863596357912670e+00
7.103357909855038343e+00
3.559978702660908212e+00
6.789806023377940036e+00
5.780002524657625429e+00
4.470704260966849475e+00
5.458480476498749567e+00
5.606189996590710933e+00
4.639173790796432328e+00
5.551218426103474712e+00
4.864721020223093717e+00
6.401414538164122092e+00
5.471581871877193137e+00
3.585937597029850821e+00
3.844817626921414266e+00
5.827628527270048764e+00
3.367947410779029482e+00
7.098396728433696623e+00
5.735368480906569033e+00
6.035579147434940950e+00
7.223758035995359705e+00
8.670474625056851181e+00
8.121112350378146161e+00
7.790627150307239290e+00
6.192920110863804339e+00
8.188968710076293789e+00
7.591647051484256004e+00
8.099536107800700435e+00
7.036933673920740873e+00
3.296263348364792733e+00
3.782178697555668379e+00
3.923545917335873323e+00
1.773918686427398139e+00
4.005667805684706373e+00
7.172205039555237249e+00
7.123774474216752139e+00
3.940598582533131555e+00
3.442171936431182466e+00
8.176733856546375634e+00
8.650482057907669997e+00
8.484457345699564002e+00
8.476616025791026132e+00
8.560748499150948376e+00
8.529022429073949141e+00
7.825079335765839694e+00
5.432747658311267713e+00
6.092685437394768755e+00
7.699707988881680620e+00
6.019033025808646187e+00
4.987385219793369018e+00
5.331316653603042077e+00
7.060962511450238566e+00
3.146945691443035820e+00
8.479758901719476327e+00
7.783028656378398580e+00
9.755638594229203875e+00
6.049606692878995773e+00
5.513244203252352094e+00
4.519948241919500731e+00
8.878618023363186396e+00
9.327141072821437007e+00
9.721058842800236022e+00
9.123714492292629430e+00
8.662228366960656345e+00
7.462110493188813365e+00
9.297940636109343515e+00
7.685876322996184840e+00
6.849980755111543473e+00
6.203944332495443525e+00
2.270215942852444879e+00
8.458719837521607943e+00
8.619966872303146843e+00
8.031189040953128355e+00
5.084471750576048166e+00
1.259757512247801969e+00
2.899211063679789202e+00
9.617507204196556359e+00
9.547363335687284902e+00
1.082056818111667162e+01
7.022171277308668635e+00
5.452360017641848522e+00
9.562550867790335474e+00
1.018854252043133357e+01
9.066185036116669593e+00
1.051703518905269696e+01
9.635484765887253999e+00
8.432518563553735191e+00
5.230031816566196312e+00
-5.297363053872747862e+00
-2.345060097264267007e+00
6.801625920716443119e+00
1.074641847105081283e+01
9.501206864476012370e+00
7.618480471393187514e+00
5.785560182509640548e+00
9.311470446878379548e+00
3.084636548117463573e+00
3.320107132311689302e+00
6.460767856974808154e+00
7.934261809389985487e+00
5.216336535649142903e+00
7.164827546627093646e+00
8.689584001008782366e+00
3.185613564640910944e+00
3.463397110917161292e+00
1.673645363929261887e+00
1.182532249988370587e+00
3.240711576411258177e-01
4.628676914001047749e+00
4.866669489960545825e+00
3.696133902137874738e+00
4.322179569842789171e+00
3.804560078170601045e+00
2.683652716406439431e+00
5.328390655023421019e+00
1.529108891292232375e+00
5.033099632196737616e+00
9.884486424953475847e-01
3.301103753152476727e+00
1.610907993347280076e+00
2.337167045610072158e+00
3.807613123672146660e+00
1.292948315436225570e+00
5.938192151126858720e-01
1.511266618025492559e+00
2.196701331691233605e+00
-1.143207114683986836e+00
5.861532021722716257e-01
9.087365228287351826e-01
-7.412102937478054487e-01
1.417932838991752265e+00
-6.634114468553130584e-01
5.458224187080481377e-02
-2.458453581323538639e+00
-1.765705875091328148e+00
-3.903116444491032677e-01
-2.269342140179501754e+00
1.818967417609440029e-01
3.079548640417851396e-02
-6.106503755188779081e-01
-6.998518353369889144e-01
-4.488526778395073968e+00
-3.570388805943936816e+00
-5.854781471279480592e-02
-3.659611040485785338e+00
-1.595885506663598186e+00
5.949402119032001224e-01
-2.307229904239338047e+00
5.557655955034288553e+00
2.395235913456777332e+00
6.239297288143435871e+00
1.861977100530187168e-01
4.311787689455661265e+00
2.328188480233724711e+00
5.408029579873923076e+00
4.939669141787719653e+00
2.490398500022053874e+00
3.656382598732175193e-01
2.605096668861767828e+00
5.242268499555562400e+00
7.439603945781937178e+00
6.251987944906939099e+00
1.495546293075977751e+00
6.426946784611924812e+00
5.066081507572636866e+00
7.427059276843825053e+00
4.580396541700509694e+00
3.809561784987054889e+00
3.806073642915357436e+00
5.416875985864749055e+00
6.173371653218696409e+00
7.125966215408606530e+00
6.254924080923079721e+00
6.967716231880082489e+00
6.748509525593320291e+00
4.767678094499451014e+00
5.150462514713339601e+00
3.618731713053709775e+00
2.020987014106887969e+00
2.388224869944742146e+00
3.388480752195456969e+00
4.873379099915450041e+00
4.674521180288006228e+00
4.726746379188018210e+00
5.447050237309350784e+00
5.410934604209646892e+00
3.038797691880006813e+00
5.156429794528581745e+00
5.166155150438322963e+00
5.105080738943057028e+00
4.084826209091984239e+00
4.850028026587636099e+00
4.744847598798079602e+00
5.031675938955306293e+00
5.762158223999247042e+00
6.356075272484302374e+00
6.107145009992613893e+00
5.325157263019574039e+00
5.599900819146018449e+00
5.414064684543218320e+00
5.489411635772754039e+00
5.209840215109884376e+00
5.191023757251103099e+00
5.495451967324001430e+00
5.089774463553832007e+00
4.418747433878654540e+00
5.051899950739068501e+00
5.195992715801732942e+00
5.754299905351023980e+00
4.126160740977582897e+00
-1.041791436900133122e-01
3.434938072644044826e+00
4.064977266192252081e+00
3.103589563966264731e+00
3.794316590642505815e+00
5.795722549018354819e+00
5.006760227385074202e+00
5.623926201820510506e+00
5.505243645336060254e+00
5.088625922699224091e+00
5.354806561309572999e+00
5.331604221514524511e+00
3.649458510099437003e+00
-3.095494350415837204e+00
-1.994648611891314260e+00
2.743336432756884768e+00
1.551014988013970974e+00
-1.717116611837256945e+00
8.014519969087026130e-01
-4.772208254936630700e-01
5.660358057174290636e+00
2.588743735095649257e+00
1.563358992012015870e-03
-4.402140918947213599e+00
1.305756107696803614e+00
-2.945126038553939729e+00
6.338049932050251467e-01
6.872569014968293866e-01
5.950614715633698815e+00
6.233805719313023630e+00
4.451161532172153379e+00
4.858310832434909798e+00
5.143202828037431118e+00
5.663192093450454934e+00
4.697427847628230069e+00
4.271625811311109189e+00
3.374447677106723553e+00
4.759641173884756604e+00
5.891134905982946535e+00
1.792480788462019747e+00
-4.552412169825639232e+00
-7.743136443471589914e-01
2.647750078199861412e-01
-2.307236610608354610e+00
1.898104706943503306e+00
4.361642369599987745e+00
1.534987313335062886e+00
4.131524228447388536e-01
-7.241032545995389480e-01
2.132689799764005745e+00
3.536990120826125406e+00
3.200141241461485819e+00
3.287851926397634128e-01
1.117687763115998933e+00
-3.221891780335926381e+00
-2.980994188210661200e+00
-2.490974671097171134e-01
3.766572082567216651e+00
2.114255878232888186e+00
2.648514951940703632e+00
7.827832489070887245e-01
1.144880316808007059e+00
1.606588924287276343e-01
4.496963144192895889e-01
-4.561549675601900278e-01
2.372910238264011318e-01
1.556449612545029115e+00
-8.460865035379351931e-03
7.197224349233745100e-01
5.778600330003918373e+00
4.397918404153513094e+00
5.184250989740776028e+00
5.630066316196540299e+00
2.129239086745411402e+00
2.567931892471171373e+00
2.998118207876931507e+00
2.330438729279425303e+00
-1.586274791248864613e+00
1.532271432920733645e+00
3.780647395403157862e+00
3.111517813245199715e+00
5.253318806708206168e+00
3.931740433387420186e+00
2.115250957696578116e+00
4.441536270744117942e+00
4.879868035601434784e+00
3.275602561759949793e+00
4.059269831449402233e+00
-1.937096680275070426e+00
-9.095778283556765764e-01
2.577262365802091004e+00
3.848676239129140697e+00
6.644637388841636572e-01
1.548826826006007851e+00
-9.868092716944154574e-02
-3.338943507388641291e-02
3.141735095845439307e-01
4.491820149861396771e+00
4.942013488716722414e+00
5.230729842733154555e+00
3.823331161304268644e+00
5.590507294285796291e+00
1.996357660307641169e+00
2.069538411189606464e+00
4.102374745727878080e-01
-2.927857896304268515e+00
-4.591682847628228537e+00
1.818571069398442708e+00
-2.031557972090360487e+00
-2.294076980328254578e-01
-3.164119821024243162e+00
-1.824150927463208616e+00
-3.141673078377664741e+00
6.757786864055853604e-01
-2.531731920262481061e+00
-1.849121414577106659e+00
-2.748928479767529964e+00
-7.406801132234865914e-01
1.368762083200625090e+00
1.020493034530903786e+00
1.323405950808751896e+00
1.475177475608013822e+00
1.450023069417438970e+00
1.886361464846738834e+00
-2.811000227411680763e-01
2.242660245996663360e+00
2.376013497485172654e-01
3.436227073792532671e-01
1.395510972318929621e-01
2.005699206432626891e+00
3.709369656808504168e+00
1.958042681506855676e+00
3.809490984926947377e+00
1.358172849775048707e+00
1.278270074912927878e+00
1.731714206982061466e+00
5.377491794834451611e+00
2.271353070867725865e+00
4.370347226615832525e+00
6.306965136240009429e+00
5.869747299317573663e+00
5.823197159315607330e+00
6.968560007438560078e+00
5.971726495190262440e+00
4.523755513800822747e+00
3.602585188936323624e-01
3.656008461738717408e+00
4.361093214231759774e+00
7.411585837639650398e-01
5.688858190961179062e+00
1.964281807354629761e+00
-5.737132121725806340e-03
1.409521590852946260e-01
3.897352151546154442e+00
1.200015042654641650e+00
-1.274283517039081381e+00
-1.428273141557047321e+00
-6.672018133941525209e-01
-5.534856112294580521e-01
1.749903647842656396e+00
3.491456035916207234e+00
-1.385063237199323227e+00
-6.157921083938170392e-01
1.103872041671162485e+00
3.903328426304806698e+00
2.575317865028428077e+00
4.020467579601727515e+00
5.399206290891935822e+00
4.664600671364430795e+00
5.493529082173596478e+00
4.589913906003312505e+00
4.777758619554810515e+00
1.755054784098235121e+00
-5.793190155609014014e-02
4.230271561024102844e+00
4.346384723734535882e+00
6.385410346741382526e+00
5.589333582285323843e+00
3.272116508107023147e+00
4.343532857578939144e+00
4.915019149824576772e+00
5.136462659053515623e+00
5.604235732842616002e+00
2.536622752981853690e+00
6.630801102564455540e+00
7.064768845583606627e+00
6.335798400946517361e+00
6.432054879060412844e+00
5.601179830481466837e+00
7.336416517161494788e+00
6.865962966729052042e+00
4.982321267487935579e+00
7.215903358665335610e+00
5.609993099343919098e+00
8.217238936399747118e+00
8.191590343496043758e+00
7.037915839358166892e+00
7.933023004578537041e+00
7.800572162944185095e+00
7.335033828782106191e+00
7.368240686615936674e+00
8.830057065562316509e+00
8.294129336062420421e+00
8.852259973412877514e+00
6.619063904497975770e+00
9.036891818325521797e+00
7.903345000597562731e+00
4.766787711442105113e+00
6.324579719703312009e+00
5.549856762363745588e+00
5.038844058941754689e+00
2.306367627122146935e+00
1.649494264189464321e+00
3.460531332326951315e+00
1.150470651615388196e+00
1.820385566250512788e-01
1.697702089526635483e+00
2.966719983916682679e+00
2.022150333008453149e+00
2.088128620007844383e+00
2.273908403266549527e+00
1.893227660808592061e+00
2.441073524096770697e+00
2.696905686049865913e+00
2.534941952901874629e+00
4.635488033629274085e+00
2.829125286591707589e+00
1.469318669210436523e+00
4.222069006122284307e+00
4.319117856625264373e+00
4.806160942326967778e+00
4.148948358585336393e+00
4.894915361820142863e+00
2.310284208530203109e+00
2.836921000895365808e+00
-8.107254153029950228e-01
2.534368210403039168e+00
6.420569937781288594e+00
9.787058385653731207e+00
7.571942120072506555e+00
8.135334330779304679e+00
7.529898299380573867e+00
5.536355800218543344e+00
7.717387387942286736e+00
5.395414715653682691e+00
2.351444811030050541e+00
9.101305051920324019e+00
1.043653141044539367e+01
1.005576974316080729e+01
9.968421695145925909e+00
9.044200408514475598e+00
6.130818370055759914e+00
-9.064116227851073404e-01
2.695787043269538330e+00
8.094631591557398309e+00
5.093016538567566087e+00
8.586086902363632589e+00
9.501821312805557085e+00
9.447014246146000715e+00
6.521228341085794966e+00
1.023492087618069313e+01
9.723548185866473403e+00
1.053173589526251952e+01
1.065518068193428469e+01
8.943061951272637700e+00
7.446172664777583883e+00
1.311981894636764290e+00
8.798429327222407892e+00
1.169291530296399984e+00
-1.153547508132905186e+00
5.066823325912876541e+00
6.053660696004140362e+00
6.376172341764613449e+00
7.861516544376106808e+00
6.081167846367745433e+00
3.300298513967489633e+00
4.023372814973455114e+00
7.072306605182133943e+00
7.126573931195425260e+00
3.413757873973346513e+00
1.218896119187966143e+00
6.645192191129606130e+00
9.486443271544173328e+00
6.334437944098995743e+00
-1.615586704319355915e+00
-1.814981035796898734e+00
7.239292160670144582e+00
8.292016664482911636e+00
3.871107832591802023e+00
4.172632247423893936e+00
6.562389367385174310e+00
1.292026347832766930e+00
7.654966210849645236e+00
2.263625168739162419e+00
2.102757106278437149e+00
2.226500608736817988e+00
1.016073193121504792e+00
2.428726759803062407e+00
6.746466737138218761e+00
1.465005440401904835e+00
5.899419021696137300e+00
3.315596720517836715e+00
3.500351635273293294e+00
6.729311718829563915e+00
5.976871074106232307e+00
8.851617939843610117e+00
8.531442755840249248e+00
6.172977112963100588e+00
2.472620847121481447e+00
-8.498001098445112644e-02
5.944987120345208709e+00
3.882813719207375946e+00
8.955858857705912834e-01
6.016694928025624556e+00
4.232354339498582085e+00
6.029182969953712501e+00
1.019643114233423020e+00
8.828512229508083564e+00
2.234678872189148180e+00
4.528997202800097099e+00
9.650889315147983538e+00
8.233148240810777452e+00
3.660926332620071832e+00
-3.206619460146261646e-01
4.262252760511078820e-01
4.213540740632877757e+00
3.153021923392353543e+00
5.745624575293472702e+00
7.380544855564115991e+00
7.672144690022502544e+00
5.501317240729052926e+00
7.250317562884522005e+00
5.530625293090416505e+00
6.122882003696544118e+00
6.607375431448975434e+00
6.636726758779368573e+00
3.846471383580579939e+00
6.742381811224293031e+00
3.509304395576736013e+00
1.465885966627145098e+00
5.406743491853860384e+00
5.180543199317839687e+00
5.249724116480654068e+00
1.773671151745819019e+00
3.332510173977222934e+00
4.876295717029842436e+00
4.918052511429138463e+00
1.896023481586905479e+00
5.196796946361555314e+00
7.224895628676282655e+00
5.490277426355161694e+00
1.085958867705562270e+01
9.798947409429315414e+00
5.784763673207551804e+00
1.016947646589858323e+01
7.050393103908224823e+00
3.691946911827840960e+00
2.513588796917358259e+00
5.953938232021743104e+00
3.528989381250204893e+00
2.938860116826305546e+00
5.437308427548966705e+00
6.199496390346094010e+00
4.739107016589168886e+00
6.946400430049487262e+00
5.436738515103044733e+00
5.063958264479828664e+00
6.656001046350501937e+00
8.533927447154464829e+00
7.731413569452872281e+00
8.528817560621197558e+00
5.593639573843896429e+00
4.281046384768105284e+00
6.162512162003762839e+00
6.443397444978241850e+00
5.887824850839638025e+00
8.223362196522574052e+00
6.270197618417132190e+00
8.759882199802921932e+00
9.169191688238141680e+00
8.484099661165352302e+00
6.173032400672724407e+00
7.019746065948896607e+00
7.374710181673580500e+00
6.629391634969906910e+00
8.813996631345197841e+00
6.615210765846785357e+00
6.736732313252872473e+00
6.332439027124774356e+00
6.150437664572862673e+00
5.113610247686768417e+00
5.368426598780451364e+00
7.439744303381985446e+00
4.609656294867535919e+00
7.548198179145618525e+00
6.245666205985025421e+00
6.603176367987448003e+00
8.136984845516568754e+00
7.743108314272411086e+00
4.914257556836310492e+00
5.051246441881072080e+00
6.027625458185133844e+00
6.526782620806206303e+00
8.633576703163303279e+00
6.520466679157813417e+00
6.637641906902874922e+00
8.544535121426333646e+00
6.347184720803046076e+00
5.111853356477229937e+00
7.844425525890122763e+00
7.775127302955687547e+00
6.077364049355082898e+00
9.344840065585565014e+00
8.129705907744085636e+00
9.786937587113715864e+00
9.792973739244878573e+00
1.028464141940016852e+01
8.286622385674819569e+00
6.543899159063419901e+00
8.681580591901818522e+00
9.147822071809345701e+00
2.830002967973683781e+00
-1.990147300524872098e-01
8.777204128516029158e+00
9.836646136588491629e+00
1.752611476651938460e+01
1.788015782682113297e+01
1.604058670127706066e+01
1.786790760847708270e+01
1.716362030372045666e+01
1.624562372595512372e+01
1.451530129739423636e+01
1.622300453914027685e+01
1.709141316758934792e+01
1.484366774573603820e+01
1.080439083776186493e+01
9.339670967900556064e+00
1.168798513576185805e+01
1.058468618637506964e+01
9.130662715146955932e+00
1.386292120812329109e+01
1.417989087820676453e+01
1.677569838548958714e+01
1.859624880665915825e+01
1.609116250099773993e+01
1.379293720699675063e+01
1.587370082804284976e+01
1.701375280069207818e+01
1.737280377961362632e+01
1.671225524534865770e+01
1.671471852691686166e+01
1.693194317639646584e+01
1.703321950055676126e+01
1.664619565124021250e+01
1.581574166456869612e+01
1.346303946194123213e+01
1.550403260738038469e+01
1.240212344262371857e+01
1.459527373191914279e+01
1.339052119612796687e+01
1.195456017547346583e+01
1.454013457049022051e+01
1.287426189811374577e+01
1.672883039062144306e+01
1.638438857954137262e+01
1.714629192075791764e+01
1.591620850869358605e+01
1.702313536535716310e+01
1.539107313931878451e+01
1.508974869529277640e+01
1.296809554442661927e+01
1.223441028559823884e+01
1.460614714007581583e+01
1.534041677444268359e+01
1.378851578026448621e+01
1.513918935388187670e+01
1.393028194159610678e+01
9.475822846232141217e+00
1.223226937659132751e+01
1.433104395618813953e+01
1.478517667772659472e+01
1.181426064513722807e+01
1.485241576415642584e+01
1.345474671810024958e+01
1.454087629793719039e+01
1.199133933294701748e+01
1.328385507592153658e+01
6.786525728927983891e+00
1.063919028734949634e+01
1.423588553811072543e+01
1.394655797627293836e+01
1.394821814707919394e+01
1.467379729732586391e+01
1.250787014610945924e+01
9.530823161179490910e+00
1.445669621452257658e+01
1.424489407865598167e+01
1.426572688801725342e+01
1.440136031706980191e+01
1.462316529808494536e+01
1.389812582549881625e+01
1.578124154116250821e+01
1.540251307811324466e+01
1.505105681514288563e+01
1.429589348053416131e+01
1.581700995471896931e+01
1.554798797928532750e+01
1.409875151764970269e+01
1.512406288304803681e+01
1.508850625187583461e+01
1.391222216951270241e+01
1.572019588652625366e+01
1.450579231055047380e+01
1.509713137271351968e+01
1.558638174601642845e+01
1.481535209115079255e+01
1.546827084582749734e+01
1.323247154046027418e+01
1.088065231348443618e+01
8.639234698766809828e+00
9.880327861909309561e+00
1.163789234220488034e+01
7.746279750488218596e+00
1.169793815880351673e+01
1.257956735985759167e+01
1.234914444418849655e+01
1.185215168049179368e+01
1.230333607028416409e+01
1.390621554666946835e+01
1.343360189517785486e+01
1.280953470249119519e+01
1.275500705707500337e+01
9.173665329106425403e+00
1.079718571515380354e+01
1.148866943084369829e+01
9.074817490599205172e+00
1.142831498773605681e+01
1.399786832095780476e+01
9.110930919784616222e+00
1.344679101857886572e+01
1.414345557889437011e+01
1.342687006465727961e+01
1.428957921458957614e+01
1.382821022119547649e+01
1.077891291227041393e+01
1.258364348961640999e+01
1.271999505443829648e+01
1.186334941909388618e+01
1.306170840532224808e+01
1.230192597404237809e+01
1.528328536924298042e+01
1.592925884409375215e+01
1.392225946686891902e+01
1.574626967300520164e+01
1.165919167256092237e+01
1.253911683579423908e+01
1.584310141920856729e+01
1.528537811121111467e+01
1.531395559675569729e+01
1.448403078115803666e+01
1.195384072123446728e+01
1.194861914738783426e+01
9.602399222934751677e+00
6.601027302633220017e+00
1.331243571685304516e+01
1.365758957046136146e+01
1.034206745049534426e+01
8.704752053659897015e+00
1.309607943833047905e+01
1.414421281095341953e+01
1.348367633182466108e+01
1.483708647706260919e+01
1.368670626497698706e+01
1.390106604599820272e+01
1.401362131611884365e+01
1.343619869836031810e+01
1.488235533124267107e+01
1.259201806524326450e+01
1.375020226237325360e+01
1.415894645560898546e+01
1.343886709068672047e+01
1.434371705590772983e+01
1.492873193675907828e+01
1.483596140804887753e+01
1.423250789729642030e+01
1.251907980017414879e+01
1.212882333578848204e+01
1.302676179497382947e+01
1.024819822994252227e+01
1.380439865953947631e+01
1.073081148098846782e+01
1.372524879528143416e+01
1.445408173532744200e+01
1.601151862097402301e+01
1.546103389500648717e+01
1.643647064844360273e+01
1.602707072887334405e+01
1.713872132294719819e+01
1.720168261046192981e+01
1.419286128400800884e+01
1.737218411321393319e+01
1.641845906153196211e+01
1.585330741608553851e+01
1.657906942676871864e+01
1.413152019201618614e+01
1.216063855277881345e+01
1.705832656585200624e+01
1.666295555972892117e+01
1.752671934920450170e+01
1.613315279856402640e+01
1.653487634028851616e+01
1.678914211307849058e+01
1.711928686858319537e+01
1.636120984948356494e+01
1.594372999402965441e+01
1.516171902347061895e+01
1.280053545758460842e+01
1.604006276663551489e+01
1.698515664171657846e+01
1.614705801071990976e+01
1.651723833324304991e+01
1.405412282388023471e+01
1.679128663156366486e+01
1.560908682970938699e+01
1.045435750824754706e+01
7.027313006773903581e+00
1.048014278088507112e+01
9.060482532503936426e+00
8.471219067538212855e+00
9.188643351558795302e+00
7.710849668852951311e+00
1.248278691107829985e+01
8.867444970454489095e+00
8.857248613455986685e+00
9.405704620982382025e+00
1.324239526043007942e+01
1.073877070634089037e+01
1.270068553638914288e+01
9.095063984011650504e+00
1.152149194442142743e+01
8.534972995534644724e+00
1.397593768826919103e+01
1.594374347628376931e+01
1.520603881598355756e+01
1.505145271023792652e+01
8.234892619125357527e+00
1.003956360007989446e+01
1.200070832930721032e+01
1.030963868923501003e+01
1.458788055298579067e+01
1.595043696604729710e+01
1.548449088305214438e+01
1.544873807453098635e+01
1.317149814877636871e+01
7.347157786913404820e+00
8.627129901642774712e+00
1.314439838225942303e+01
7.949721786542836455e+00
9.064883395266285504e+00
4.155261826472667508e+00
1.283631398460251560e+01
1.413363141953162661e+01
1.583670396540004965e+01
1.460743845602188529e+01
1.574899572628187272e+01
1.563503798976013570e+01
1.525847945648297177e+01
1.549729597873845499e+01
1.429164228299081252e+01
1.279170960617800290e+01
1.367626151496112108e+01
1.233398885983907078e+01
1.195686359860389736e+01
1.265261723604371014e+01
1.161105965231853787e+01
5.356621205395715180e+00
2.788862373104474379e+00
9.668236421686842164e+00
1.326980824051292274e+01
1.259590144399419387e+01
1.671559378968094833e+01
1.619518037702998825e+01
1.096684335464076554e+01
1.057323970862712237e+01
1.877355308935394262e+00
6.002433500734190019e+00
6.151784074085879794e+00
8.081421490105588745e+00
5.946872480603881961e+00
6.649393130067482005e+00
6.258897138731108534e+00
5.296810536587805984e+00
8.587968150706197790e+00
6.113460292773407190e+00
8.368414775879797318e+00
7.361286326707565664e+00
9.431666478572896750e+00
6.222315361552938739e+00
7.930863641155772470e+00
7.391004101695689776e+00
7.867291978391168783e+00
8.047574320581798446e+00
6.606942848893333498e+00
8.303871819542683497e+00
7.383354806024354566e+00
9.407180217692580726e+00
8.592917440718132127e+00
8.727883491448768183e+00
8.836194702027480474e+00
8.827084013771207438e+00
7.824527803412852478e+00
9.588639541923722476e+00
8.326277250021176357e+00
1.045765477283912048e+01
7.182851393179300103e+00
7.698896884599321311e+00
9.340919162822098443e+00
9.509654852211303577e+00
9.439353371724749309e+00
1.064618084518477659e+01
9.386162268411469611e+00
1.056489833486368468e+01
7.743144031946402883e+00
1.009084369488479993e+01
1.071851085098036904e+01
1.011000341697138083e+01
9.551551725329268550e+00
1.121677486527093848e+01
1.297270763958872131e+01
1.123685829417223303e+01
1.088468761131105467e+01
1.136798518249933920e+01
1.115705857378968346e+01
1.251112896198700497e+01
1.148507129451622433e+01
1.037483922652950419e+01
1.216004685551154374e+01
1.384029069289634961e+01
1.180621821833878649e+01
6.392579549329324706e+00
1.233640222107240447e+01
1.364557567668388494e+01
1.343257280343491189e+01
1.350322200050443655e+01
1.324331201576395678e+01
1.318241324019066951e+01
1.330053792308574501e+01
1.273976226984929383e+01
1.255231703516038699e+01
1.368909586778738863e+01
1.279885309458410170e+01
1.389945967795999948e+01
1.164481360374787400e+01
1.215252359232229473e+01
1.252732518566546993e+01
1.222883787419329060e+01
1.223376302252856718e+01
1.285449313899960799e+01
1.378728963226602744e+01
1.329338391390160190e+01
1.034768031010963796e+01
1.601211556195088193e+01
1.614580127127729980e+01
1.405778213025832102e+01
1.487308698577018973e+01
1.333858386380061134e+01
1.538678181087538555e+01
1.411861039143769858e+01
1.486912222339374168e+01
1.420807588647590691e+01
1.078753057079282485e+01
1.181453562356511355e+01
1.102123791075233505e+01
9.781799009248100418e+00
8.116121788269087034e+00
7.159542569919263855e+00
1.013840441571577777e+01
8.301712308642116511e+00
9.207041713158981011e+00
9.679580198102588184e+00
8.260618153914512263e+00
1.142676926297558282e+01
1.229554450474637228e+01
1.506740976658975839e+01
9.104148555047830271e+00
1.481552026628916252e+01
1.250331538568535628e+01
7.505529252841609988e+00
9.111213731466955679e+00
8.221895729078438464e+00
5.899187305251558655e+00
7.666475709486755719e+00
8.296075709668128795e+00
8.176827573522066572e+00
9.016949633775835693e+00
7.460540900070842696e+00
9.198161077978079803e+00
8.170317931906437181e+00
8.287740233697267200e+00
9.277803572756342376e+00
9.098372338073444254e+00
7.750713738904890349e+00
1.126297998978491854e+01
1.120510304300980664e+01
9.844344850743297570e+00
1.136571753101515547e+01
1.094338133488604825e+01
9.911089076334906878e+00
1.084670600540759011e+01
1.091047600385795846e+01
1.136134910382578767e+01
1.205967542600442144e+01
1.230934807312979551e+01
1.137946468104512832e+01
1.282795126991957524e+01
1.222805641361019369e+01
1.201352400107198903e+01
1.299174148183107569e+01
1.299394315161308278e+01
1.357677168421295555e+01
1.350522616736795101e+01
1.308712184298680370e+01
1.220738233664535244e+01
1.349528456342008553e+01
1.462747942665537160e+01
1.541356384578264738e+01
1.510450643529656034e+01
1.577469305332059690e+01
1.404747655503034665e+01
1.517655943731442925e+01
1.439205133619376475e+01
1.552739507075539471e+01
1.598694968883176593e+01
1.419847635585376011e+01
1.493448305015424893e+01
1.564379364477139056e+01
1.531504085961803874e+01
1.520248493397146561e+01
1.524696983414808216e+01
1.158870542535678716e+01
1.238189429212473058e+01
1.563109795735037011e+01
1.450757489217438412e+01
1.028451993335894166e+01
1.017984396667787550e+01
1.015698779679971864e+01
1.130111064936031973e+01
1.072838168999128250e+01
9.403210666446105037e+00
1.074693226660103562e+01
1.115085099796998236e+01
9.926223911325708471e+00
1.008501370370253447e+01
1.279926954690879981e+01
1.257104292074398799e+01
1.625842527465768228e+01
1.653385688276487642e+01
1.706350759965687658e+01
1.563360638537881897e+01
1.389886353470996916e+01
1.439993662533721341e+01
1.449177817414381764e+01
1.552661267444886484e+01
1.509877469508761294e+01
1.643303950940125091e+01
1.532712678812856844e+01
1.558453821691264096e+01
1.556807566701124124e+01
1.496316025290910545e+01
1.564416620802175828e+01
1.346086497201794785e+01
1.218002761820950042e+01
1.260720798986983482e+01
1.101321876279718026e+01
1.126551292164595885e+01
1.422459649685618110e+01
1.210424183462882119e+01
1.175822243527045607e+01
1.253338731321066746e+01
1.203688112856396053e+01
1.084853110702137791e+01
1.115182346786805212e+01
1.186793440911157660e+01
1.147218023007119569e+01
1.204362599155318492e+01
9.931961491264582165e+00
8.892286643789288902e+00
8.763433137983938082e+00
9.465573785150333208e+00
1.002445719239458732e+01
7.427782511802060839e+00
1.070918081813835521e+01
1.066398756388643321e+01
1.134804354310774599e+01
6.597620751818955576e+00
7.380987203314198553e+00
7.054899106708457879e+00
8.127999675797106249e+00
8.421374457254437118e+00
1.060938391181485585e+01
1.033238576990137325e+01
9.234904316843092431e+00
8.480287612855750723e+00
1.017451697252501397e+01
9.819863930679863628e+00
9.179550459773256676e+00
6.822517051297332102e+00
7.735975295997000956e+00
5.670063611322120778e+00
6.656745283717503625e+00
8.583819499759822946e+00
9.827313525306349717e+00
9.315453576838567784e+00
1.167770526186582103e+01
9.621200004931386829e+00
7.550271071379790477e+00
8.095161779290453552e+00
7.603740629867306922e+00
8.460686665558634800e+00
6.625775916208352712e+00
8.307845749849406047e+00
9.426422242775075233e+00
1.048236369860173767e+01
9.793295941680714378e+00
9.466060580827480919e+00
9.935891747498553528e+00
8.538573766968674761e+00
8.695356282868949904e+00
9.268536011470331459e+00
6.233955154051242786e+00
8.853365671455046382e+00
8.177295034282908048e+00
9.674118386810777181e+00
1.001703226801622826e+01
1.136386870756527401e+01
1.201723807546222744e+01
1.328130946359083353e+01
1.233122222106408650e+01
1.157550334628981759e+01
1.274507793212940676e+01
1.145071369120386962e+01
1.012155717327469873e+01
6.183832346319077189e+00
6.239136519897750865e+00
8.830340286938575645e+00
8.838375194073535113e+00
8.161766164891519182e+00
1.358032520156999823e+01
1.446808894442811244e+01
1.379217361680141529e+01
1.172365187761977268e+01
1.462958253049018253e+01
1.110528908755459732e+01
1.382932971393940846e+01
1.415558115821086815e+01
1.493649736307439291e+01
1.524710421958785211e+01
1.391304064251333017e+01
1.292446034613369044e+01
1.331183753563639627e+01
1.358309234821263445e+01
1.292364205766397767e+01
1.383246840732480898e+01
1.358706571928623497e+01
1.496100407540329691e+01
1.269463197235604035e+01
1.528368590986062436e+01
1.488422979536526825e+01
1.163153879230391752e+01
7.435811343186972344e+00
1.235000116733695918e+01
1.234729062579838832e+01
1.282220189161529333e+01
1.041801104724670957e+01
1.175291595104252451e+01
1.220785660233886638e+01
1.007400512819065952e+01
1.280396167860325285e+01
1.137373780339598284e+01
1.008086298208969467e+01
1.145920683297044995e+01
1.034833866906751609e+01
1.151972022209173652e+01
1.268689939192476501e+01
1.290262136658393999e+01
1.111726216543207357e+01
1.054228244061786945e+01
1.337146324002829800e+01
1.152630281638360010e+01
7.491940257758643362e+00
1.393880652204055259e+01
1.563237540160140604e+01
1.435787644785816397e+01
1.819269076466245849e+01
9.390329912295433346e+00
1.541685514684004055e+01
7.263374914556300688e+00
1.736248268005437723e+01
1.897831573377639813e+01
1.444293371501925805e+01
1.881317717372219533e+01
1.889950116232352784e+01
1.817762411849138005e+01
1.911146293509169425e+01
1.947686377786082446e+01
1.687661941592138604e+01
1.323774226791195474e+01
1.334504308437799125e+01
9.873220950376314420e+00
1.533334902596485527e+01
1.443033205725529733e+01
1.061701992137414408e+01
1.394933326782777883e+01
1.671349300847077757e+01
1.359882874395027130e+01
1.296494254712504279e+01
7.717789222882604605e+00
1.539192959092372703e+01
8.343738720040200008e+00
1.405228725230919196e+01
9.039945069512263842e+00
1.621814705600462503e+01
9.965103116204645062e+00
1.470416734829458960e+01
1.610181979880709235e+01
1.490634320223584197e+01
9.583472139685092372e+00
1.486390936439704724e+01
1.668014418972543922e+01
1.540516273047915519e+01
1.771027454480644536e+01
1.731112714522435070e+01
1.564861492091140249e+01
1.682372746821132381e+01
1.640254972955211699e+01
1.689336510741658159e+01
1.596003382441606178e+01
1.662294694373744619e+01
1.698110188487400052e+01
1.668912047342372418e+01
6.796752260305787274e+00
1.457707460072023942e+01
1.128837829464772469e+01
1.792283484184275366e+01
1.925846438764645896e+01
1.727370607926768642e+01
1.874963053537901203e+01
1.782517335975593298e+01
1.807681617717743450e+01
1.813335442712354606e+01
1.535326185413356193e+01
9.149711702153298987e+00
7.025402077584569582e+00
1.084053133107919287e+01
7.283076624225276241e+00
1.814064052803209393e+01
1.849467914093892063e+01
1.757176941167429618e+01
1.870423875046099482e+01
1.818945041772415649e+01
1.716325271735916047e+01
1.658385891284066460e+01
1.730277502438094217e+01
9.445356063166794769e+00
9.244759422758789924e+00
7.710509372461977762e+00
8.610366798140745459e+00
9.645917610572368517e+00
1.624395321944151505e+01
1.676002783099329463e+01
8.905561808777166632e+00
9.461715647563973874e+00
1.302842444892895024e+01
1.494027388505837806e+01
1.190257004259665230e+01
1.517959295792516272e+01
1.462246646722186938e+01
1.293787578206752009e+01
1.463240142548439238e+01
1.147347047848314538e+01
1.485407713322094914e+01
7.855951137600518663e+00
1.442509111402566546e+01
1.602395525317909275e+01
1.510236097857577953e+01
1.463993827731156827e+01
1.385803046292014962e+01
1.470601521002210887e+01
1.068758602424152038e+01
1.220187083782127146e+01
1.617529520850109748e+01
1.364899362904583846e+01
1.397873514853861110e+01
1.254131521150388195e+01
1.633788929057083195e+01
1.888893258889040538e+01
1.680199479247502481e+01
6.195039131116768516e+00
1.698192524853242347e+01
1.297788822061758296e+01
1.856124796022269408e+01
1.846041243865183290e+01
1.753330227863811075e+01
1.682026278225314542e+01
1.863532408548173436e+01
1.783967517852609319e+01
1.404036551279173217e+01
4.579486437488188066e+00
1.407574802605337183e+01
1.533607476279467718e+01
1.382698796264084606e+01
1.531733607322746948e+01
8.795280644292379435e+00
1.153509213156661950e+01
1.485508910791913451e+01
1.427902459973932636e+01
1.344936571666100811e+01
1.034029609601673627e+01
1.453075783873602767e+01
1.425809233771399320e+01
1.445885223864739544e+01
1.560949959329435366e+01
1.558613927884177386e+01
1.589123438369568220e+01
1.471989762499738852e+01
1.533713589549884126e+01
1.561034488147246435e+01
1.459693832198767893e+01
1.583039188488539928e+01
1.471291378128491445e+01
1.543886500596877909e+01
1.351804835050254283e+01
1.101377866144166617e+01
1.489785071923202509e+01
5.589250612712898914e+00
1.501124715658143316e+01
1.636291507357056219e+01
1.636838133613460400e+01
1.533049665255522065e+01
1.167248680025509522e+01
7.260535195925847951e+00
8.895198830999884620e+00
6.527009737631544795e+00
8.127669884035036318e+00
1.327341548773745572e+01
1.597707718075022854e+01
1.655398391332115438e+01
1.573495347525417642e+01
9.648880260824924449e+00
1.326277653007028334e+01
1.093393969059301263e+01
1.406171146774346425e+01
1.665396435460401747e+01
1.167992549171521688e+01
1.522630595442144141e+01
9.912042205281510476e+00
8.602189595463325844e+00
1.159710999090207295e+01
9.632455862979158567e+00
8.159118776427474629e+00
1.358991628323101608e+01
1.574350737475876016e+01
9.303211693557640771e+00
1.365457904794708455e+01
1.600949930194329340e+01
1.428285184008135822e+01
1.687016577891931135e+01
1.631762203019431468e+01
1.549350634673795568e+01
1.471166792551325209e+01
1.472171319702272996e+01
1.519820017828849146e+01
8.610785423381402737e+00
8.997715950818998110e+00
1.405308974713954129e+01
6.187977140849688418e+00
1.319036080331767380e+01
1.411894037074843311e+01
1.664400765721039122e+01
1.545578860746944372e+01
6.783782566612589271e+00
1.397699191825391196e+01
1.605462833656263655e+01
1.521599536355198801e+01
1.574244142022532422e+01
1.607761198537749436e+01
1.627573312508920722e+01
1.591367486596489478e+01
1.580032743741094947e+01
1.533416782934574663e+01
1.404346295345736806e+01
1.319760593309510455e+01
1.341111599459695647e+01
1.306525076726689427e+01
1.024685803137599116e+01
1.355842818662593707e+01
1.549301956435230387e+01
1.327669462364360164e+01
1.290184293937663540e+01
1.320754431968115661e+01
1.522038026473514449e+01
1.298642256764944491e+01
1.285025505771850618e+01
1.350390137015167191e+01
1.172664619539551722e+01
1.264089803516544208e+01
1.193913620660808483e+01
1.365244878580770482e+01
1.077020332013282022e+01
1.134066872438793006e+01
1.336947836240494247e+01
1.022701210580784448e+01
1.215179872702381658e+01
1.384585429046331839e+01
1.351541313798479038e+01
1.489706885379736079e+01
1.489540260580125164e+01
1.292319789225332727e+01
1.466646184647677664e+01
1.706905626381782071e+01
1.657664366050024540e+01
1.503737755795869546e+01
1.524349402717762381e+01
1.736564227132875260e+01
1.684079238694999958e+01
1.646211769415961612e+01
1.764032612668804845e+01
1.596599141313225445e+01
1.640841938719124471e+01
1.637753405002588281e+01
1.616316931942991886e+01
1.480755198005839901e+01
1.119205017709514749e+01
1.193118136482136293e+01
1.363409611372588870e+01
1.289882420173079680e+01
1.393376559627858313e+01
1.292276777326138415e+01
1.225653975546856600e+01
1.308457934682439650e+01
1.268342330566595422e+01
1.143681697061204972e+01
1.444963877032582822e+01
1.374491067304012937e+01
1.327637459456523494e+01
1.633148056994808073e+01
1.335033324303073421e+01
1.340030759130198312e+01
1.629517250575336718e+01
1.397197568295447212e+01
1.399250648772223826e+01
1.517251785060395974e+01
1.431599355879894375e+01
1.480814309917434812e+01
1.419110117663159798e+01
1.412505827225364108e+01
1.689064819984880828e+01
1.603918899895000294e+01
1.667901781838036257e+01
1.841689310520444423e+01
1.817994365334890006e+01
1.816441301042779699e+01
1.747455185827239177e+01
1.807216480754009069e+01
1.611759458184111793e+01
1.634618693663567157e+01
1.392435894295713794e+01
1.513157902061196580e+01
1.657992015328463253e+01
1.561558902799920823e+01
1.742512783091477857e+01
1.337030531673644340e+01
1.619755653829004771e+01
1.785446293640337601e+01
1.686524946751161380e+01
1.555933568592849703e+01
1.501081407548175051e+01
1.499825745965820900e+01
1.580569607520844144e+01
1.750954021230369761e+01
1.680248101278617057e+01
1.501720415230519201e+01
1.698448102582724317e+01
1.465637862674123326e+01
1.592871205024645676e+01
1.575213795604001277e+01
1.398209087423005137e+01
1.497584661980143395e+01
1.423856248127288993e+01
1.363779564031510283e+01
1.187432920405828796e+01
9.164495584440464526e+00
1.246495721288551550e+01
1.114588366189052770e+01
8.435653294675702796e+00
1.138394430048324146e+01
8.228143336044732692e+00
1.289998937743367868e+01
1.269459983278885495e+01
1.649743334936942318e+01
1.936905823017977468e+01
1.973220548166755606e+01
2.002255785349742467e+01
1.757077552421318600e+01
1.478909867061874905e+01
1.067109533881706795e+01
6.466417884137559469e+00
6.161923616164871831e+00
2.690427278017720081e+00
8.178039139230154575e+00
5.864544115102488853e+00
-4.144938310299697837e-02
1.147744112097592861e+01
1.817591457872094907e+01
1.856059905512074693e+01
1.830956855402017425e+01
1.234225788984043781e+01
1.630971832176010849e+01
1.294242411382405322e+01
1.892367393506569329e+01
1.917821173380532684e+01
1.744881657191142921e+01
1.246597998984155709e+01
8.083303474410429956e+00
9.050959019011182605e+00
9.259003407590810752e+00
9.893186895352251042e+00
7.536390885710332554e+00
1.179541662767936572e+01
1.296447542489125304e+01
1.310293722674145656e+01
1.211236831710185058e+01
1.341997475943757578e+01
1.327663048981518301e+01
1.092988196966434700e+01
1.152959578561810616e+01
1.097634369119465703e+01
1.264419247537410129e+01
1.312279646369026231e+01
1.170513836125543961e+01
1.617585691434661044e+01
1.106434376136462383e+01
1.128916420854205427e+01
1.226104513316376909e+01
1.228070000908457082e+01
1.286621848793095069e+01
1.105500972780719415e+01
1.057040929922646377e+01
1.383159428443306638e+01
1.106344367527213279e+01
1.175195507009152429e+01
1.164006149108171506e+01
9.875423038533687858e+00
3.124121172384624057e+00
9.682398528338323374e+00
1.091187513034316936e+01
9.304868399076681840e+00
1.117192696052811840e+01
1.296968822729490611e+01
9.707749600972498172e+00
9.994062310133687177e+00
8.234309900115949432e+00
9.637864644293289373e+00
9.637415491150356672e+00
9.803436714720790590e+00
8.929217515829448004e+00
8.980871191865194447e+00
8.298540489972141998e+00
7.678458328793627885e+00
8.728933185463620958e+00
9.381537083389494214e+00
9.964955496230119891e+00
1.042140375012609255e+01
1.087945506120244232e+01
9.352340669486210345e+00
9.778544490896813102e+00
6.756121944647148325e+00
1.003900171533931918e+01
6.055839652524617200e+00
9.723236143003212817e+00
5.231703408231705765e+00
7.967326268381627052e+00
7.544335567918500907e+00
8.421751187331025790e+00
8.088917006227198669e+00
1.191901855003754918e+01
9.211677082303701525e+00
8.690030081743088886e+00
1.200855976998179386e+01
1.153634131919254280e+01
7.079520945417101530e+00
7.639193211351731350e+00
6.339296990090891981e+00
1.295359017938824309e+01
1.031617138690872615e+01
7.505849767042035658e+00
5.471654740392684069e+00
8.967426792318670792e+00
1.259992538759325775e+01
1.081805348724233795e+01
1.080519145342593923e+01
1.135834496867227017e+01
8.456261929179916592e+00
9.493366610495140634e+00
1.028297184599678005e+01
1.057494562222012746e+01
1.549030670595378645e+01
1.503181434323700927e+01
1.782980093419393697e+01
1.654144705363469825e+01
1.377300278394746869e+01
1.121013518392541286e+01
1.082618534107679764e+01
1.334774603810002169e+01
1.255533552319408130e+01
1.324831621651456004e+01
1.127455414402503742e+01
1.129147710267837290e+01
1.049038060388138582e+01
1.350516053988807030e+01
1.548969695110839773e+01
1.641770891846778468e+01
1.663782188510729299e+01
1.586355821880667882e+01
1.717290983545072436e+01
1.466904915258750464e+01
1.662241971592092327e+01
1.501938777372552103e+01
1.621957606714916622e+01
1.651455798335959457e+01
1.454362115957879098e+01
1.449188474736040888e+01
4.620391903221500840e+00
7.733443634654904031e+00
9.213288701992675911e+00
1.084660942275820972e+01
1.575157737942536329e+01
1.596598479556461569e+01
1.043889103700711729e+01
1.631186924802872085e+01
1.283138427040536911e+01
5.709511647192393013e+00
7.558963517142524680e+00
1.490088703418957294e+01
1.228539929097358829e+01
5.407492450784472382e+00
1.506880454541964198e+01
1.301352493661647713e+01
1.703324657830468070e+01
1.388135470918144065e+01
1.512186025897737274e+01
1.135452140334988513e+01
1.437233545763185916e+01
5.361808662436039263e+00
1.179214714587336488e+01
1.310151373020236676e+01
1.753052910974379586e+01
1.768967206629506705e+01
1.761457206413149734e+01
1.773423129717001956e+01
1.645302010122119896e+01
1.573012100260974755e+01
1.297945136824989021e+01
4.465655774182893722e+00
3.905148896869005348e+00
1.088587292766614745e+01
3.052685688973977740e+00
1.018095156335012064e+01
8.534201399697835200e+00
1.606460040415969814e+01
1.607764759596857473e+01
1.528440552403790242e+01
8.849818348314478555e+00
8.986832701878523011e+00
1.381103159638471745e+01
1.160522703638099351e+01
5.809104901251258113e+00
9.144081125632130380e+00
1.056247984640620352e+01
1.139560569188564898e+01
9.316326791178525468e+00
1.015442224054268294e+01
6.738349044013612676e+00
6.098453900143507411e+00
1.568656130840467711e+01
1.314787438574148837e+01
7.758068633378256251e+00
1.131255286623099465e+01
8.264602150437355021e+00
1.160344738030842926e+01
1.279110241370341328e+01
7.277789223663885920e+00
1.454919942758438545e+01
1.721743639379893054e+01
1.720055152464156834e+01
1.722191125050648708e+01
1.667584368217208990e+01
1.629538815351624592e+01
1.317186952790145327e+01
1.594570579072506256e+01
1.681170971875746289e+01
1.630811259134588909e+01
1.386866598287287999e+01
1.117577974571635657e+01
8.844093051262007066e+00
9.691006187593613319e+00
1.204886005224039280e+01
1.138113120809402190e+01
1.237299720733398090e+01
1.190093605054980230e+01
1.158195130601077771e+01
1.203822405525400541e+01
1.356599270360830722e+01
1.805185271479491860e+01
1.907519858169260374e+01
1.741617505404984456e+01
1.553169221992530424e+01
1.861888701403732327e+01
1.884193649903923529e+01
1.493384823871818590e+01
1.805276267931643019e+01
1.776412789546611037e+01
1.819287778075567275e+01
1.491157784584403956e+01
1.716404091930839826e+01
1.332882074489243962e+01
1.079652656308014436e+01
1.654652203679121314e+01
9.961388396957961078e+00
1.212714809192420873e+01
9.930622185406368985e+00
1.309725065646850339e+01
1.657795294827691635e+01
1.445276575725965884e+01
1.584388204171802528e+01
1.244996325161950068e+01
1.203772917168597090e+01
1.255511681295403292e+01
1.197222012530733082e+01
1.400888430483277780e+01
1.448726721661294015e+01
1.832862610388752245e+01
1.851959828760323390e+01
1.836608857435642150e+01
1.891471432746671510e+01
1.877026716950691565e+01
1.695959759464237848e+01
1.552565846440479902e+01
1.719941919811873987e+01
1.744004613801221382e+01
1.792911852828283159e+01
1.681050046661531638e+01
1.560359956484136035e+01
1.761485826990938364e+01
1.763511185604127718e+01
1.832577632976787996e+01
1.761254433971483380e+01
1.804170511271989241e+01
1.849391587859222241e+01
1.847687660813111776e+01
8.724058045999953492e+00
1.387565447929858564e+01
1.348438637856780353e+01
1.588692019905489161e+01
1.861097093919019585e+01
1.842031157607525316e+01
1.920494348378126404e+01
1.528144366094803530e+01
1.892965123475048017e+01
1.704886722823420087e+01
1.264555609298519911e+01
1.724168639374524759e+01
1.813957364491413671e+01
1.385449907137356007e+01
1.870227496034133452e+01
1.920961981822492959e+01
1.502474732295406312e+01
9.900708019726089049e+00
9.679119682156763105e+00
4.118863505359284360e+00
1.612093897430164446e+01
1.796585058351997333e+01
1.907176027691587805e+01
1.785160575709807418e+01
1.646047681949985986e+01
1.857362518100429583e+01
1.792766228550546970e+01
1.901494015715360320e+01
1.546454385321146141e+01
1.452952108876373316e+01
8.215820682360934768e+00
1.006120592690298210e+01
8.791268026754437415e+00
9.157440063195576130e+00
7.363362737557198834e+00
8.940789662791114978e+00
9.924488110825066656e+00
1.135073823183398645e+01
1.331873346462943530e+01
1.833362452306225165e+01
1.548399803898349703e+01
1.273869948825933207e+01
1.675486627708040288e+01
1.195412877951299890e+01
1.583514111178059913e+01
1.349317320403960707e+01
1.605482027779070719e+01
1.546357536082562767e+01
1.220320281495337866e+01
1.297769506788777960e+01
1.076127261248750422e+01
6.895807754512098597e+00
9.222719924083346399e+00
1.033025526389935322e+01
7.393212227510780110e+00
1.175031184736139700e+01
4.161869166691455568e+00
1.764994089795466792e+01
1.816822202927636098e+01
1.647434292204138018e+01
1.246592356355477982e+01
1.356565897922438424e+01
1.355198752941820750e+01
1.683490180021863480e+01
9.614060373938842829e+00
1.301869993807709491e+01
1.104538888461188151e+01
8.802675552106807189e+00
1.041797318522416127e+01
1.806479725807803760e+01
1.902484826259086503e+01
1.760838268806425688e+01
1.950828381795726685e+01
1.910516701761267910e+01
1.283929313321085175e+01
1.351318430598255738e+01
1.227287523301179206e+01
1.164605217071069454e+01
1.224580497629729869e+01
1.029110164875418221e+01
1.663135116738433439e+01
1.212263419112938223e+01
1.273239353820865283e+01
1.656219547420078797e+01
1.238900213039755016e+01
1.212842268555150937e+01
1.288599126567975439e+01
1.349884120727195658e+01
1.291888050738527483e+01
1.309309233287363483e+01
1.367482817647646165e+01
1.553926535455076774e+01
1.343024620970806282e+01
1.694523709789008592e+01
1.541037857027154345e+01
1.704622547146833611e+01
1.745241769750631633e+01
1.423324822740080542e+01
1.197102608893347053e+01
1.413942753947517872e+01
1.393925418309697406e+01
1.634033826978044246e+01
1.250153871822626428e+01
1.374158650282148031e+01
1.378548960142807367e+01
1.560360560102184024e+01
1.724125566892856654e+01
1.562870925762740981e+01
1.505144580538310350e+01
1.309257585309967098e+01
1.650559672121600130e+01
1.594668920035954329e+01
1.717986395209014461e+01
1.766077038926998455e+01
1.661078684813324813e+01
1.566399580155013993e+01
1.452868429883156232e+01
1.121028948451310114e+01
1.579660338573158640e+01
1.571553174130656494e+01
1.292513208348508513e+01
9.386600042143186329e+00
1.334754465750974006e+01
1.551934763074274315e+01
1.607407366670974724e+01
1.010565538182422962e+01
1.464629940523128226e+01
1.332639276200684186e+01
1.686099524203000044e+01
1.810706997398181883e+01
1.888230012968532989e+01
1.881988067600887504e+01
1.744321077592093516e+01
1.756607554633146506e+01
1.347520253045126282e+01
1.707657592915128220e+01
1.225011998368005806e+01
1.296193149751803730e+01
1.565069198042009013e+01
8.186444471636132647e+00
3.169090260796324721e+00
1.521306501714957626e+01
1.999626447895405690e+01
1.688726656251137470e+01
1.603911306296189565e+01
1.986961352070872522e+01
1.803347395339282855e+01
1.974469493949604981e+01
2.004698163135252997e+01
1.925183853431471093e+01
1.897797144513686973e+01
1.265050761010256863e+01
5.647616869486852487e+00
1.315208979152937374e+01
1.123486608837001022e+01
1.222239650966438340e+01
1.154939820814531792e+01
8.657874665122806235e+00
1.018744308628104989e+01
1.077750217564130253e+01
7.973901218364618515e+00
8.092966660597014084e+00
1.463739163493908535e+01
9.697125147048708982e+00
1.059933074979413625e+01
1.008175898575707841e+01
1.124043134501281216e+01
8.533938394096550084e+00
1.472553567598061974e+01
1.602438835563432562e+01
1.544676933276165443e+01
8.674254417753864743e+00
9.117808365078888144e+00
8.799883792601159271e+00
9.202735016966295589e+00
9.038936479739227536e+00
9.155000843335109550e+00
1.122150804158204274e+01
8.730604967495072088e+00
1.226344279636853507e+01
1.232293177114882354e+01
1.132855385261949266e+01
5.895699000061402906e+00
9.383260352116156611e+00
1.130131489584531934e+01
1.010245268127213691e+01
6.971405650755952976e+00
9.325359414542690573e+00
1.065458144024128195e+01
1.109139375742714506e+01
8.786479424612672062e+00
1.090246446873489639e+01
9.044568618217668998e+00
1.086713017384881574e+01
1.118624307643744231e+01
1.083619829936042933e+01
1.941151548843696162e+01
1.644284635086293278e+01
1.808789990860466190e+01
1.856511369140890366e+01
1.453177968116330021e+01
1.946511875944494108e+01
2.386426474949785614e+01
2.375652799673069993e+01
2.430234427128798913e+01
2.399330740293925857e+01
1.873112138086826306e+01
2.155362459483981041e+01
2.416250064734162351e+01
2.485624037909101958e+01
2.358970814083904344e+01
2.252629717277903154e+01
2.334819659563925853e+01
2.330143999297279223e+01
2.175497391083428766e+01
2.006375414157767878e+01
1.557616014272676708e+01
1.501377848083388855e+01
1.783411052932586927e+01
1.571925679976084567e+01
1.789217652653286450e+01
2.341386310411365912e+01
2.517141908358483704e+01
2.535250823660850017e+01
2.495872155131436543e+01
2.423054879076260448e+01
2.530520834158830468e+01
2.562052418874282722e+01
2.547187711545823774e+01
2.505502817812044114e+01
2.492774221066608931e+01
2.460929135529817557e+01
2.496441833072813665e+01
2.440299226220442463e+01
1.951403506093770801e+01
1.476414913399490558e+01
1.691730495304115678e+01
2.087355630183311916e+01
2.535122260778499026e+01
2.553920832894635140e+01
2.360664551897250618e+01
2.531020421687312805e+01
2.506595136718109629e+01
2.549414537837693118e+01
1.515975826820202954e+01
2.244004477122492602e+01
2.551097077951103742e+01
2.264137962359509970e+01
2.575372746856222861e+01
2.142100716680223726e+01
2.468774189050979473e+01
2.124621338834538165e+01
2.473019733784986940e+01
2.550695433106396237e+01
2.514547494880433831e+01
2.475538646662106856e+01
2.165415517819617364e+01
2.105815743988326005e+01
1.234713030023714531e+01
1.819544283060406187e+01
1.152494272908709760e+01
1.920691215655227069e+01
9.752849041676723729e+00
1.687135807795871045e+01
1.159872022303840744e+01
1.006413686619667303e+01
1.179920756394266590e+01
1.511932575940455337e+01
2.338600897513180854e+01
2.596252059681929936e+01
2.127488094905132598e+01
1.767027241331427234e+01
1.859989595861987866e+01
8.137000049174620386e+00
1.822594265684965364e+01
7.858732154592580343e+00
1.500996092531465109e+01
1.681901986939616833e+01
1.024744177188093275e+01
1.851855662619943033e+01
9.462758560555302623e+00
1.210912983729070191e+01
1.497467042513214253e+01
1.777936449669932983e+01
2.197615802455295153e+01
2.395647474471436311e+01
2.478565530037899833e+01
2.476863730065947422e+01
2.516473180964680623e+01
2.230596931398039473e+01
2.397782021996945545e+01
2.371080290725052109e+01
2.529260622718283003e+01
2.420489632186523465e+01
2.157554082481757263e+01
2.374450304145594970e+01
1.814810288472111566e+01
2.470831282637991322e+01
2.413781691971323795e+01
2.174980257421592000e+01
2.443468524020581611e+01
2.412343559809487559e+01
2.451215268884922338e+01
2.264618937818635658e+01
1.592562482732210682e+01
1.272597001458308341e+01
1.974952060595011716e+01
2.316263750726404425e+01
2.134092307609314432e+01
2.109015942926859566e+01
2.306351811787184758e+01
2.214040265916407790e+01
2.396097499994667501e+01
2.127302989056332194e+01
1.512439472931490059e+01
1.717937699158080278e+01
1.544925802423856709e+01
1.895364327203262889e+01
2.055464863985603330e+01
1.572806932267296531e+01
2.091072981345706694e+01
1.718775089375883525e+01
1.848258967068380443e+01
1.436099418348760182e+01
1.576291289548690067e+01
1.878869058200639941e+01
2.311435343663242037e+01
2.152313292335575667e+01
2.263896509915360511e+01
2.272355284119597840e+01
1.718836520755953856e+01
1.491440476700306306e+01
1.595895484227824390e+01
1.635809701899914614e+01
1.811499455814428217e+01
1.361597488839511172e+01
1.854467315057172527e+01
1.375535770850587802e+01
1.237165928300304429e+01
1.272549791181101853e+01
2.125117729841876724e+01
2.017205449038890919e+01
1.406114925398569682e+01
1.631333609952327635e+01
1.197887970392361723e+01
1.165350388628011302e+01
1.469339977620900939e+01
1.701744645357091912e+01
9.298377598741208061e+00
1.157688852494363196e+01
1.091382201766675664e+01
2.426078200790773565e+01
2.015240519156719046e+01
8.312440596515820346e+00
1.998416175160406993e+01
1.848407419578078503e+01
1.550156063784568161e+01
2.075529528300950943e+01
2.357692635523314806e+01
2.412775138315861057e+01
2.317444384726562845e+01
1.994469340025263904e+01
2.041576332778070224e+01
2.520126281725382000e+01
2.365439133832650143e+01
2.466879689413946153e+01
2.455005534754587870e+01
2.086317636759842387e+01
1.695842700353338373e+01
1.612583312423335258e+01
1.440687479296740392e+01
1.589995903260543741e+01
2.059841293158727993e+01
1.962140010136173984e+01
2.308952107680238441e+01
2.314236365578598509e+01
2.217163341607132665e+01
2.338581657839558403e+01
2.390941281677712738e+01
2.298376055281968888e+01
2.222652150050506492e+01
2.308156837367297243e+01
2.304118657054126373e+01
2.309806061555989487e+01
2.291191281608513819e+01
2.071882656482993212e+01
1.747247080400485686e+01
2.270800458249432552e+01
2.298680978931137631e+01
2.388821121011610416e+01
2.306998694342103562e+01
2.248170263459318008e+01
1.664186141921953421e+01
1.942366040819703699e+01
2.198241673717342337e+01
2.054543309839754883e+01
2.114247145878564638e+01
2.009473529756087729e+01
2.419436757861211262e+01
2.265535009393241950e+01
1.641895192312880525e+01
1.917868769910117877e+01
2.192857961993837179e+01
2.243054945900854591e+01
2.359164838147361820e+01
2.195386727112081715e+01
1.572108754064723257e+01
1.698400379482666622e+01
1.920031281342308915e+01
2.365339880033249997e+01
2.128473890040343974e+01
2.340251118707479705e+01
1.826257161041791122e+01
2.154623462044749971e+01
1.897982869742549283e+01
1.890750572612875047e+01
2.034650347204856757e+01
2.220793393781314506e+01
2.268803822228226963e+01
1.681097785167706604e+01
2.071540133554949037e+01
1.611127698826734900e+01
1.398847113561931010e+01
1.800167976442547513e+01
1.392489145358390701e+01
1.509372371798932733e+01
2.083669713631755016e+01
1.894585253630128818e+01
1.429163546805952123e+01
2.001111535141045294e+01
1.423070467067163136e+01
1.989450179279539199e+01
2.096163880208338881e+01
1.608795545913344682e+01
1.886607679699725182e+01
1.627517962358101400e+01
1.606119959644711059e+01
1.631197641798583930e+01
1.624091091813522780e+01
1.964761935868907727e+01
2.061417973538158321e+01
2.028138094840095462e+01
2.121356663044850066e+01
2.218170249195116739e+01
1.977085812878620530e+01
2.209657122884832958e+01
1.797880067504852519e+01
1.886178600950496786e+01
1.759578382272957242e+01
1.792153801868540697e+01
1.871032867050546855e+01
1.792368264826346547e+01
1.826238143094602862e+01
1.957569501889864583e+01
1.899859410304458507e+01
1.706813911886372637e+01
1.890806318778172823e+01
1.971266262977350081e+01
1.930055460944695156e+01
1.857325005401688500e+01
1.968702073050427259e+01
1.920391623659383740e+01
2.235822839443776644e+01
1.926867296314762257e+01
1.722411452233225404e+01
2.124625248256293375e+01
1.855354039874818994e+01
2.174572202867202009e+01
2.448420679453180071e+01
2.437747657259161116e+01
2.051719459109651211e+01
2.191440927914917580e+01
2.457936359039485907e+01
2.349560215615978720e+01
1.941534186690864772e+01
1.469278001928106825e+01
2.085199869273091977e+01
1.771578198780636626e+01
2.117247240585048118e+01
1.940846476436943391e+01
2.060221434364946447e+01
1.969033048404160979e+01
2.017509791469279534e+01
2.112862768411698156e+01
2.066687164626723927e+01
2.197881306407040825e+01
2.004021703309242497e+01
1.942493090708478931e+01
1.897899004355578612e+01
2.158792856161793594e+01
1.916171605009838075e+01
2.017449284153661893e+01
2.021908809930035389e+01
1.986401849851998591e+01
1.763432554127179230e+01
2.076766882833227612e+01
1.962915953760830945e+01
1.751344383332913068e+01
2.037841209624097871e+01
1.715471562955442408e+01
2.103087126901233717e+01
2.265854505506782601e+01
2.093669388916907081e+01
1.933397560271773585e+01
2.278758173149349275e+01
1.859699297167104959e+01
2.199406891967814914e+01
2.297923015779737455e+01
2.174570690416632601e+01
1.934649752703943193e+01
1.852065807492177285e+01
1.722066491788012144e+01
1.857305648749144211e+01
2.011960018481595469e+01
1.766275093650202166e+01
1.848005977461773597e+01
1.868748023793958168e+01
2.042687069934058286e+01
1.744289041098623727e+01
1.695854717874964024e+01
1.659381716914113269e+01
2.135641694864194662e+01
1.715408056586170815e+01
1.636633971891579264e+01
1.905588178869854232e+01
2.162080961257110800e+01
2.168828082977748295e+01
1.916510521470258510e+01
1.825367458209132110e+01
1.847625287568480701e+01
1.942020647145138668e+01
1.645746137699149969e+01
1.774172081990062111e+01
1.804591717090438507e+01
1.613212659933632409e+01
1.635883074412903326e+01
1.831729949189668716e+01
1.346225151725237090e+01
2.129287432447189232e+01
2.342387372262441758e+01
2.275572236335304410e+01
2.336781961066649416e+01
2.332199464126294686e+01
2.300781055482667625e+01
2.262775110423909197e+01
2.238000577013464110e+01
2.032640063664436170e+01
1.149334927679204021e+01
1.594659381963810674e+01
1.784123196700835123e+01
8.922699564507595937e+00
9.900804527792212539e+00
7.234431762573167113e+00
8.899693540328145858e+00
1.465279327912918461e+01
1.788519029910476377e+01
8.658587485763479918e+00
1.026831198530792832e+01
1.857170617640198884e+01
1.703276022203373685e+01
2.232480294909792207e+01
2.119053448202944168e+01
1.253985299562850209e+01
2.154810645282339010e+01
1.931742114275324695e+01
1.910611339259137864e+01
1.624240151119217401e+01
1.952396433431983525e+01
2.200979072501492695e+01
2.146028311023721358e+01
2.054337140337448275e+01
1.971175757675764117e+01
1.840473002537046909e+01
2.134582849557492779e+01
2.115553094475629337e+01
2.181745201233252018e+01
1.556005916427612235e+01
2.256242214623640052e+01
1.635144944745048434e+01
2.101367410204947106e+01
1.760299252379575563e+01
1.826906137896667559e+01
1.536153179778965772e+01
2.187055681208395441e+01
2.149681528187662138e+01
2.204232267337384954e+01
2.161184141439946416e+01
2.126643075881622025e+01
2.054848680417769202e+01
1.425338689399181291e+01
1.964648732056808811e+01
2.090483515018274119e+01
1.966555653523642277e+01
1.624322934260124640e+01
2.050314837297142390e+01
1.759333008220955819e+01
1.899853730840569099e+01
1.637810304825424623e+01
1.957253018901183950e+01
1.832921601827731450e+01
1.702972418941386934e+01
1.894987031469140248e+01
2.108325952107862022e+01
2.291898164148561179e+01
2.100521208029001485e+01
1.800239408316373613e+01
2.250422762858128323e+01
1.856054609770797370e+01
1.794314161822361342e+01
1.636667322932858681e+01
1.447761786347279056e+01
1.617036073423821563e+01
1.313733172251285097e+01
1.763683353180959301e+01
1.587619372188252065e+01
1.708403265452111697e+01
1.536165302707403768e+01
1.414648189089054142e+01
1.782566914046251938e+01
1.729986849810727989e+01
1.528519729386283288e+01
1.570064541165448802e+01
1.566287058988602254e+01
1.416650601816514587e+01
1.155603262058830083e+01
1.656565602021837691e+01
1.343147469819241202e+01
1.164064919781978169e+01
1.253572378613350935e+01
1.355029030636827514e+01
1.648241285001000733e+01
1.034388863364983813e+01
1.571065758925452371e+01
1.491315453754090115e+01
1.583684306474330938e+01
1.497383584650060939e+01
1.468082162861147388e+01
1.710057005580912559e+01
1.759774900793318153e+01
1.810793634244353711e+01
1.752649099090751506e+01
1.954546345511293381e+01
1.694171155216835700e+01
1.865066590176232353e+01
1.879133667553549714e+01
1.500019908316476425e+01
1.533011162597550125e+01
1.937460922494663151e+01
2.032277567668132079e+01
1.994797861476793344e+01
2.051699818606024195e+01
1.968063499726853038e+01
1.487597932065890660e+01
1.827076781684514017e+01
1.877949399824846566e+01
2.355937686418293708e+01
2.413685964511177673e+01
2.178361326837655909e+01
2.434844733003724926e+01
2.507831555265870094e+01
2.427964219156807957e+01
2.093327839927993850e+01
1.572473620897975977e+01
1.659340712721515132e+01
1.485891968768262572e+01
1.765574209195475675e+01
1.564843772181014891e+01
1.464098110091732252e+01
1.772274930125987780e+01
1.313853486801493453e+01
1.583588848670929750e+01
1.623875407913321567e+01
2.173569648497313622e+01
2.079519444298198039e+01
1.714560673310268868e+01
1.969663794899431508e+01
1.832172620555689235e+01
1.851775454038875424e+01
1.725124405292370255e+01
1.815849594523609767e+01
1.825359156378707226e+01
1.909614564695326067e+01
1.809297216500759120e+01
2.018605008901882769e+01
2.032382327746042705e+01
1.986107436033507057e+01
2.033473091821269563e+01
1.945212648880532313e+01
1.761872274697939389e+01
1.768480603110671368e+01
1.918426878145321623e+01
1.960108982390821808e+01
1.870617946984119229e+01
1.926942997202409558e+01
1.963451426226338015e+01
1.899042446405740492e+01
1.780230445734086686e+01
1.707146375030746199e+01
1.855455565324873390e+01
1.691486455161029312e+01
1.699711226880478065e+01
2.215839304600123327e+01
2.158849976423867645e+01
1.789942003702672224e+01
1.922498994007457540e+01
1.985722617252397271e+01
2.290243917599298484e+01
2.348895963440009282e+01
2.127521504788257189e+01
2.410859209991919627e+01
2.050052620424366623e+01
2.146554554284210070e+01
2.101265052058980487e+01
2.133939480853366177e+01
2.408957766346744478e+01
2.356004734764507802e+01
2.010010672215166494e+01
1.558232976637340528e+01
1.965741295275704204e+01
1.508523047952385632e+01
2.431749396246981476e+01
1.788627040244548283e+01
2.136980284125232288e+01
2.260475197826055549e+01
2.133827751981039356e+01
2.199215255503224498e+01
2.162833371998320331e+01
1.493686512633053809e+01
1.530489584968588090e+01
1.512724132447855396e+01
2.358590032373401257e+01
2.522376183709962660e+01
2.561870121228157515e+01
2.582862392529914786e+01
2.531979971484716430e+01
2.560762978453946914e+01
2.101689941342765167e+01
1.669612415979963416e+01
1.770656628590023729e+01
1.874498823618963428e+01
2.322973662255546401e+01
1.972151966966238490e+01
2.187751302715917134e+01
2.030785081549506899e+01
2.102915560967681330e+01
2.192979719531138727e+01
2.252142347293958125e+01
2.057677999052306461e+01
2.402413324342379042e+01
1.563446340068807316e+01
2.051312472423019528e+01
2.339309916051390559e+01
2.339356040214183707e+01
2.231200176429727478e+01
2.311911903221178122e+01
1.851540247510522974e+01
1.501857155414074896e+01
1.591523485955776707e+01
1.603156221580015028e+01
1.716569179486966590e+01
2.037601851034889933e+01
2.073857601301618558e+01
2.069034555704073242e+01
2.195913348713336433e+01
2.078836644432720249e+01
2.256495878004109557e+01
2.249076181734816160e+01
2.088143429063496015e+01
2.263720056843174433e+01
2.072746004635764194e+01
2.041849305575786033e+01
2.082221116413494499e+01
1.342667091221917275e+01
1.729227669353886654e+01
1.948879735341231267e+01
2.454588607881967022e+01
2.520073865705995431e+01
2.557845614943695978e+01
2.548147079877778509e+01
1.956717732464709769e+01
1.919242484331818588e+01
2.488480252082290178e+01
2.372384718815292359e+01
1.931765836663183222e+01
2.149261048594757284e+01
1.573525821114316514e+01
2.230151009168012166e+01
2.118096464725601891e+01
2.222301049506472737e+01
2.012893456107226697e+01
2.374103952207651247e+01
2.300522418902617261e+01
1.810631821992757295e+01
1.795252861940826961e+01
2.301008474254926739e+01
2.100925069382245169e+01
2.337171651105990122e+01
2.136516871557984842e+01
1.721260334771055511e+01
1.934776265245595539e+01
1.901778787404143500e+01
1.629454381881586045e+01
1.764429017831489688e+01
1.822057784185968998e+01
1.799838301185878819e+01
1.922346054082819222e+01
1.609834081657794513e+01
1.577339205921289533e+01
2.563009748619579753e+01
1.495765193221517819e+01
2.204125289919582897e+01
1.759422119883212332e+01
1.577046841284068357e+01
1.547512258926267847e+01
2.001910539357867691e+01
1.393385889362705576e+01
2.495817864338224368e+01
2.165130757689875907e+01
2.467207210278882812e+01
2.691837506011008685e+01
2.771290778661610332e+01
2.738523885636178790e+01
2.686561256798082198e+01
1.789097521927688206e+01
1.575042095851647161e+01
1.614098167454431021e+01
1.973775028739593651e+01
1.954506744982116473e+01
2.542594717648368530e+01
2.689212018923931424e+01
2.646029541523810025e+01
2.647740289549176751e+01
2.420160745761048204e+01
1.874711221582958842e+01
2.046739802777118555e+01
2.456424252634643679e+01
2.025553452171101299e+01
2.693974634316474237e+01
2.683798230163548126e+01
2.717887024367727022e+01
2.576065659570815214e+01
2.730183428025917536e+01
2.594175925180589104e+01
2.631101109105019376e+01
2.608250432168043176e+01
2.725216971863860493e+01
2.673176765671600208e+01
2.724756359755830104e+01
2.502225040787399024e+01
1.873590768256608285e+01
2.079687881234861635e+01
2.369843467736848908e+01
2.494527335417329184e+01
2.617591719457955080e+01
2.594515446035975614e+01
2.150365870885839215e+01
2.055741459167220597e+01
2.381795577062682767e+01
2.268475731928635852e+01
2.049823466293986840e+01
2.142377507814676818e+01
1.746877078573427866e+01
2.425769332694901692e+01
2.644259019323165916e+01
2.451468836198255019e+01
2.731331126929313768e+01
2.592394464163505319e+01
2.851772582191646066e+01
2.380285399987823070e+01
2.835640375141517922e+01
2.781689506279417401e+01
2.235249435011071029e+01
2.380821796250865319e+01
2.214004792589753379e+01
2.462298157774146645e+01
2.610951716551265989e+01
2.451248630861164912e+01
2.463782226229452021e+01
2.454419637996196357e+01
2.224655634630968137e+01
2.742668613287039392e+01
2.364065883103687682e+01
2.548829324668428953e+01
2.635603203583657717e+01
2.629651424600190524e+01
2.546678868207329316e+01
2.587323026495978340e+01
2.601728865327616802e+01
2.659256782556681742e+01
2.320694512675173016e+01
2.703619322709962347e+01
2.474279746917305900e+01
2.609924301457245832e+01
2.759422808200561761e+01
2.675777228667860896e+01
2.756849457722493568e+01
2.662832555296498072e+01
2.560335341148107702e+01
2.566818952775479445e+01
2.516949986484215884e+01
2.632190519899938153e+01
2.372093966073351012e+01
2.380436161376472626e+01
2.347135434289482347e+01
2.380803558424144128e+01
2.558803759827778634e+01
2.493037845992477131e+01
2.220476922765137218e+01
2.189073699001717088e+01
2.458682735610042869e+01
2.443199878587785534e+01
2.560875234551724944e+01
2.511821289483069108e+01
2.302860580666844470e+01
2.536210712716841087e+01
2.213242265948079179e+01
2.180467973410878102e+01
2.462439561635515872e+01
1.809368908814686350e+01
2.053831845705528281e+01
2.264422169012157582e+01
2.241087366667096958e+01
2.157345289262636356e+01
2.823687017107724984e+01
2.193268025435816782e+01
2.408724827466217988e+01
2.295353153638150445e+01
2.267184434588772035e+01
2.095868343439816073e+01
2.065454675364856740e+01
1.963776447897328836e+01
1.944436958793737702e+01
1.622110751351694091e+01
1.504743456161137871e+01
1.419140083490887960e+01
2.248037084169437705e+01
2.088181630470595707e+01
1.808603162862272740e+01
2.313710574129225961e+01
1.658084965025724244e+01
1.631269153764825575e+01
1.993768418335936587e+01
2.200568327910454514e+01
2.254960416535206846e+01
2.150180908719446649e+01
2.131986391968383288e+01
2.254112639011524521e+01
2.315780887660966414e+01
1.902874653760049029e+01
2.225793705895006980e+01
2.090928442171413337e+01
2.011641868835001645e+01
2.374052644292764569e+01
2.159339417160454744e+01
2.099649882441226723e+01
2.207421984081634747e+01
1.942821613894247434e+01
2.121574988695691033e+01
1.917237649974178737e+01
1.868876635941614239e+01
2.202631514894645903e+01
2.309323801446383584e+01
2.047460415258296607e+01
2.088239528365976483e+01
2.631908491412620421e+01
2.903047361874993015e+01
2.635931099258839083e+01
2.774457232135714690e+01
2.505415022923969559e+01
2.802107634193090746e+01
2.726694033723101285e+01
2.511947284338475939e+01
1.994567633133320328e+01
2.641509063683539082e+01
2.584304266811052742e+01
2.535706813696775086e+01
2.730882990356552398e+01
2.748851930008850886e+01
2.770234687986896915e+01
2.703577299368060594e+01
2.048248156913486895e+01
2.622181567170569139e+01
2.574487689444144323e+01
2.902768599432695140e+01
2.752474844399127107e+01
2.944508773768902898e+01
2.816835251352568292e+01
2.914577118461733818e+01
2.865074347456112136e+01
2.903827085243948147e+01
2.765414098792165731e+01
2.562891312859301607e+01
2.044800754052463176e+01
2.076622202891898183e+01
2.375499630968857190e+01
2.274021167557449630e+01
2.285647734694971689e+01
2.423410401247903678e+01
2.369532137978119835e+01
2.197656777507561543e+01
2.109734596225614922e+01
1.960232089676059886e+01
2.361828301035474809e+01
1.777117132526416654e+01
2.010889630392032501e+01
2.411177828562991365e+01
2.673122909717143614e+01
2.792004584568099190e+01
2.959554057297594198e+01
2.732037634520452585e+01
2.730215592235592936e+01
2.779959218329864257e+01
2.460333825355809978e+01
2.717082816623640440e+01
2.550940593684956781e+01
1.780785772011696366e+01
2.362184335918444589e+01
2.674793005939985591e+01
2.257164241695506490e+01
1.887384719400369448e+01
2.659852361544451327e+01
2.389912990261497328e+01
1.754779975444791873e+01
1.835020668730536286e+01
2.568283331163721783e+01
1.676216906001164375e+01
2.056567541649562969e+01
1.959947868490699818e+01
2.240553587016634296e+01
2.721423206679952500e+01
2.838798878095997225e+01
2.780800746458920614e+01
2.885325469822502953e+01
2.825683492156519350e+01
2.824150471017259889e+01
2.866319985446455121e+01
2.640577556051884045e+01
1.993402838224552909e+01
2.490344434748134006e+01
2.044046091732490211e+01
2.129206724918172711e+01
2.775507859902070251e+01
2.855309726334921550e+01
2.596408346583538673e+01
2.733261052787860024e+01
2.514787913809091435e+01
2.327437993403528438e+01
2.164640911887236285e+01
2.618240614465960192e+01
2.677668963442642536e+01
2.295896680815219781e+01
2.040329339642680395e+01
2.569549170929200343e+01
2.054699045195060592e+01
2.636270507472795543e+01
2.655233085456346842e+01
2.112585699135321704e+01
2.220503411134079030e+01
2.207487794145378857e+01
2.484034243837609779e+01
2.060923427282810749e+01
2.494914487450254370e+01
2.197245970597663955e+01
2.258269494134377453e+01
2.364737001199678446e+01
2.091839760253260039e+01
2.489768459928651723e+01
2.357467327196268769e+01
2.332114573913121092e+01
2.233372268457070220e+01
2.083042339797241027e+01
2.381277749894635321e+01
2.052234506226090716e+01
2.308435391249313184e+01
2.325281786140002893e+01
2.370422626551527401e+01
2.300297417767932373e+01
2.113316042084809609e+01
2.179011568390812315e+01
2.478085227843649818e+01
2.078630837526532815e+01
2.782740824505906119e+01
2.064772865445167938e+01
2.631283377836480142e+01
1.706834636611235823e+01
2.124043677725349255e+01
1.922468557884157292e+01
1.797656063536076942e+01
1.857510538466897643e+01
2.236200236472601688e+01
1.914142566844908444e+01
2.194244023382779574e+01
2.346566939041107247e+01
2.418595921800941184e+01
1.940720266202286126e+01
2.469425216797748845e+01
2.745518506076062693e+01
2.139964798842008875e+01
1.924934082211149189e+01
1.541468034611254012e+01
2.121504845298323261e+01
2.163185393716170779e+01
1.767121684573409368e+01
2.188187198602715000e+01
2.524889389455080035e+01
2.067409554682882344e+01
2.173369330676927191e+01
1.745988112628782574e+01
2.006151759574176552e+01
2.057860425479741551e+01
2.047791393565908891e+01
1.618379194445152081e+01
1.900120543852451505e+01
2.052922256562460390e+01
2.105876673316417680e+01
2.350981243555180811e+01
2.343880553591332827e+01
2.204540769126592892e+01
2.061975903938914456e+01
2.272955042403528836e+01
1.877953164763024674e+01
2.704531275062393902e+01
2.510083672629664875e+01
1.953228332862765626e+01
2.238763965539279255e+01
2.415294755444501007e+01
2.530701388743027636e+01
1.990597897413269735e+01
2.495485326324841679e+01
2.178362137113186137e+01
2.357818639661272186e+01
2.126053874132560395e+01
2.623219956609417736e+01
2.895877804541694545e+01
2.743211094283484996e+01
2.251124507016693599e+01
1.910493216878262501e+01
2.123125691266731963e+01
2.321944214295967868e+01
2.498111598690650936e+01
1.998210217504765751e+01
2.333137584031401701e+01
2.743247393099121467e+01
2.788571363532133773e+01
2.195191086697461103e+01
2.259006582810298980e+01
2.484843450376122220e+01
2.785681639896788653e+01
2.609221564733152121e+01
2.866805044707933092e+01
2.644299533182632089e+01
2.842251160085609030e+01
2.736152168431303622e+01
2.780190711860395680e+01
2.675840525123955516e+01
2.734431523755052496e+01
2.720844373627120660e+01
2.557566955674781184e+01
2.577309757828653147e+01
2.383152024572845562e+01
2.731264042736155773e+01
2.263848637609314451e+01
2.604652014703059493e+01
2.095013899650242450e+01
2.546056670894422780e+01
2.566228336550253886e+01
2.725833598294375193e+01
2.655770652447558078e+01
2.568826643828725764e+01
2.314328590182043754e+01
2.645552798867464972e+01
2.763817526208810449e+01
2.034547109686461397e+01
2.405541471380514196e+01
2.394648940263918035e+01
2.611092942499268688e+01
2.412985558385859619e+01
2.495122565305976181e+01
2.353442410816722941e+01
2.509561661353554030e+01
2.426806956553033601e+01
2.480998246787699202e+01
2.218143696733793035e+01
2.071825222226796370e+01
2.496842018255027185e+01
2.249880146911778311e+01
2.366959353162968327e+01
1.821507005792049583e+01
1.847406739938960740e+01
1.986214350031290010e+01
2.140153817534612202e+01
2.168429343148860511e+01
1.885346548182481996e+01
2.385180464065279438e+01
2.197289701371047954e+01
1.848040037522325463e+01
1.757207846800089257e+01
1.988763244756433579e+01
2.182168688218036223e+01
2.296358574657762119e+01
2.173645728404458666e+01
2.088550521950380556e+01
2.016932490981944426e+01
2.189854014677565885e+01
2.352210318367026787e+01
2.022320727950064168e+01
2.606836824455935897e+01
2.598413834503791975e+01
2.682946247713252319e+01
2.193956800446708044e+01
2.652331203477331911e+01
2.695731024883286508e+01
1.866449863850061774e+01
2.161926431193601417e+01
1.969776324975045867e+01
2.308804137919521082e+01
1.910411260736855610e+01
2.542048297424745584e+01
2.564705738659017698e+01
2.308063244534374192e+01
2.294869602197346481e+01
2.593889425164203288e+01
2.301998439914950012e+01
2.660428216280516978e+01
2.649509435840961658e+01
2.677534118718467226e+01
2.601367791287325204e+01
2.353007409198219335e+01
2.266702319188012993e+01
2.541005130182870175e+01
2.702969614597978776e+01
2.599629382937556699e+01
2.630754098691335585e+01
2.819183441049301209e+01
2.729418789325121963e+01
2.715374442748186112e+01
2.428321455705419396e+01
1.986654801527094705e+01
1.950714755823037194e+01
2.093963997711816916e+01
2.254748388456676267e+01
2.246817232673739539e+01
2.214321582363414365e+01
2.354120454250926997e+01
2.882043768200608369e+01
2.720206007463197295e+01
2.946009004055165548e+01
2.812327477057035452e+01
2.836182943565085424e+01
2.913734722483770767e+01
2.823704784788464650e+01
2.249424296404709978e+01
2.823052538597053385e+01
2.841906050224565305e+01
2.404415602033326493e+01
2.630318020349444197e+01
2.474470960580837797e+01
2.855731769756862093e+01
2.124615283423455381e+01
2.678064527970471786e+01
2.757661431131545271e+01
2.621234267270561702e+01
2.667239631141723777e+01
2.584768235057732966e+01
2.529725159113184318e+01
2.670555657607040700e+01
2.505259852298426537e+01
2.621349368700634841e+01
2.428270623366758585e+01
2.708340435585357397e+01
2.660963587228099314e+01
2.735378979012794787e+01
2.671512706628316280e+01
2.528940400081951978e+01
2.688322465982386333e+01
2.439089998308630669e+01
2.659710709560942021e+01
2.751199423981181269e+01
2.723829978774078953e+01
2.873745246727898106e+01
2.606228897209636841e+01
2.526467983666078609e+01
2.480371598511269582e+01
2.529150646803225300e+01
2.412080165389973985e+01
2.208604594464931736e+01
2.340482738750914038e+01
2.586267058709804445e+01
2.371752682016932923e+01
2.932251751702375842e+01
2.853790336238518321e+01
2.439894679653918530e+01
2.319473248695739187e+01
1.687191608504676665e+01
2.288260643890073709e+01
2.396751925813476092e+01
2.443372867712798069e+01
2.788030548224928040e+01
2.988866198905560267e+01
2.992533075493341954e+01
3.012763665797142210e+01
2.952093772047351905e+01
3.020664804756322397e+01
2.950318272130016339e+01
2.985088918154555415e+01
2.764324567267292920e+01
2.025028511495129280e+01
2.860155232155678107e+01
2.877138676336261724e+01
2.966674531560506978e+01
2.831172265695496293e+01
2.493837252211871203e+01
2.821572762890927066e+01
1.948753978609874338e+01
1.971598779908186572e+01
2.110057546255131200e+01
2.193251372094016105e+01
2.148357522660387531e+01
2.936068496062558708e+01
2.301253699613604908e+01
2.911647243383958994e+01
3.006845883771141459e+01
2.663764327956491940e+01
3.026992693948654889e+01
2.946423037436859715e+01
2.818917063177099180e+01
3.040741914098330412e+01
2.658187586833760463e+01
2.430690775802280967e+01
2.868081149876407210e+01
2.327200451311041718e+01
1.419488645043226072e+01
2.003654807078626021e+01
1.900299856642706331e+01
2.166646407938964458e+01
2.355459034174620214e+01
1.788388871835943306e+01
2.636924467285347262e+01
1.954952510359852980e+01
2.210387186009579352e+01
1.975493441634809955e+01
1.989143169445152637e+01
2.217396637336003096e+01
2.145699674598666462e+01
2.101882795151491123e+01
1.958117950663709905e+01
1.956546825105341014e+01
1.918591045189395672e+01
2.364838751752323276e+01
1.953191185690624465e+01
1.964025017947726326e+01
2.463746285435908590e+01
2.299057026899454925e+01
2.468871003517308083e+01
2.239046219098061030e+01
2.420503060627734726e+01
2.222689756642601466e+01
1.675521611101790143e+01
2.357037138052449166e+01
2.306817164035410173e+01
2.446193387252798246e+01
2.331809727256487008e+01
2.399546164864776898e+01
2.469131877342663373e+01
2.416553958688018611e+01
2.321304447225553247e+01
2.296936657475822585e+01
2.379570569342189046e+01
2.478809511144170941e+01
2.409831522683106897e+01
2.852298062347329477e+01
2.567431983800822337e+01
2.829507345406985053e+01
2.733928306226303562e+01
2.233722586458478432e+01
2.845764036111508233e+01
2.611044521692992504e+01
2.565735650782265509e+01
2.187260163156540926e+01
2.367177506913036211e+01
2.392589994246737461e+01
1.938233604391734133e+01
1.371987329501100206e+01
2.769400992937813299e+01
3.112449945849171939e+01
3.068759520676096386e+01
3.010802420620720810e+01
2.851209814025503775e+01
2.388886550229091199e+01
2.218006174547309683e+01
2.488780337732436010e+01
2.494510115054548294e+01
2.239143768662596656e+01
2.379191423932330096e+01
2.563069450398604232e+01
2.397389653186187530e+01
2.499806912332570263e+01
2.312509569298473266e+01
2.339817095097889066e+01
2.199022531953636062e+01
2.551307375890938545e+01
2.594839628450522895e+01
2.270002105432386941e+01
2.443083434113484032e+01
2.630386902976007235e+01
2.766132076143654217e+01
2.432922144276757237e+01
2.737950620759781373e+01
2.565572735346247413e+01
2.361148016970135544e+01
2.913667643062753498e+01
3.002566437360016849e+01
2.867847041763304361e+01
2.922678916203027910e+01
2.753728317252405944e+01
2.485781770073296926e+01
2.134869427240165152e+01
2.261865802089303301e+01
2.493228794625333933e+01
2.446280084919926878e+01
2.224895406898847128e+01
2.200249619325580852e+01
2.874266181389256047e+01
2.502072880249087916e+01
2.357465797306909749e+01
2.561466254994695291e+01
2.524495631976194332e+01
3.029923368441685838e+01
2.843646441377643441e+01
2.963759572069010062e+01
2.713231185379058985e+01
2.879816824290060850e+01
2.614962886150668453e+01
2.455199531182655903e+01
2.863986424727653102e+01
2.731105062732542876e+01
2.495861296644984151e+01
2.697745531892881843e+01
2.513665496006212052e+01
2.731686443498032446e+01
1.606029352958757883e+01
2.130069874822124731e+01
1.927186326145413986e+01
2.026679192166950116e+01
2.579151212465671250e+01
2.105427748997403370e+01
2.160361605045407174e+01
2.567425514608741111e+01
2.628124142121646400e+01
2.236344855919668007e+01
2.239116278496658907e+01
2.997246867684316030e+01
3.086175353013977585e+01
2.896122612936995822e+01
3.001701956245102565e+01
2.910067843196148374e+01
3.060265022203210350e+01
2.625230060916845432e+01
2.321723075320196727e+01
2.804544855330122033e+01
2.147122750757402088e+01
2.651835420227595463e+01
2.249098636810878560e+01
2.466277312999443083e+01
2.507383090496946920e+01
2.368262969984715482e+01
2.374021729008156711e+01
2.535702104877978869e+01
2.179581296381311972e+01
2.218819737002486647e+01
2.631830226518445670e+01
2.346074899392199598e+01
2.094816028955709086e+01
2.310224858968546613e+01
2.734464532550663307e+01
2.455452497701538306e+01
2.594112228551901822e+01
2.638846142815124551e+01
2.406775921960345599e+01
2.590894330332912077e+01
2.552501727656316888e+01
2.314698143655645168e+01
2.647405019629000833e+01
2.598517430541739870e+01
2.533298965502724087e+01
2.601153429821999197e+01
2.592120085203491442e+01
2.678937179417091130e+01
2.594421443730668386e+01
2.225482873168321518e+01
2.112546064543924018e+01
2.642211164036503845e+01
2.667887651489700573e+01
2.475973183151843671e+01
2.623467586180925792e+01
2.174503192257382622e+01
2.649931392239374262e+01
2.565033685256194573e+01
2.236872356467193157e+01
2.466114396715315493e+01
2.812710652350429541e+01
2.430312813396214722e+01
2.728039150987660122e+01
1.852547704810527662e+01
2.579911743905439891e+01
2.645549672300413846e+01
2.495205709608153199e+01
2.189876116734710720e+01
2.542855113815094370e+01
2.239684758616974491e+01
2.610268163360002447e+01
2.717752009497372967e+01
2.563754405094312006e+01
2.436444367304922665e+01
2.223511621772333768e+01
2.444472885537618367e+01
2.935414905279646902e+01
3.020413220343609240e+01
3.050354481878492408e+01
2.118193052613281679e+01
2.218868052142154212e+01
2.809794252165301032e+01
2.217793371557636561e+01
2.436006864407546146e+01
2.336699444569273965e+01
2.896935975363813398e+01
2.839178673331203839e+01
2.422776984777402731e+01
1.802262487602493124e+01
2.436223892963360171e+01
2.052576343953500881e+01
2.315215452372322957e+01
1.960424003612585153e+01
1.888110550252233111e+01
1.680776383903859639e+01
1.417883752292854282e+01
2.124928390279761103e+01
2.240706812584481611e+01
2.387963155460802156e+01
2.228496711964226762e+01
1.477049466309503067e+01
1.566857239860024720e+01
2.329690057560305405e+01
2.003253598702993088e+01
2.032370808532395756e+01
2.248654904952006817e+01
2.246822411248631468e+01
2.191662005458203666e+01
1.793618749293926484e+01
2.301291693341919853e+01
1.925002077868022710e+01
2.392279687833415736e+01
2.292023820698108949e+01
2.240770325641994276e+01
2.500260547882719564e+01
2.349674409376719453e+01
1.879681980462864743e+01
2.387778899693538293e+01
2.299423001971140579e+01
2.444285606288022805e+01
2.211126929965978860e+01
2.457665794789621216e+01
2.348860719055821278e+01
2.385966107764176058e+01
2.481943942596263497e+01
2.119012315588991413e+01
1.507264601398429704e+01
2.054861517539403337e+01
2.416579496494025037e+01
2.279353616733168053e+01
2.027513461478274337e+01
1.905253056149364355e+01
2.003906093002880340e+01
1.343811284104823578e+01
1.998429302745758562e+01
2.010038527866036517e+01
1.626048860948284869e+01
1.984908334006871300e+01
1.208766412909683652e+01
1.296267552250879973e+01
1.828331674833200182e+01
2.179182390439719086e+01
2.061803079778501413e+01
2.400712210032799021e+01
2.504444796400247952e+01
2.457881907730417481e+01
2.360499893146331019e+01
2.496963559042070102e+01
2.579216438278990253e+01
2.269925184054410749e+01
2.456496647627973573e+01
1.934475797732413582e+01
2.457906875939036695e+01
2.515864964955362026e+01
2.485172103596953619e+01
2.559038331914331721e+01
2.604963519133104199e+01
2.577219016269474494e+01
2.354599169258809965e+01
1.626308850462281441e+01
1.927131990777446902e+01
1.331358484185662761e+01
1.449123954656214863e+01
1.495302505726100684e+01
1.665244601596801033e+01
1.264474568891360562e+01
1.563310897555965973e+01
1.555098937098292211e+01
1.575895857453810933e+01
1.428385349147519179e+01
1.349948813441195483e+01
2.102618796056077599e+01
1.693049209533975485e+01
2.389989904390661835e+01
2.601762134494811818e+01
2.370485929270088832e+01
2.596700176280713279e+01
1.733153009872697581e+01
2.445261064972785903e+01
2.137120137331555014e+01
2.580377102872205697e+01
2.080269539157610836e+01
2.233823052162411216e+01
2.179488888033201732e+01
1.660990638641701977e+01
1.764007293788303343e+01
2.043135734498268263e+01
1.493803961302390348e+01
2.023610340480371406e+01
1.543719184256828747e+01
1.960368523841188093e+01
2.316718000507222541e+01
2.427876793987248050e+01
2.200635711944461193e+01
1.648287793663710943e+01
1.633212222856726470e+01
1.651854277459841924e+01
1.559596676074021460e+01
1.856325452322114700e+01
1.800923664013733472e+01
1.793149839566602566e+01
1.820351191769888288e+01
1.628723119893389537e+01
1.765926047952541467e+01
1.509281161493614931e+01
1.711077945234710995e+01
1.577501553572115967e+01
1.982690961882401126e+01
1.894313636173962223e+01
1.860613208449724354e+01
1.794659216956846137e+01
1.776731718938817650e+01
1.662111568430132991e+01
2.040052070026501596e+01
1.749083920852689999e+01
1.936659312122485943e+01
1.842631429556375267e+01
2.384120609040063954e+01
1.952397523750528663e+01
2.035683570164473366e+01
2.491455151155911807e+01
2.227744792042805599e+01
2.065375551048001768e+01
2.320515492601663254e+01
2.480180437623275935e+01
2.258746322293011133e+01
2.485931384501903096e+01
2.153407536761592667e+01
2.353089842604812887e+01
2.079639584424710819e+01
1.660220269731260601e+01
1.985261939156473687e+01
2.134631164375701928e+01
2.337330673512115453e+01
2.207163583184870959e+01
2.257682543186935931e+01
2.176312533561280205e+01
2.400455616552937599e+01
2.326230985309054944e+01
2.330207797093915900e+01
2.279446711464563435e+01
2.354740044711520852e+01
2.190330390021577500e+01
2.357293614154002626e+01
1.977188981715085703e+01
1.939149661957868886e+01
2.258103087115264884e+01
2.207964940743853433e+01
2.209030197743828694e+01
2.384513539154756856e+01
1.580331725469248383e+01
1.588735535295791834e+01
2.185173085543276983e+01
2.633197655725361130e+01
2.161656968118768418e+01
2.520375212565760137e+01
2.449024198506571182e+01
2.563262888240589987e+01
2.519998872824037761e+01
2.555583350556826261e+01
2.408292447686042692e+01
2.492540311790242669e+01
2.445373983590741673e+01
2.413598906042117420e+01
2.381132477648984747e+01
2.458340186580421971e+01
2.526298635331533404e+01
2.153825739445672482e+01
9.114521470802349867e+00
2.134771714096078199e+01
1.586629406300859912e+01
2.004301364485109005e+01
2.392094126379916830e+01
2.224871773551946319e+01
2.188808713804540318e+01
2.065131145371142196e+01
1.946830883255410072e+01
2.401208621976579494e+01
2.346838624964629361e+01
2.360187662424252864e+01
1.858257007765289259e+01
1.459632760919570060e+01
2.490290444691833471e+01
2.411266938045319463e+01
2.143687347058354220e+01
2.480068756189503887e+01
2.335660842540625737e+01
2.318728351851565250e+01
1.136386309522866966e+01
2.156955829412070003e+01
2.121462409986328623e+01
2.040051985111598043e+01
2.032015586484603631e+01
2.270426866369584573e+01
2.493870315365115076e+01
2.349047104855208090e+01
2.205377328531415770e+01
2.200813239469350435e+01
2.335032706217642939e+01
1.633296074075592941e+01
1.833960980200447466e+01
1.939254901396821040e+01
2.114959540946021832e+01
2.362054987984553378e+01
2.242491378457809503e+01
1.889930510537841357e+01
1.667293149663731811e+01
2.253819214889351485e+01
1.897014819468152069e+01
1.496328098591506262e+01
2.134697408246377748e+01
2.126720862398576628e+01
1.613907649248312026e+01
1.655454006903189423e+01
2.244984057737710259e+01
2.470411941679621037e+01
2.322591355657828416e+01
2.515544170644743360e+01
2.223768750185864818e+01
1.843299717375417757e+01
2.048921445288119969e+01
1.834321889341838130e+01
2.486073815784372343e+01
2.452053020574485132e+01
2.374312551209559530e+01
1.472329791299267221e+01
1.916852212586983484e+01
1.684725973061861026e+01
2.500362909211905560e+01
2.461639963136185827e+01
2.589927648318662179e+01
2.083515553366970252e+01
2.330149432912196872e+01
2.388022106536743649e+01
2.369172682883311509e+01
2.495520281053401490e+01
2.320321673275264729e+01
1.808024328215590515e+01
2.305373951611232997e+01
1.261295217729979257e+01
1.635536348354046510e+01
1.669058237772020803e+01
1.813379049866029291e+01
1.730657238569079581e+01
1.673328076139515375e+01
1.204014691886591493e+01
1.440325836207227361e+01
2.199335859772792645e+01
2.472535984867942460e+01
2.433606315640465567e+01
2.609033027525131132e+01
2.522823195329507939e+01
2.415715275361943881e+01
2.431283685464855893e+01
2.539287903153824999e+01
2.630838766292777464e+01
2.662159112298355268e+01
2.596891379563716740e+01
2.449127764349597314e+01
2.544088000598292965e+01
2.097368024982205270e+01
2.012966133824315662e+01
2.356657482078286137e+01
1.257478219346363346e+01
1.521710395699723861e+01
2.002013454668362158e+01
1.616646644792672305e+01
2.151132127071980094e+01
1.852718104339414396e+01
1.657319377348407485e+01
1.681359343460353273e+01
1.301506021061458185e+01
1.432814275416859218e+01
1.706390447948343336e+01
1.932349530094456469e+01
1.628688986589536114e+01
2.122215832748230468e+01
1.284297824152576339e+01
1.340076242678520302e+01
1.948114517241847565e+01
1.773788970090285133e+01
1.359198850854223295e+01
1.710444954416806951e+01
1.418373099411244631e+01
1.731748336116510956e+01
1.901010306692143814e+01
1.844756689369380354e+01
1.697184576056151428e+01
1.937438751657774105e+01
2.227150268041977554e+01
2.184239101426109997e+01
2.278408910354352912e+01
2.198547000687389641e+01
2.403804630738886416e+01
2.343959939144697913e+01
2.302448054200080918e+01
2.198827963696139420e+01
2.135308749704532261e+01
2.151137580032944285e+01
2.181500732836859058e+01
1.949023237296372457e+01
2.383634955001744160e+01
2.389753494719414562e+01
2.199874258813260397e+01
2.106956838107446828e+01
2.235801049790453732e+01
2.158153296671416754e+01
2.239334822177205098e+01
2.424201522399524933e+01
2.078534042699547513e+01
2.194415481918053246e+01
1.761776714825668932e+01
2.195711109954336138e+01
2.416045581967335920e+01
2.348392416020788076e+01
1.883381474198116479e+01
2.201444959427409387e+01
2.343186775820029766e+01
2.224056565277138020e+01
2.388006503272158909e+01
2.429330089834296302e+01
2.434084274131767245e+01
2.240693232829258363e+01
1.804854478764521275e+01
2.063903450467667255e+01
1.984287076573187392e+01
2.216225829310633344e+01
2.087823953494889651e+01
1.933695993790922785e+01
1.871316721039280395e+01
1.743648662422215878e+01
2.399450772653892017e+01
2.181233359702060426e+01
2.436266377289948082e+01
2.334784174559946024e+01
2.240802622713139769e+01
2.252821646708892445e+01
2.499577022984525243e+01
2.433338987555442401e+01
2.037791570935992169e+01
2.169174859977966463e+01
2.090797250978188515e+01
2.151786455067895432e+01
2.059308002675798122e+01
1.963010682600312506e+01
2.144032569138008171e+01
2.192447537388310508e+01
2.303928095552976885e+01
2.043642630208861988e+01
2.121335278925595347e+01
2.090040266741688413e+01
2.285821908293781846e+01
2.065902394023449062e+01
1.748491394714488223e+01
1.847472545931719878e+01
1.985489265802139158e+01
1.926203463010434547e+01
2.103906955081879460e+01
2.003046268549134368e+01
2.037773727114254285e+01
2.151171070097009164e+01
2.062995509614523115e+01
2.133669336667419714e+01
2.273980151601513455e+01
2.221233677254110717e+01
1.730795970487021762e+01
1.998546069720649498e+01
2.480022887255742248e+01
1.689885907379395746e+01
2.187740854384362876e+01
2.405318865127149763e+01
2.410763815098504992e+01
2.498680665253445099e+01
2.043286833760443599e+01
2.487614388136463361e+01
2.233624763408458946e+01
2.217779613335984834e+01
2.119910553312249846e+01
2.144721421147860241e+01
2.334217101072011857e+01
2.431069363489435631e+01
2.090283848837095704e+01
2.493947328346646231e+01
2.511811547936547839e+01
2.041303324489830828e+01
2.324274663530724183e+01
2.374029093031418824e+01
2.438015573360263843e+01
2.050116243526503013e+01
1.870226193423845729e+01
2.360283785993869898e+01
2.324639508529590159e+01
2.205106359375244907e+01
2.218884314592913043e+01
1.572668324043528543e+01
2.239899018674581654e+01
2.312790075205828089e+01
2.282810197829343934e+01
2.183529896459620545e+01
2.518006733595587576e+01
1.792779453247667831e+01
1.708741767471504502e+01
1.552698031698118264e+01
2.245091000733576792e+01
2.147888720764836279e+01
2.211831151072202317e+01
1.581009659646151633e+01
1.783250503832200096e+01
2.464902471568776932e+01
2.488863111210985579e+01
1.899134315011529139e+01
1.911497885922270967e+01
2.596663126442452452e+01
2.240674868538658515e+01
2.004998240232866991e+01
2.099509211613008119e+01
2.138829078428463148e+01
2.191254907803483221e+01
2.652757958483466183e+01
2.600921246319246904e+01
2.487271213433924899e+01
2.483020586379397088e+01
2.619034432305208782e+01
2.189062880253682764e+01
2.608168098691481873e+01
2.179106679269273172e+01
1.793094664806629268e+01
1.809826459156733591e+01
1.737597449675788752e+01
2.144385427176285930e+01
1.869746910198009715e+01
2.649168825049510545e+01
2.545544992114998095e+01
2.552829381302608169e+01
2.376376176490877867e+01
2.621647964692026989e+01
2.345894530379933585e+01
2.696306163086254060e+01
2.526297976522206667e+01
1.563715614744302229e+01
1.916957009829540226e+01
2.187105004081285742e+01
2.274736432206340453e+01
2.578985896615079554e+01
2.550160133559021958e+01
1.964542522596803309e+01
2.125485983075264684e+01
1.852185932447481775e+01
2.415784165495546532e+01
2.187037353221226610e+01
1.892171183095705800e+01
1.636892729457618145e+01
2.053742377161683308e+01
1.971748435444529690e+01
2.386685298953934975e+01
2.469975306601390841e+01
2.372220984353870676e+01
1.803245489306148031e+01
2.286222561226857763e+01
2.043907378172050215e+01
1.377057517391571295e+01
1.767704142121235122e+01
2.322968712215724096e+01
2.611186988787346053e+01
2.352571933026602125e+01
2.083308826752820053e+01
1.897219329883405692e+01
2.603214973282712563e+01
2.550072757746249863e+01
2.543660730969568107e+01
2.350556025280796746e+01
2.287615270513400745e+01
1.505459551205587587e+01
2.113842439837346987e+01
2.583727724117302671e+01
2.411420303739909343e+01
1.891185104404706863e+01
1.846279673447899228e+01
2.191469141438002666e+01
2.301998692837402416e+01
2.032673657145747370e+01
1.809832204784517984e+01
2.007024906581746038e+01
2.062564051854696245e+01
2.085467424956053506e+01
2.021345719292695264e+01
2.127378017086629214e+01
2.116733026719824906e+01
2.335962921408187398e+01
2.052350206889807183e+01
2.114175615622317039e+01
2.133234167400690851e+01
2.168154539259115055e+01
2.153816638133103822e+01
2.167110176438376001e+01
2.134884808021358182e+01
1.348018127860871651e+01
2.439132377957427877e+01
2.515272535712192337e+01
2.017816843697889695e+01
2.469657963756962715e+01
2.351841364686884006e+01
2.615350198307862684e+01
2.290860532638874503e+01
2.409764835503339953e+01
2.580622779478206397e+01
2.565062389241362695e+01
2.545993455001569572e+01
2.149221109124516005e+01
2.474321271539413658e+01
2.098915247538878504e+01
2.474264768699525163e+01
2.366770032026382253e+01
2.068967847869366139e+01
2.015865445187933602e+01
2.055026095404684483e+01
1.898781113478612781e+01
1.902338520084092366e+01
1.942422157066863875e+01
2.537135441938637115e+01
2.650907056664578576e+01
2.274253781805784058e+01
1.945965319192199416e+01
1.789662682460732412e+01
2.043170392267680313e+01
1.985408781720252591e+01
1.903489835284403142e+01
1.942973592527160420e+01
1.919879858030408926e+01
2.083616880778838265e+01
2.007738103649543859e+01
2.013602215493535041e+01
1.708246394400550372e+01
2.278132312751559851e+01
2.594075138067172048e+01
1.955311093904351338e+01
1.947987893261504055e+01
2.250840153996918502e+01
2.121697621291380642e+01
2.377637871402130543e+01
2.254564291121346287e+01
2.145721727789926803e+01
2.501005823463623656e+01
2.254374819953714493e+01
2.108085169854117069e+01
1.979072056057173867e+01
2.335198429756038507e+01
2.074842936578951225e+01
2.236327292476657291e+01
2.477959221469300033e+01
2.435565768018700084e+01
2.541214685585080701e+01
2.408886772292266443e+01
2.190460185365087042e+01
2.715919309087693989e+01
2.554333158713420460e+01
2.450821734374988381e+01
2.549566969704866892e+01
2.497035337158779811e+01
2.510506235450758439e+01
2.604823506795497323e+01
2.136621848984347594e+01
2.235449996409798601e+01
2.321256198974064944e+01
2.458783984177445348e+01
2.263659172678816134e+01
2.502811858461091532e+01
2.440670536680478975e+01
2.574468827229695833e+01
2.128992928876317947e+01
2.297408415903746715e+01
1.819105445737367788e+01
1.985425071713724776e+01
1.510622352880709052e+01
1.708419961399699361e+01
2.131640895150889037e+01
1.267031133510042196e+01
2.161011124132571481e+01
2.153536848600572995e+01
1.882054074507575692e+01
1.490471585619385664e+01
1.714128310968553848e+01
2.138707474611784676e+01
1.597413124155599462e+01
2.147362257297442056e+01
1.636138339192903146e+01
2.152383732922992365e+01
2.245577346412014563e+01
1.863877576803871250e+01
1.993978101209977893e+01
1.813418856845386173e+01
1.884961968355417383e+01
1.638563984072646917e+01
2.262073859489449390e+01
1.748277573510268823e+01
2.007724356860650872e+01
2.268979606154719164e+01
2.703143669976826757e+01
2.242041134495384469e+01
2.387062888171016795e+01
1.868275465351562303e+01
1.941813812818649154e+01
2.078041291604108309e+01
2.166465745186646075e+01
2.120527343772937456e+01
2.405326927620068389e+01
2.125521986216964621e+01
2.430197978057841013e+01
2.105112600226304309e+01
1.898578932533630592e+01
1.998140947078269036e+01
2.296634563995876732e+01
2.392194137728326808e+01
2.184888518040381200e+01
1.883149818814663234e+01
1.739359795850577584e+01
2.340551143782668220e+01
2.172993730535692336e+01
2.314880889190587965e+01
2.148839417679988628e+01
2.114969878107813628e+01
2.126195662307253187e+01
1.741155365999365046e+01
1.802135751970620348e+01
2.531914471211697659e+01
1.848304432466323632e+01
2.222765080676406768e+01
1.547264641997626633e+01
2.497504034189990918e+01
2.798989315836140079e+01
2.565569829119716161e+01
1.682919448808675256e+01
2.245131013732200032e+01
2.511553684698974820e+01
2.860641796224646072e+01
1.676680323449077292e+01
1.702993765193295062e+01
2.397274008195924466e+01
1.660507939564454105e+01
1.237897144659112492e+01
1.925345075354067603e+01
2.200002446925508082e+01
1.949607858956159845e+01
1.829438929387642077e+01
2.050176068931144613e+01
1.865872722251097571e+01
2.126038572088639000e+01
2.214697809557780772e+01
2.091512987050417394e+01
2.128929386395130763e+01
1.806963095181304624e+01
1.799313299105973840e+01
2.106596469223979895e+01
1.339818746806880156e+01
1.402739541409528989e+01
1.388312234667143485e+01
1.245913674519261605e+01
1.312868197616321453e+01
1.291261162330349421e+01
1.654756048968189930e+01
1.214399211641889842e+01
1.320992902226008958e+01
1.221988671989172914e+01
1.205541153793630826e+01
1.464961098438479681e+01
1.454469718841476222e+01
1.304249745064218580e+01
1.371080985662481311e+01
1.197831459836844026e+01
1.484814641611714059e+01
1.484094582919031957e+01
5.582514426629805016e+00
1.149036322856986558e+01
8.865686176617090908e+00
1.064420168199840866e+01
9.925006145475508745e+00
1.219947568186887388e+01
8.224545189813159851e+00
1.193694922432762695e+01
1.161139722661894957e+01
1.251345216040443376e+01
1.091632819800383025e+01
1.020350301052989650e+01
1.054484257494084254e+01
1.077823595576921534e+01
1.262691561283365083e+01
7.276855538626538333e+00
1.121243286263871219e+01
1.388236665097534406e+01
1.368793114482157591e+01
1.262987813578220653e+01
1.145390536361941614e+01
1.264963492098101661e+01
1.482106351891901852e+01
1.653809757268832215e+01
1.254202596475440856e+01
1.245395005624666140e+01
1.073631695489892124e+01
1.775931064124361569e+01
1.538019225885916619e+01
1.579071753099915654e+01
1.732194980193622769e+01
1.560552285262150818e+01
1.194886167111965847e+01
1.280562018247534439e+01
7.674907416487654288e+00
1.080551728547001744e+01
5.726542629174364407e+00
1.260702116821689600e+01
3.762484503161216409e+00
1.143728393123810960e+01
9.088972780668827411e+00
2.041416053242104311e+01
2.084992126919942734e+01
2.027794545883637056e+01
2.161645583439420903e+01
1.569845380136033519e+01
1.444761807182403857e+01
1.664865674001779183e+01
1.672414306134972151e+01
1.359031300541752429e+01
1.180741173358771867e+01
2.176168979806413972e+01
2.302363415818807013e+01
1.960843394390973415e+01
2.224140554804531078e+01
1.839089490345487121e+01
2.198539356768398534e+01
2.159992021163482434e+01
2.162267958486433628e+01
1.836945945564766092e+01
1.306889501034819823e+01
1.883236306062343246e+01
1.725014776004555728e+01
1.699798472806964966e+01
1.570996399128661913e+01
1.755202221338232249e+01
1.844145589505145821e+01
1.736995411880551643e+01
1.809811131385367133e+01
1.895740557491344092e+01
1.880818958949272712e+01
1.974465024891564369e+01
1.859087264968934150e+01
1.835933575121676142e+01
1.743897310822526237e+01
1.736310078952329405e+01
1.516394458012526059e+01
1.843027304086167462e+01
2.210571170792901441e+01
1.782673549788662370e+01
1.912818193250805976e+01
1.600157637150478251e+01
1.741041215196411684e+01
2.140464374999311303e+01
2.123622802509694907e+01
2.051651985591987426e+01
1.500903903823388674e+01
1.936346125861017597e+01
2.184055748558576227e+01
2.107852206631276815e+01
1.371670355537133901e+01
1.778710259360087420e+01
1.807182963323599978e+01
1.205810361174492762e+01
1.716647310485803501e+01
1.783984835461668439e+01
1.622142207714617612e+01
1.308141616576009980e+01
1.682711771730599537e+01
1.899693870280806962e+01
1.869629961144820030e+01
1.801924255729404578e+01
1.852304384372018831e+01
1.043228667322246750e+01
1.356976395149193237e+01
1.847825946834632305e+01
1.954286942490949741e+01
1.907051549821084535e+01
2.092644943656612710e+01
2.003009311248430535e+01
1.588974452658099956e+01
1.242003465561134057e+01
1.753073137647359658e+01
1.042420302319371395e+01
1.183631070756327297e+01
1.332666354433374600e+01
1.700404146887282764e+01
1.044760754251832680e+01
1.580110724991106963e+01
1.246505343170227320e+01
1.740368808273597878e+01
1.739554740360894769e+01
1.881240005678578342e+01
1.766175736237892835e+01
1.650592796546095897e+01
1.758171600183743877e+01
1.519052447631873370e+01
1.620204288865879505e+01
1.747622281049485693e+01
1.847779103460971228e+01
1.625300213815308581e+01
1.792600215619522075e+01
1.866150455232251915e+01
1.839068396885729229e+01
1.618283267725020735e+01
2.005048424303235777e+01
1.713715553569786820e+01
1.991443940074876906e+01
1.875174059574423779e+01
1.658460726465395041e+01
1.915165162722971459e+01
1.716720912909614682e+01
1.408662897311500473e+01
1.806717748477701235e+01
1.283206697488065551e+01
1.502873922667083306e+01
1.511960488838079719e+01
1.293350411235175912e+01
1.514208256196709179e+01
1.649075668135303019e+01
1.398780638400433673e+01
2.140255411603249058e+01
2.087786394983951155e+01
1.818507006908996715e+01
1.310283993203636577e+01
1.737048021357258065e+01
2.063303638334727452e+01
1.727675137801879046e+01
1.319680658815218166e+01
1.603943214724966992e+01
1.867328206594909190e+01
1.262737176482305834e+01
9.462028930120315096e+00
1.630830474137846409e+01
1.448658958307933986e+01
1.854623846306401092e+01
1.788125851196711125e+01
1.823834363329255126e+01
1.563880749348525612e+01
1.848493723756187279e+01
9.002220680223329552e+00
1.827652337519862868e+01
1.742847616222019624e+01
1.929884703329845763e+01
1.605214529366201859e+01
1.547459674193679469e+01
1.832988804113707815e+01
8.811609016185897758e+00
1.406165601577676405e+01
1.526560992946489748e+01
1.349501479267092741e+01
1.820491654067103582e+01
1.346462360403252490e+01
1.705218106089871455e+01
1.548437545735226095e+01
1.098398076627375985e+01
1.203558803914345887e+01
1.523121214936825041e+01
1.872854985880166012e+01
1.877408733884255909e+01
1.544708348218712857e+01
1.430073572695546069e+01
1.518507605280888484e+01
1.425905888871680816e+01
1.739237426692675825e+01
2.065161896924895757e+01
2.087694436673336185e+01
1.494350111182516372e+01
1.871713173561104426e+01
1.867316292066600170e+01
2.141761452369279084e+01
2.168640666916338944e+01
1.942325083967068622e+01
1.728897262629806875e+01
2.128198050641765704e+01
1.926420306583892383e+01
1.351769630371555664e+01
1.690866873911991419e+01
1.785478708056013986e+01
1.196508852663044209e+01
1.826464620930778082e+01
1.072202663044782689e+01
7.012875867795104412e+00
1.029613017767134053e+01
1.014700205271929789e+01
7.947219706327758537e+00
1.007931816716862450e+01
2.273599825122759910e+01
1.451486766686794994e+01
1.680354807608516765e+01
1.113019310459273647e+01
1.838182743997047197e+01
6.100824070285366219e+00
1.154796890076691618e+01
1.875288187226801995e+01
1.210078730020158844e+01
1.638387801115361597e+01
1.097976888455113453e+01
1.781072631171113230e+01
1.878383883710036883e+01
1.833617883240027524e+01
1.807955735339696091e+01
5.353058339363011342e+00
1.722134111720880512e+01
7.913804353859017482e+00
1.724625278670367834e+01
9.335383225670971896e+00
1.677702676131898230e+01
1.937659913548972312e+01
1.799814748192524760e+01
1.043643723075615881e+01
9.011518037118513291e+00
1.777732974338499972e+01
1.927063751465390240e+01
1.763671763314896168e+01
1.280919563100769665e+01
1.002633296819573872e+01
1.465026848322679776e+01
2.218480935299995238e+01
2.219959722984079420e+01
1.558665851461607410e+01
1.860503132130219583e+01
1.587334164146738402e+01
1.654914125126072122e+01
1.613480065942952990e+01
2.072314196745951875e+01
1.183174444100453826e+01
1.973690906107372456e+01
1.495981786068125707e+01
1.558999775766472951e+01
1.915089991274778924e+01
1.229863055973860497e+01
2.051830396446884208e+01
1.028717805548127018e+01
1.945920262972286352e+01
2.114844450039639412e+01
2.043783358569539743e+01
1.891747334100923794e+01
1.359954108559757024e+01
1.764984294368897721e+01
1.931740801046141343e+01
1.789964251008575502e+01
1.768060611722693665e+01
1.384866080109754094e+01
1.030632193885088199e+01
1.667431327344337433e+01
1.344096768041742251e+01
1.131256721172292501e+01
1.627957903704231057e+01
1.487755572350911493e+01
1.680526934207409795e+01
1.863530124955020284e+01
1.421138630495699040e+01
1.948528416020160137e+01
1.736944975392847113e+01
1.427615947074880154e+01
1.643224169633172238e+01
1.879511977547838697e+01
9.779331973654938892e+00
1.456755023276586414e+01
1.164818355954678708e+01
1.551096165998601073e+01
1.917855564940782997e+01
1.674282253516296137e+01
1.196222859644483805e+01
1.473541423797609085e+01
1.837051257424698747e+01
2.129948397003320082e+01
1.966113825351704847e+01
1.986860478352001991e+01
2.101412820819228244e+01
1.650497199949180782e+01
2.132269592634742494e+01
2.174838377918525723e+01
2.134467777891050488e+01
1.806520814776807171e+01
2.110282877899074450e+01
2.184375518182255860e+01
1.931013929404346641e+01
1.780596755858924496e+01
1.780881780629991695e+01
1.648112664654445325e+01
1.558792402743472039e+01
1.119795092227575140e+01
1.327116811134219709e+01
1.446887651774144068e+01
1.686267585545368064e+01
2.252691581213957406e+01
2.106705033459164511e+01
2.254560855348411863e+01
2.168654544677210083e+01
2.125006244602851169e+01
1.667961686790728848e+01
1.602319264658384412e+01
1.835726634183577133e+01
2.112540813798977268e+01
2.034864980017344038e+01
2.067638908636910600e+01
1.895194642147665931e+01
2.317143951331334506e+01
1.911198057193218602e+01
2.112471500795676249e+01
2.073587869780489967e+01
2.196485227324691181e+01
1.997811840256628457e+01
1.784919340710639801e+01
2.174703572564174436e+01
2.213760091922172535e+01
1.983990727304237112e+01
2.027480767347405788e+01
2.029921057423148767e+01
1.808763220470224908e+01
2.032227372029356616e+01
1.839925814837833329e+01
1.976321035917543867e+01
1.907388066608746868e+01
1.983982551701337016e+01
2.048764993356931186e+01
1.861287527824254084e+01
1.844354430439003778e+01
1.783765840051943030e+01
1.829971327686108751e+01
1.710910618574246556e+01
1.695231134141518936e+01
1.647053099037533741e+01
1.868686586578690623e+01
2.006157904941251502e+01
1.658115625176268182e+01
1.784727282405528825e+01
2.310864951272087353e+01
2.173644252314940317e+01
1.527425033873440974e+01
2.330996475753924457e+01
1.937435278214833545e+01
2.137498323845051118e+01
2.165676592596635786e+01
2.047860421724335467e+01
2.095005089795170505e+01
1.960117609560335694e+01
1.755732313835090963e+01
1.723608522080853334e+01
2.207804667838803425e+01
2.015825654350647511e+01
1.486772519502510903e+01
1.487289785531215713e+01
1.867616398289192148e+01
1.406720053512426283e+01
2.055755377714651999e+01
2.160056973596899965e+01
2.048023659951419262e+01
2.114075220736287974e+01
1.879484271079046565e+01
1.759058088852267687e+01
1.690678754921971105e+01
2.074854673183858722e+01
2.192597303074807513e+01
1.851164837649650963e+01
1.583967626417490138e+01
1.878018527170054242e+01
2.134263439996061962e+01
2.032044112489435506e+01
2.171584073174365770e+01
2.104578252427369378e+01
1.409454449099232320e+01
1.532893469624563920e+01
2.052432352136946747e+01
2.149285129486973389e+01
2.096434146170934909e+01
2.024068323439264816e+01
2.076101069014920952e+01
2.161117391839500712e+01
2.003707424464167985e+01
2.076002636666105161e+01
1.890431221054421229e+01
1.900860894101870002e+01
1.788713131574412785e+01
1.602385933914876759e+01
2.102168607366086661e+01
1.738776661630524956e+01
1.940521230586298174e+01
1.798201273060197636e+01
2.228776933846027930e+01
1.073598366663721038e+01
1.504926939222364268e+01
1.725634107330115441e+01
1.816557121620876813e+01
1.328819164731464930e+01
1.607228546247883827e+01
1.966634944086022330e+01
1.959989265994564533e+01
1.869015315409869871e+01
1.848681216833049490e+01
1.455887038383647969e+01
1.619157428009570410e+01
1.863067651813626924e+01
1.621570245919780362e+01
6.754626252908306761e+00
1.060861781844183938e+01
1.197562368829259682e+01
1.805407066697472729e+01
1.637184772870245197e+01
1.957079589908072847e+01
1.206901868184813864e+01
2.111483702814734187e+01
1.804698659468081701e+01
2.312257527397204626e+01
2.232004120582168838e+01
1.755055730860155450e+01
2.151808994130637132e+01
2.178825206024473715e+01
2.231759868402326319e+01
2.086224931142541905e+01
2.136294191853703239e+01
1.754871834963330812e+01
2.207741821473948463e+01
2.180547639246421809e+01
1.736078479715108358e+01
1.639677179350532299e+01
1.526749712865946407e+01
1.654165197080961747e+01
1.520841087657554169e+01
2.235219860669783287e+01
2.156216735137362406e+01
1.701035554258026394e+01
1.616959840469796816e+01
1.809132701114793207e+01
1.865548242295628611e+01
2.112918874486879872e+01
1.962127552539343611e+01
2.042522833955979777e+01
2.166481684598910107e+01
1.389693746237036009e+01
2.132489659166146367e+01
1.956890109853305049e+01
1.934811702631092345e+01
1.965937053239012045e+01
2.085780017034927170e+01
1.871432680100373958e+01
1.963549443755252710e+01
1.436579315192089723e+01
1.781462729462108996e+01
1.051227399313738253e+01
1.698072695144077215e+01
2.016499725248150909e+01
1.965006514395649972e+01
1.481233985524261776e+01
1.911047112095959477e+01
1.024102844141416568e+01
9.556003609501299678e+00
1.792712749224257252e+01
2.128956825398329400e+01
1.633847816537809905e+01
1.516337231643363737e+01
1.860075597213682030e+01
1.762837766407829321e+01
2.011765056462948564e+01
1.823166956419844098e+01
1.948863836177147135e+01
2.009061946531407017e+01
1.900774991545825543e+01
1.803703810504931226e+01
1.865678769810199356e+01
1.958522956201122511e+01
2.065014768216382279e+01
5.772147670470673120e+00
1.628136273122563793e+01
1.574657846836446851e+01
6.947992548151850301e+00
1.430296843991375866e+01
6.531012247948899230e+00
1.714132090588791257e+01
1.714422080843867846e+01
1.686875416001524997e+01
1.537192050086119366e+01
1.736071899877181934e+01
1.572635063148042889e+01
1.302100998120911513e+01
1.829582901097475656e+01
1.460862719430985379e+01
1.107289145936560715e+01
1.199370451776123048e+01
1.248541083833836218e+01
1.697351665375367702e+01
1.535720958781742240e+01
1.499684228130147545e+01
6.369450000599935713e+00
1.459761849414641333e+01
6.229148599965304456e+00
1.705345462580375937e+01
1.889817367558542927e+01
2.088223384754128276e+01
1.841820821543832665e+01
2.142602370149430158e+01
2.019096396961505135e+01
2.049281510811679397e+01
1.715028487969631854e+01
1.538071666666685289e+01
9.675056160654600390e+00
1.532498556340562601e+01
1.274560338942600524e+01
1.430885789146569209e+01
1.896817175781979614e+01
1.981702210658893648e+01
2.124886415606419021e+01
1.936823288591391545e+01
1.324142145002212168e+01
1.937336998454838621e+01
1.547648605804568334e+01
2.118522015691441496e+01
1.913612819358869643e+01
1.687784319019885260e+01
1.288186932223603876e+01
1.357439911398563837e+01
1.710634097864888048e+01
2.074964597278430034e+01
2.218304974640684790e+01
2.201789870282659578e+01
2.187507471437301731e+01
2.097423594300629901e+01
1.474271793182653667e+01
1.542742201234048949e+01
1.742045513731483908e+01
1.734955776275689132e+01
2.021210943369712254e+01
1.809319333315315603e+01
1.458860935516849011e+01
1.854535202209900291e+01
1.801387407157137943e+01
1.614345007894396034e+01
1.992108165851409396e+01
2.006071080437822474e+01
1.315866743078807488e+01
1.764101738253287976e+01
1.834958956967133048e+01
1.676886514023103203e+01
1.586644756999799455e+01
1.724023823087812346e+01
1.951973438906397007e+01
1.587757733302386143e+01
1.864320160794635228e+01
1.042712822416511464e+01
1.254348529852283889e+01
1.033370784013041899e+01
1.408169599363913704e+01
1.361402703876998999e+01
1.547230264499473407e+01
1.575931470609087981e+01
1.222846920445769925e+01
1.075679043753712349e+01
1.168595085543415379e+01
1.228359449343777143e+01
1.347777354187915577e+01
1.274506374060898573e+01
9.954498011645537048e+00
1.182128377881925019e+01
1.504186663280336056e+01
1.434900676162124000e+01
1.652440322744814338e+01
1.423190765734502250e+01
1.264459547646252524e+01
1.601420942305780670e+01
1.421894147853975099e+01
1.645446266253752654e+01
1.293061578855661864e+01
1.987579518085108887e+01
2.107921749865040084e+01
1.617894366828530650e+01
1.211636954568350788e+01
1.403763624777948138e+01
1.457316631954831365e+01
1.419312607162940409e+01
1.493299491870843987e+01
1.237372567892718145e+01
1.677626430478164110e+01
1.332804779089022951e+01
1.039289131242092878e+01
1.722432802575045940e+01
1.121923062118080416e+01
7.299325453650081563e+00
1.337130848546007122e+01
1.184610221630281757e+01
1.173608870630675760e+01
9.598571839134093509e+00
1.680147775652602604e+01
1.226863476153874188e+01
1.420436454289307271e+01
1.554430206203256759e+01
1.556204838824199754e+01
1.014341849160357789e+01
1.225466251379025806e+01
1.196230390796750953e+01
1.415712888437001027e+01
1.528370728849582605e+01
1.701111665227552550e+01
1.635766729978115208e+01
1.592765976263042127e+01
1.775655108774852309e+01
2.100969056814511760e+01
1.501421892972996019e+01
1.941334701409125785e+01
1.989676228336999131e+01
1.932808297840100309e+01
1.669191054717143174e+01
1.503595864415486538e+01
1.989936685812714856e+01
1.682399750369464897e+01
1.880650952369774842e+01
1.271587170972723513e+01
1.244279753460549465e+01
1.276798622096039892e+01
1.394616407083851684e+01
1.545944929688085878e+01
1.569900224927925692e+01
1.480271599069790867e+01
8.216572159211207094e+00
1.559602530877478443e+01
1.889692798490825254e+01
1.230068852626780718e+01
1.512927341618907739e+01
1.425129121343236349e+01
1.399342341404908829e+01
1.002252151720306905e+01
1.624779802423823227e+01
1.319666863872117091e+01
1.595659823214430872e+01
1.209694144443342267e+01
1.507976473769737247e+01
1.837713520306429160e+01
1.826466223765313401e+01
1.071881091276317477e+01
1.266055769964885869e+01
1.209016143011612954e+01
1.880219751344014512e+01
2.149624160307457998e+01
1.485465334256441139e+01
1.772111794658329842e+01
1.662923427206997928e+01
1.169608737135127363e+01
1.681505338599966137e+01
1.584090452801981641e+01
1.833675529545155314e+01
1.506714420457705117e+01
1.355004720116200190e+01
1.495083036276772859e+01
1.358627810098251842e+01
1.558650941938884493e+01
1.530443875299104306e+01
8.602715176405551389e+00
1.596753869337098841e+01
1.669380990104543017e+01
1.270327366373917499e+01
1.059790799854715182e+01
1.624575771841887217e+01
1.170732276737119548e+01
1.626200421653962991e+01
7.824774689835393815e+00
2.098126834610685165e+01
2.023980557257928936e+01
2.218724444243004612e+01
1.936930738234000415e+01
1.159973272443398251e+01
1.535808206775521967e+01
1.325634595542750915e+01
1.378957954450166490e+01
1.862745440588533796e+01
1.086186479319999343e+01
1.878496736419091917e+01
2.247297518578762165e+01
1.593510951176344115e+01
1.881806041399483931e+01
1.977377577279907328e+01
1.495305797560580885e+01
2.170139265650437110e+01
1.613106495679218000e+01
1.946136959290577551e+01
2.016721440592477421e+01
1.751037254743355120e+01
1.988357038540617339e+01
2.205273148060015842e+01
2.050386753950091290e+01
1.621301309926302636e+01
2.093846002762863279e+01
2.135033837044885985e+01
2.056327042087673362e+01
2.221836462907971566e+01
2.060804361683248231e+01
2.093871827054967838e+01
1.732611709025129443e+01
2.045747467722715740e+01
1.741842028904483897e+01
1.542075828824081896e+01
1.578634922745139590e+01
9.227519435008010973e+00
1.653999704321344666e+01
7.632631524666516398e+00
1.552749209614384718e+01
9.880068407542038855e+00
9.425166212644834118e+00
1.705208069933602388e+01
1.690921195065340044e+01
1.848115248950885103e+01
2.252002969019709511e+01
2.167920670852115705e+01
2.291422159430620908e+01
2.224209790182312929e+01
2.322917387634305442e+01
2.085389259418272800e+01
2.298174239522972329e+01
1.604815002817124991e+01
2.058339982769336984e+01
1.710235649533393598e+01
1.802610512487159866e+01
1.697024625389548547e+01
1.652087072988716443e+01
1.874625044654067807e+01
1.282311147209117408e+01
1.950339231400947071e+01
1.712779231684312720e+01
1.919939502350960581e+01
1.763021499954157179e+01
1.584745931455297807e+01
1.596875170142230083e+01
1.973264915879057924e+01
1.551342056260711999e+01
1.861330802916758387e+01
1.762515460811258450e+01
1.850081917833463052e+01
1.495032620736819950e+01
1.411685484007513125e+01
2.021185964888024955e+01
1.850370684048290215e+01
1.918124763375647035e+01
1.859849292134602194e+01
1.042158237327576842e+01
1.529407557999926226e+01
1.259481116309331838e+01
1.756488389280063345e+01
1.811351505690443275e+01
1.391335813932195897e+01
1.672646502604009555e+01
1.326179062892860117e+01
1.365005957674133086e+01
1.462971627706381561e+01
1.040579602318591057e+01
1.648799694121323967e+01
1.499135695297929871e+01
1.379927370932538366e+01
1.694874669968359271e+01
1.398195509239531553e+01
1.720806783238750270e+01
1.983984835963538274e+01
1.556879739735636825e+01
1.940111949224622734e+01
1.600605093729171813e+01
1.843906365504559020e+01
1.911537993554531312e+01
1.712423577600787894e+01
1.921245509691331321e+01
1.963919084837895568e+01
1.521268596968818443e+01
1.607795437045514575e+01
1.233151711953391860e+01
1.540907831720672405e+01
1.492563902570023870e+01
1.402885977061901990e+01
1.465416657117734012e+01
1.583680623604658422e+01
1.658768948823290046e+01
1.506705841188633421e+01
1.383420641441092869e+01
1.657508503736626437e+01
1.465075186505070448e+01
1.690972134696965412e+01
1.582555234187432092e+01
1.510953107408342433e+01
1.431881790681671518e+01
1.405747121593149451e+01
1.528210571139533158e+01
1.677116736945346531e+01
1.578438813164251719e+01
1.642948031581661184e+01
1.459767148013777671e+01
1.356127387774209048e+01
1.381583451435411192e+01
1.294102712719624648e+01
1.496760284904905092e+01
1.407326823520138781e+01
1.190352536606172862e+01
1.301437673910211501e+01
1.544354002505613899e+01
1.834630921247063640e+01
1.287130114142948933e+01
1.385215390026132987e+01
1.609851665075418836e+01
2.030055974989145895e+01
2.231661977532266050e+01
2.092077676787568308e+01
2.017352093232391752e+01
2.264532417278872245e+01
2.175972685327232625e+01
2.070257098524990624e+01
1.258289253457823520e+01
1.285020732976731850e+01
1.302367116333573449e+01
1.554678508608526144e+01
1.532159760762592171e+01
1.532736917459676462e+01
1.248622308162826400e+01
1.015375487244824448e+01
1.384110566736602621e+01
1.002189853378697038e+01
1.702793081412577081e+01
1.579306651499210723e+01
1.612999111829524779e+01
1.780141331366500879e+01
1.253031206883520987e+01
1.333984079363563424e+01
9.969680111813918444e+00
1.514474896635846335e+01
1.844314309189867984e+01
2.277246218838430281e+01
2.050518030291384974e+01
1.936801288617488126e+01
1.761757071196040769e+01
1.482104491321855910e+01
1.215827404144432755e+01
1.596442514956644132e+01
1.389560121100849877e+01
1.334123258825008307e+01
2.183044496031955362e+01
2.326323653867589769e+01
1.485544400602541870e+01
1.665227721404961159e+01
2.088884526587428780e+01
1.876583265451946403e+01
2.096088558575903704e+01
1.713413745590548487e+01
1.441388062259788327e+01
2.163781739062874010e+01
2.104314420001393415e+01
1.160915471888291961e+01
1.352924909397835762e+01
2.140716805360760588e+01
2.256196838905113822e+01
2.282257209153516797e+01
2.144881762303251449e+01
2.060623850518184241e+01
1.849244777360859260e+01
1.503221338269466401e+01
1.265841498913864882e+01
1.875197273209107607e+01
1.373709202606384849e+01
1.873429624234594471e+01
1.484701188595025911e+01
2.129179326957078544e+01
1.882152087336466195e+01
1.672455222942489783e+01
1.919239306424286440e+01
1.982214759516936553e+01
2.112117337252621496e+01
2.175451635320227339e+01
1.634343469823329542e+01
2.149901994548834594e+01
1.377223543049009891e+01
1.441418215911870249e+01
